0.3169 0.0105 -1.000000000000 0.000000000000 0.000000000000 1.3300
0.3168 0.0105 -0.996194698092 -0.087155742748 0.000000000000 1.3300
0.3168 0.0105 -0.996194698092 -0.084185982829 -0.022557566113 1.3300
0.3167 0.0105 -0.996194698092 -0.084185982829 0.022557566113 1.3300
0.3167 0.0105 -0.996194698092 -0.075479087305 -0.043577871374 1.3300
0.3167 0.0105 -0.996194698092 -0.075479087305 0.043577871374 1.3300
0.3165 0.0105 -0.996194698092 -0.061628416716 -0.061628416716 1.3300
0.3165 0.0105 -0.996194698092 -0.061628416716 0.061628416716 1.3300
0.3165 0.0105 -0.996194698092 -0.043577871374 -0.075479087305 1.3300
0.3165 0.0105 -0.996194698092 -0.043577871374 0.075479087305 1.3300
0.3163 0.0105 -0.996194698092 -0.022557566113 -0.084185982829 1.3300
0.3163 0.0105 -0.996194698092 -0.022557566113 0.084185982829 1.3300
0.3163 0.0105 -0.996194698092 0.000000000000 -0.087155742748 1.3300
0.3163 0.0105 -0.996194698092 0.000000000000 0.087155742748 1.3300
0.3163 0.0105 -0.996194698092 0.022557566113 -0.084185982829 1.3300
0.3163 0.0105 -0.996194698092 0.022557566113 0.084185982829 1.3300
0.3165 0.0105 -0.996194698092 0.043577871374 -0.075479087305 1.3300
0.3165 0.0105 -0.996194698092 0.043577871374 0.075479087305 1.3300
0.3165 0.0105 -0.996194698092 0.061628416716 -0.061628416716 1.3300
0.3165 0.0105 -0.996194698092 0.061628416716 0.061628416716 1.3300
0.3167 0.0105 -0.996194698092 0.075479087305 -0.043577871374 1.3300
0.3167 0.0105 -0.996194698092 0.075479087305 0.043577871374 1.3300
0.3167 0.0105 -0.996194698092 0.084185982829 -0.022557566113 1.3300
0.3168 0.0105 -0.996194698092 0.084185982829 0.022557566113 1.3300
0.3168 0.0105 -0.996194698092 0.087155742748 0.000000000000 1.3300
0.3164 0.0105 -0.984807753012 -0.173648177667 0.000000000000 1.3300
0.3164 0.0105 -0.984807753012 -0.167731259497 -0.044943455528 1.3300
0.3161 0.0105 -0.984807753012 -0.167731259497 0.044943455528 1.3300
0.3162 0.0105 -0.984807753012 -0.150383733180 -0.086824088833 1.3300
0.3162 0.0105 -0.984807753012 -0.150383733180 0.086824088833 1.3300
0.3153 0.0105 -0.984807753012 -0.122787803969 -0.122787803969 1.3300
0.3152 0.0105 -0.984807753012 -0.122787803969 0.122787803969 1.3300
0.3153 0.0105 -0.984807753012 -0.086824088833 -0.150383733180 1.3300
0.3152 0.0105 -0.984807753012 -0.086824088833 0.150383733180 1.3300
0.3146 0.0105 -0.984807753012 -0.044943455528 -0.167731259497 1.3300
0.3145 0.0105 -0.984807753012 -0.044943455528 0.167731259497 1.3300
0.3146 0.0105 -0.984807753012 0.000000000000 0.173648177667 1.3300
0.3145 0.0105 -0.984807753012 0.000000014675 -0.173648177667 1.3300
0.3144 0.0105 -0.984807753012 0.044943455528 -0.167731259497 1.3300
0.3146 0.0105 -0.984807753012 0.044943455528 0.167731259497 1.3300
0.3152 0.0105 -0.984807753012 0.086824088833 -0.150383733180 1.3300
0.3153 0.0105 -0.984807753012 0.086824088833 0.150383733180 1.3300
0.3152 0.0105 -0.984807753012 0.122787803969 -0.122787803969 1.3300
0.3152 0.0105 -0.984807753012 0.122787803969 0.122787803969 1.3300
0.3162 0.0105 -0.984807753012 0.150383733180 -0.086824088833 1.3300
0.3162 0.0105 -0.984807753012 0.150383733180 0.086824088833 1.3300
0.3161 0.0105 -0.984807753012 0.167731259497 -0.044943455528 1.3300
0.3164 0.0105 -0.984807753012 0.167731259497 0.044943455528 1.3300
0.3164 0.0105 -0.984807753012 0.173648177667 0.000000000000 1.3300
0.3159 0.0105 -0.965925826289 -0.258819045103 0.000000000000 1.3300
0.3157 0.0105 -0.965925826289 -0.250000000000 -0.066987298108 1.3300
0.3152 0.0105 -0.965925826289 -0.250000000000 0.066987298108 1.3300
0.3154 0.0105 -0.965925826289 -0.224143868042 -0.129409522551 1.3300
0.3153 0.0105 -0.965925826289 -0.224143868042 0.129409522551 1.3300
0.3133 0.0105 -0.965925826289 -0.183012701892 -0.183012701892 1.3300
0.3131 0.0105 -0.965925826289 -0.183012701892 0.183012701892 1.3300
0.3133 0.0105 -0.965925826289 -0.129409522551 -0.224143868042 1.3300
0.3131 0.0105 -0.965925826289 -0.129409522551 0.224143868042 1.3300
0.3118 0.0105 -0.965925826289 -0.066987298108 -0.250000000000 1.3300
0.3115 0.0105 -0.965925826289 -0.066987298108 0.250000000000 1.3300
0.3117 0.0105 -0.965925826289 0.000000000000 -0.258819045103 1.3300
0.3118 0.0105 -0.965925826289 0.000000000000 0.258819045103 1.3300
0.3114 0.0105 -0.965925826289 0.066987298108 -0.250000000000 1.3300
0.3118 0.0105 -0.965925826289 0.066987298108 0.250000000000 1.3300
0.3131 0.0105 -0.965925826289 0.129409522551 -0.224143868042 1.3300
0.3133 0.0105 -0.965925826289 0.129409522551 0.224143868042 1.3300
0.3132 0.0105 -0.965925826289 0.183012701892 -0.183012701892 1.3300
0.3132 0.0105 -0.965925826289 0.183012701892 0.183012701892 1.3300
0.3153 0.0105 -0.965925826289 0.224143868042 -0.129409522551 1.3300
0.3154 0.0105 -0.965925826289 0.224143868042 0.129409522551 1.3300
0.3152 0.0105 -0.965925826289 0.250000000000 -0.066987298108 1.3300
0.3157 0.0105 -0.965925826289 0.250000000000 0.066987298108 1.3300
0.3158 0.0105 -0.965925826289 0.258819045103 0.000000000000 1.3300
0.3151 0.0105 -0.939692620786 -0.342020143326 0.000000000000 1.3300
0.3148 0.0105 -0.939692620786 -0.330366089549 -0.088521326901 1.3300
0.3139 0.0105 -0.939692620786 -0.330366089549 0.088521326901 1.3300
0.3143 0.0105 -0.939692620786 -0.296198132726 -0.171010071663 1.3300
0.3141 0.0105 -0.939692620786 -0.296198132726 0.171010071663 1.3300
0.3105 0.0105 -0.939692620786 -0.241844762648 -0.241844762648 1.3300
0.3103 0.0105 -0.939692620786 -0.241844762648 0.241844762648 1.3300
0.3106 0.0105 -0.939692620786 -0.171010071663 -0.296198132726 1.3300
0.3102 0.0105 -0.939692620786 -0.171010071663 0.296198132726 1.3300
0.3080 0.0105 -0.939692620786 -0.088521326901 -0.330366089549 1.3300
0.3074 0.0105 -0.939692620786 -0.088521326901 0.330366089549 1.3300
0.3078 0.0105 -0.939692620786 0.000000000000 -0.342020143326 1.3300
0.3079 0.0105 -0.939692620786 0.000000000000 0.342020143326 1.3300
0.3074 0.0105 -0.939692620786 0.088521326901 -0.330366089549 1.3300
0.3080 0.0105 -0.939692620786 0.088521326901 0.330366089549 1.3300
0.3102 0.0105 -0.939692620786 0.171010071663 -0.296198132726 1.3300
0.3106 0.0105 -0.939692620786 0.171010071663 0.296198132726 1.3300
0.3104 0.0105 -0.939692620786 0.241844762648 -0.241844762648 1.3300
0.3105 0.0105 -0.939692620786 0.241844762648 0.241844762648 1.3300
0.3141 0.0105 -0.939692620786 0.296198132726 -0.171010071663 1.3300
0.3143 0.0105 -0.939692620786 0.296198132726 0.171010071663 1.3300
0.3140 0.0105 -0.939692620786 0.330366089549 -0.088521326901 1.3300
0.3148 0.0105 -0.939692620786 0.330366089549 0.088521326901 1.3300
0.3151 0.0105 -0.939692620786 0.342020143326 0.000000000000 1.3300
0.3141 0.0105 -0.906307787037 -0.422618261741 0.000000000000 1.3300
0.3137 0.0105 -0.906307787037 -0.408217893677 -0.109381654947 1.3300
0.3124 0.0105 -0.906307787037 -0.408217893677 0.109381654947 1.3300
0.3130 0.0105 -0.906307787037 -0.365998150771 -0.211309130870 1.3300
0.3126 0.0105 -0.906307787037 -0.365998150771 0.211309130870 1.3300
0.3072 0.0105 -0.906307787037 -0.298836238730 -0.298836238730 1.3300
0.3068 0.0105 -0.906307787037 -0.298836238730 0.298836238730 1.3300
0.3073 0.0105 -0.906307787037 -0.211309130870 -0.365998150771 1.3300
0.3067 0.0105 -0.906307787037 -0.211309130870 0.365998150771 1.3300
0.3033 0.0105 -0.906307787037 -0.109381654947 -0.408217893677 1.3300
0.3024 0.0105 -0.906307787037 -0.109381654947 0.408217893677 1.3300
0.3031 0.0105 -0.906307787037 0.000000000000 0.422618261741 1.3300
0.3030 0.0105 -0.906307787037 0.000000013505 -0.422618261741 1.3300
0.3023 0.0105 -0.906307787037 0.109381654947 -0.408217893677 1.3300
0.3034 0.0105 -0.906307787037 0.109381654947 0.408217893677 1.3300
0.3067 0.0105 -0.906307787037 0.211309130870 -0.365998150771 1.3300
0.3072 0.0105 -0.906307787037 0.211309130870 0.365998150771 1.3300
0.3069 0.0105 -0.906307787037 0.298836238730 -0.298836238730 1.3300
0.3071 0.0105 -0.906307787037 0.298836238730 0.298836238730 1.3300
0.3127 0.0105 -0.906307787037 0.365998150771 -0.211309130870 1.3300
0.3130 0.0105 -0.906307787037 0.365998150771 0.211309130870 1.3300
0.3124 0.0105 -0.906307787037 0.408217893677 -0.109381654947 1.3300
0.3137 0.0105 -0.906307787037 0.408217893677 0.109381654947 1.3300
0.3141 0.0105 -0.906307787037 0.422618261741 0.000000000000 1.3300
0.3130 0.0105 -0.866025403784 -0.500000000000 0.000000000000 1.3300
0.3124 0.0105 -0.866025403784 -0.482962913145 -0.129409522551 1.3300
0.3105 0.0105 -0.866025403784 -0.482962913145 0.129409522551 1.3300
0.3114 0.0105 -0.866025403784 -0.433012701892 -0.250000000000 1.3300
0.3109 0.0105 -0.866025403784 -0.433012701892 0.250000000000 1.3300
0.3033 0.0105 -0.866025403784 -0.353553390593 -0.353553390593 1.3300
0.3028 0.0105 -0.866025403784 -0.353553390593 0.353553390593 1.3300
0.3035 0.0105 -0.866025403784 -0.250000000000 -0.433012701892 1.3300
0.3026 0.0105 -0.866025403784 -0.250000000000 0.433012701892 1.3300
0.2979 0.0105 -0.866025403784 -0.129409522551 -0.482962913145 1.3300
0.2966 0.0105 -0.866025403784 -0.129409522551 0.482962913145 1.3300
0.2976 0.0105 -0.866025403784 0.000000000000 0.500000000000 1.3300
0.2974 0.0105 -0.866025403784 0.000000012905 -0.500000000000 1.3300
0.2965 0.0105 -0.866025403784 0.129409522551 -0.482962913145 1.3300
0.2979 0.0105 -0.866025403784 0.129409522551 0.482962913145 1.3300
0.3026 0.0105 -0.866025403784 0.250000000000 -0.433012701892 1.3300
0.3034 0.0105 -0.866025403784 0.250000000000 0.433012701892 1.3300
0.3029 0.0105 -0.866025403784 0.353553390593 -0.353553390593 1.3300
0.3032 0.0105 -0.866025403784 0.353553390593 0.353553390593 1.3300
0.3110 0.0105 -0.866025403784 0.433012701892 -0.250000000000 1.3300
0.3114 0.0105 -0.866025403784 0.433012701892 0.250000000000 1.3300
0.3106 0.0105 -0.866025403784 0.482962913145 -0.129409522551 1.3300
0.3124 0.0105 -0.866025403784 0.482962913145 0.129409522551 1.3300
0.3130 0.0105 -0.866025403784 0.500000000000 0.000000000000 1.3300
0.3117 0.0105 -0.819152044289 -0.573576436351 0.000000000000 1.3300
0.3110 0.0105 -0.819152044289 -0.554032293222 -0.148452505550 1.3300
0.3085 0.0105 -0.819152044289 -0.554032293222 0.148452505550 1.3300
0.3097 0.0105 -0.819152044289 -0.496731764892 -0.286788218176 1.3300
0.3090 0.0105 -0.819152044289 -0.496731764892 0.286788218176 1.3300
0.2990 0.0105 -0.819152044289 -0.405579787673 -0.405579787673 1.3300
0.2984 0.0105 -0.819152044289 -0.405579787673 0.405579787673 1.3300
0.2992 0.0105 -0.819152044289 -0.286788218176 -0.496731764892 1.3300
0.2981 0.0105 -0.819152044289 -0.286788218176 0.496731764892 1.3300
0.2918 0.0105 -0.819152044289 -0.148452505550 -0.554032293222 1.3300
0.2902 0.0105 -0.819152044289 -0.148452505550 0.554032293222 1.3300
0.2913 0.0105 -0.819152044289 0.000000000000 -0.573576436351 1.3300
0.2915 0.0105 -0.819152044289 0.000000000000 0.573576436351 1.3300
0.2901 0.0105 -0.819152044289 0.148452505550 -0.554032293222 1.3300
0.2919 0.0105 -0.819152044289 0.148452505550 0.554032293222 1.3300
0.2981 0.0105 -0.819152044289 0.286788218176 -0.496731764892 1.3300
0.2991 0.0105 -0.819152044289 0.286788218176 0.496731764892 1.3300
0.2985 0.0105 -0.819152044289 0.405579787673 -0.405579787673 1.3300
0.2989 0.0105 -0.819152044289 0.405579787673 0.405579787673 1.3300
0.3091 0.0105 -0.819152044289 0.496731764892 -0.286788218176 1.3300
0.3097 0.0105 -0.819152044289 0.496731764892 0.286788218176 1.3300
0.3086 0.0105 -0.819152044289 0.554032293222 -0.148452505550 1.3300
0.3110 0.0105 -0.819152044289 0.554032293222 0.148452505550 1.3300
0.3117 0.0105 -0.819152044289 0.573576436351 0.000000000000 1.3300
0.3104 0.0105 -0.766044443119 -0.642787609687 0.000000000000 1.3300
0.3095 0.0105 -0.766044443119 -0.620885153015 -0.166365675343 1.3300
0.3064 0.0105 -0.766044443119 -0.620885153015 0.166365675343 1.3300
0.3079 0.0105 -0.766044443119 -0.556670399226 -0.321393804843 1.3300
0.3070 0.0105 -0.766044443119 -0.556670399226 0.321393804843 1.3300
0.2944 0.0105 -0.766044443119 -0.454519477672 -0.454519477672 1.3300
0.2936 0.0105 -0.766044443119 -0.454519477672 0.454519477672 1.3300
0.2947 0.0105 -0.766044443119 -0.321393804843 -0.556670399226 1.3300
0.2933 0.0105 -0.766044443119 -0.321393804843 0.556670399226 1.3300
0.2854 0.0105 -0.766044443119 -0.166365675343 -0.620885153015 1.3300
0.2834 0.0105 -0.766044443119 -0.166365675343 0.620885153015 1.3300
0.2848 0.0105 -0.766044443119 0.000000000000 -0.642787609687 1.3300
0.2850 0.0105 -0.766044443119 0.000000000000 0.642787609687 1.3300
0.2833 0.0105 -0.766044443119 0.166365675343 -0.620885153015 1.3300
0.2855 0.0105 -0.766044443119 0.166365675343 0.620885153015 1.3300
0.2933 0.0105 -0.766044443119 0.321393804843 -0.556670399226 1.3300
0.2946 0.0105 -0.766044443119 0.321393804843 0.556670399226 1.3300
0.2938 0.0105 -0.766044443119 0.454519477672 -0.454519477672 1.3300
0.2942 0.0105 -0.766044443119 0.454519477672 0.454519477672 1.3300
0.3071 0.0105 -0.766044443119 0.556670399226 -0.321393804843 1.3300
0.3078 0.0105 -0.766044443119 0.556670399226 0.321393804843 1.3300
0.3065 0.0105 -0.766044443119 0.620885153015 -0.166365675343 1.3300
0.3095 0.0105 -0.766044443119 0.620885153015 0.166365675343 1.3300
0.3104 0.0105 -0.766044443119 0.642787609687 0.000000000000 1.3300
0.3091 0.0105 -0.707106781187 -0.707106781187 0.000000000000 1.3300
0.3079 0.0105 -0.707106781187 -0.683012701892 -0.183012701892 1.3300
0.3042 0.0105 -0.707106781187 -0.683012701892 0.183012701892 1.3300
0.3060 0.0105 -0.707106781187 -0.612372435696 -0.353553390593 1.3300
0.3050 0.0105 -0.707106781187 -0.612372435696 0.353553390593 1.3300
0.2896 0.0105 -0.707106781187 -0.500000000000 -0.500000000000 1.3300
0.2888 0.0105 -0.707106781187 -0.500000000000 0.500000000000 1.3300
0.2900 0.0105 -0.707106781187 -0.353553390593 -0.612372435696 1.3300
0.2883 0.0105 -0.707106781187 -0.353553390593 0.612372435696 1.3300
0.2788 0.0105 -0.707106781187 -0.183012701892 -0.683012701892 1.3300
0.2763 0.0105 -0.707106781187 -0.183012701892 0.683012701892 1.3300
0.2783 0.0105 -0.707106781187 0.000000000000 0.707106781187 1.3300
0.2781 0.0105 -0.707106781187 0.000000010537 -0.707106781187 1.3300
0.2762 0.0105 -0.707106781187 0.183012701892 -0.683012701892 1.3300
0.2789 0.0105 -0.707106781187 0.183012701892 0.683012701892 1.3300
0.2884 0.0105 -0.707106781187 0.353553390593 -0.612372435696 1.3300
0.2899 0.0105 -0.707106781187 0.353553390593 0.612372435696 1.3300
0.2889 0.0105 -0.707106781187 0.500000000000 -0.500000000000 1.3300
0.2895 0.0105 -0.707106781187 0.500000000000 0.500000000000 1.3300
0.3050 0.0105 -0.707106781187 0.612372435696 -0.353553390593 1.3300
0.3059 0.0105 -0.707106781187 0.612372435696 0.353553390593 1.3300
0.3043 0.0105 -0.707106781187 0.683012701892 -0.183012701892 1.3300
0.3080 0.0105 -0.707106781187 0.683012701892 0.183012701892 1.3300
0.3090 0.0105 -0.707106781187 0.707106781187 0.000000000000 1.3300
0.3077 0.0105 -0.642787609687 -0.766044443119 0.000000000000 1.3300
0.3064 0.0105 -0.642787609687 -0.739942111694 -0.198266891274 1.3300
0.3020 0.0105 -0.642787609687 -0.739942111694 0.198266891274 1.3300
0.3040 0.0105 -0.642787609687 -0.663413948169 -0.383022221559 1.3300
0.3029 0.0105 -0.642787609687 -0.663413948169 0.383022221559 1.3300
0.2849 0.0105 -0.642787609687 -0.541675220420 -0.541675220420 1.3300
0.2839 0.0105 -0.642787609687 -0.541675220420 0.541675220420 1.3300
0.2854 0.0105 -0.642787609687 -0.383022221559 -0.663413948169 1.3300
0.2834 0.0105 -0.642787609687 -0.383022221559 0.663413948169 1.3300
0.2722 0.0105 -0.642787609687 -0.198266891274 -0.739942111694 1.3300
0.2693 0.0105 -0.642787609687 -0.198266891274 0.739942111694 1.3300
0.2713 0.0105 -0.642787609687 0.000000000000 -0.766044443119 1.3300
0.2715 0.0105 -0.642787609687 0.000000009578 0.766044443119 1.3300
0.2691 0.0105 -0.642787609687 0.198266891274 -0.739942111694 1.3300
0.2723 0.0105 -0.642787609687 0.198266891274 0.739942111694 1.3300
0.2834 0.0105 -0.642787609687 0.383022221559 -0.663413948169 1.3300
0.2852 0.0105 -0.642787609687 0.383022221559 0.663413948169 1.3300
0.2840 0.0105 -0.642787609687 0.541675220420 -0.541675220420 1.3300
0.2847 0.0105 -0.642787609687 0.541675220420 0.541675220420 1.3300
0.3029 0.0105 -0.642787609687 0.663413948169 -0.383022221559 1.3300
0.3040 0.0105 -0.642787609687 0.663413948169 0.383022221559 1.3300
0.3020 0.0105 -0.642787609687 0.739942111694 -0.198266891274 1.3300
0.3064 0.0105 -0.642787609687 0.739942111694 0.198266891274 1.3300
0.3077 0.0105 -0.642787609687 0.766044443119 0.000000000000 1.3300
0.3064 0.0105 -0.573576436351 -0.819152044289 0.000000000000 1.3300
0.3049 0.0105 -0.573576436351 -0.791240115236 -0.212012149897 1.3300
0.2999 0.0105 -0.573576436351 -0.791240115236 0.212012149897 1.3300
0.3022 0.0105 -0.573576436351 -0.709406479916 -0.409576022144 1.3300
0.3009 0.0105 -0.573576436351 -0.709406479916 0.409576022144 1.3300
0.2803 0.0105 -0.573576436351 -0.579227965340 -0.579227965340 1.3300
0.2792 0.0105 -0.573576436351 -0.579227965340 0.579227965340 1.3300
0.2808 0.0105 -0.573576436351 -0.409576022144 -0.709406479916 1.3300
0.2786 0.0105 -0.573576436351 -0.409576022144 0.709406479916 1.3300
0.2658 0.0105 -0.573576436351 -0.212012149897 -0.791240115236 1.3300
0.2624 0.0105 -0.573576436351 -0.212012149897 0.791240115236 1.3300
0.2648 0.0105 -0.573576436351 0.000000000000 -0.819152044289 1.3300
0.2650 0.0105 -0.573576436351 0.000000000000 0.819152044289 1.3300
0.2623 0.0105 -0.573576436351 0.212012149897 -0.791240115236 1.3300
0.2659 0.0105 -0.573576436351 0.212012149897 0.791240115236 1.3300
0.2786 0.0105 -0.573576436351 0.409576022144 -0.709406479916 1.3300
0.2807 0.0105 -0.573576436351 0.409576022144 0.709406479916 1.3300
0.2793 0.0105 -0.573576436351 0.579227965340 -0.579227965340 1.3300
0.2801 0.0105 -0.573576436351 0.579227965340 0.579227965340 1.3300
0.3009 0.0105 -0.573576436351 0.709406479916 -0.409576022144 1.3300
0.3022 0.0105 -0.573576436351 0.709406479916 0.409576022144 1.3300
0.2999 0.0105 -0.573576436351 0.791240115236 -0.212012149897 1.3300
0.3049 0.0105 -0.573576436351 0.791240115236 0.212012149897 1.3300
0.3063 0.0105 -0.573576436351 0.819152044289 0.000000000000 1.3300
0.3051 0.0105 -0.500000000000 -0.866025403784 0.000000000000 1.3300
0.3035 0.0105 -0.500000000000 -0.836516303738 -0.224143868042 1.3300
0.2979 0.0105 -0.500000000000 -0.836516303738 0.224143868042 1.3300
0.3005 0.0105 -0.500000000000 -0.750000000000 -0.433012701892 1.3300
0.2990 0.0105 -0.500000000000 -0.750000000000 0.433012701892 1.3300
0.2759 0.0105 -0.500000000000 -0.612372435696 -0.612372435696 1.3300
0.2747 0.0105 -0.500000000000 -0.612372435696 0.612372435696 1.3300
0.2766 0.0105 -0.500000000000 -0.433012701892 -0.750000000000 1.3300
0.2740 0.0105 -0.500000000000 -0.433012701892 0.750000000000 1.3300
0.2598 0.0105 -0.500000000000 -0.224143868042 -0.836516303738 1.3300
0.2560 0.0105 -0.500000000000 -0.224143868042 0.836516303738 1.3300
0.2587 0.0105 -0.500000000000 0.000000000000 -0.866025403784 1.3300
0.2589 0.0105 -0.500000000000 0.000000000000 0.866025403784 1.3300
0.2559 0.0105 -0.500000000000 0.224143868042 -0.836516303738 1.3300
0.2599 0.0105 -0.500000000000 0.224143868042 0.836516303738 1.3300
0.2741 0.0105 -0.500000000000 0.433012701892 -0.750000000000 1.3300
0.2764 0.0105 -0.500000000000 0.433012701892 0.750000000000 1.3300
0.2748 0.0105 -0.500000000000 0.612372435696 -0.612372435696 1.3300
0.2758 0.0105 -0.500000000000 0.612372435696 0.612372435696 1.3300
0.2990 0.0105 -0.500000000000 0.750000000000 -0.433012701892 1.3300
0.3004 0.0105 -0.500000000000 0.750000000000 0.433012701892 1.3300
0.2979 0.0105 -0.500000000000 0.836516303738 -0.224143868042 1.3300
0.3035 0.0105 -0.500000000000 0.836516303738 0.224143868042 1.3300
0.3051 0.0105 -0.500000000000 0.866025403784 0.000000000000 1.3300
0.3040 0.0105 -0.422618261741 -0.906307787037 0.000000000000 1.3300
0.3022 0.0105 -0.422618261741 -0.875426098066 -0.234569716010 1.3300
0.2961 0.0105 -0.422618261741 -0.875426098066 0.234569716010 1.3300
0.2989 0.0105 -0.422618261741 -0.784885567221 -0.453153893518 1.3300
0.2973 0.0105 -0.422618261741 -0.784885567221 0.453153893518 1.3300
0.2720 0.0105 -0.422618261741 -0.640856382056 -0.640856382056 1.3300
0.2707 0.0105 -0.422618261741 -0.640856382056 0.640856382056 1.3300
0.2727 0.0105 -0.422618261741 -0.453153893518 -0.784885567221 1.3300
0.2700 0.0105 -0.422618261741 -0.453153893518 0.784885567221 1.3300
0.2544 0.0105 -0.422618261741 -0.234569716010 -0.875426098066 1.3300
0.2502 0.0105 -0.422618261741 -0.234569716010 0.875426098066 1.3300
0.2532 0.0105 -0.422618261741 0.000000000000 -0.906307787037 1.3300
0.2533 0.0105 -0.422618261741 0.000000000000 0.906307787037 1.3300
0.2501 0.0105 -0.422618261741 0.234569716010 -0.875426098066 1.3300
0.2545 0.0105 -0.422618261741 0.234569716010 0.875426098066 1.3300
0.2700 0.0105 -0.422618261741 0.453153893518 -0.784885567221 1.3300
0.2726 0.0105 -0.422618261741 0.453153893518 0.784885567221 1.3300
0.2708 0.0105 -0.422618261741 0.640856382056 -0.640856382056 1.3300
0.2719 0.0105 -0.422618261741 0.640856382056 0.640856382056 1.3300
0.2973 0.0105 -0.422618261741 0.784885567221 -0.453153893518 1.3300
0.2989 0.0105 -0.422618261741 0.784885567221 0.453153893518 1.3300
0.2961 0.0105 -0.422618261741 0.875426098066 -0.234569716010 1.3300
0.3022 0.0105 -0.422618261741 0.875426098066 0.234569716010 1.3300
0.3040 0.0105 -0.422618261741 0.906307787037 0.000000000000 1.3300
0.3030 0.0105 -0.342020143326 -0.939692620786 0.000000000000 1.3300
0.3011 0.0105 -0.342020143326 -0.907673371190 -0.243210346802 1.3300
0.2945 0.0105 -0.342020143326 -0.907673371190 0.243210346802 1.3300
0.2975 0.0105 -0.342020143326 -0.813797681349 -0.469846310393 1.3300
0.2958 0.0105 -0.342020143326 -0.813797681349 0.469846310393 1.3300
0.2686 0.0105 -0.342020143326 -0.664463024389 -0.664463024389 1.3300
0.2673 0.0105 -0.342020143326 -0.664463024389 0.664463024389 1.3300
0.2694 0.0105 -0.342020143326 -0.469846310393 -0.813797681349 1.3300
0.2664 0.0105 -0.342020143326 -0.469846310393 0.813797681349 1.3300
0.2497 0.0105 -0.342020143326 -0.243210346802 -0.907673371190 1.3300
0.2452 0.0105 -0.342020143326 -0.243210346802 0.907673371190 1.3300
0.2484 0.0105 -0.342020143326 0.000000000000 -0.939692620786 1.3300
0.2485 0.0105 -0.342020143326 0.000000000000 0.939692620786 1.3300
0.2451 0.0105 -0.342020143326 0.243210346802 -0.907673371190 1.3300
0.2498 0.0105 -0.342020143326 0.243210346802 0.907673371190 1.3300
0.2665 0.0105 -0.342020143326 0.469846310393 -0.813797681349 1.3300
0.2693 0.0105 -0.342020143326 0.469846310393 0.813797681349 1.3300
0.2673 0.0105 -0.342020143326 0.664463024389 -0.664463024389 1.3300
0.2686 0.0105 -0.342020143326 0.664463024389 0.664463024389 1.3300
0.2959 0.0105 -0.342020143326 0.813797681349 -0.469846310393 1.3300
0.2975 0.0105 -0.342020143326 0.813797681349 0.469846310393 1.3300
0.2945 0.0105 -0.342020143326 0.907673371190 -0.243210346802 1.3300
0.3011 0.0105 -0.342020143326 0.907673371190 0.243210346802 1.3300
0.3030 0.0105 -0.342020143326 0.939692620786 0.000000000000 1.3300
0.3022 0.0105 -0.258819045103 -0.965925826289 0.000000000000 1.3300
0.3002 0.0105 -0.258819045103 -0.933012701892 -0.250000000000 1.3300
0.2932 0.0105 -0.258819045103 -0.933012701892 0.250000000000 1.3300
0.2964 0.0105 -0.258819045103 -0.836516303738 -0.482962913145 1.3300
0.2946 0.0105 -0.258819045103 -0.836516303738 0.482962913145 1.3300
0.2659 0.0105 -0.258819045103 -0.683012701892 -0.683012701892 1.3300
0.2645 0.0105 -0.258819045103 -0.683012701892 0.683012701892 1.3300
0.2667 0.0105 -0.258819045103 -0.482962913145 -0.836516303738 1.3300
0.2636 0.0105 -0.258819045103 -0.482962913145 0.836516303738 1.3300
0.2459 0.0105 -0.258819045103 -0.250000000000 -0.933012701892 1.3300
0.2411 0.0105 -0.258819045103 -0.250000000000 0.933012701892 1.3300
0.2446 0.0105 -0.258819045103 -0.000000000000 -0.965925826289 1.3300
0.2447 0.0105 -0.258819045103 0.000000000000 0.965925826289 1.3300
0.2410 0.0105 -0.258819045103 0.250000000000 -0.933012701892 1.3300
0.2460 0.0105 -0.258819045103 0.250000000000 0.933012701892 1.3300
0.2636 0.0105 -0.258819045103 0.482962913145 -0.836516303738 1.3300
0.2666 0.0105 -0.258819045103 0.482962913145 0.836516303738 1.3300
0.2645 0.0105 -0.258819045103 0.683012701892 -0.683012701892 1.3300
0.2658 0.0105 -0.258819045103 0.683012701892 0.683012701892 1.3300
0.2947 0.0105 -0.258819045103 0.836516303738 -0.482962913145 1.3300
0.2964 0.0105 -0.258819045103 0.836516303738 0.482962913145 1.3300
0.2933 0.0105 -0.258819045103 0.933012701892 -0.250000000000 1.3300
0.3002 0.0105 -0.258819045103 0.933012701892 0.250000000000 1.3300
0.3022 0.0105 -0.258819045103 0.965925826289 0.000000000000 1.3300
0.3017 0.0105 -0.173648177667 -0.984807753012 0.000000000000 1.3300
0.2995 0.0105 -0.173648177667 -0.951251242564 -0.254887002244 1.3300
0.2923 0.0105 -0.173648177667 -0.951251242564 0.254887002244 1.3300
0.2956 0.0105 -0.173648177667 -0.852868531952 -0.492403876506 1.3300
0.2938 0.0105 -0.173648177667 -0.852868531952 0.492403876506 1.3300
0.2639 0.0105 -0.173648177667 -0.696364240320 -0.696364240320 1.3300
0.2624 0.0105 -0.173648177667 -0.696364240320 0.696364240320 1.3300
0.2647 0.0105 -0.173648177667 -0.492403876506 -0.852868531952 1.3300
0.2615 0.0105 -0.173648177667 -0.492403876506 0.852868531952 1.3300
0.2432 0.0105 -0.173648177667 -0.254887002244 -0.951251242564 1.3300
0.2381 0.0105 -0.173648177667 -0.254887002244 0.951251242564 1.3300
0.2417 0.0105 -0.173648177667 -0.000000002588 -0.984807753012 1.3300
0.2418 0.0105 -0.173648177667 0.000000000000 0.984807753012 1.3300
0.2380 0.0105 -0.173648177667 0.254887002244 -0.951251242564 1.3300
0.2432 0.0105 -0.173648177667 0.254887002244 0.951251242564 1.3300
0.2615 0.0105 -0.173648177667 0.492403876506 -0.852868531952 1.3300
0.2646 0.0105 -0.173648177667 0.492403876506 0.852868531952 1.3300
0.2624 0.0105 -0.173648177667 0.696364240320 -0.696364240320 1.3300
0.2638 0.0105 -0.173648177667 0.696364240320 0.696364240320 1.3300
0.2938 0.0105 -0.173648177667 0.852868531952 -0.492403876506 1.3300
0.2956 0.0105 -0.173648177667 0.852868531952 0.492403876506 1.3300
0.2923 0.0105 -0.173648177667 0.951251242564 -0.254887002244 1.3300
0.2996 0.0105 -0.173648177667 0.951251242564 0.254887002244 1.3300
0.3017 0.0105 -0.173648177667 0.984807753012 0.000000000000 1.3300
0.3013 0.0105 -0.087155742748 -0.996194698092 0.000000000000 1.3300
0.2991 0.0105 -0.087155742748 -0.962250186899 -0.257834160496 1.3300
0.2917 0.0105 -0.087155742748 -0.962250186899 0.257834160496 1.3300
0.2951 0.0105 -0.087155742748 -0.862729915663 -0.498097349046 1.3300
0.2932 0.0105 -0.087155742748 -0.862729915663 0.498097349046 1.3300
0.2626 0.0105 -0.087155742748 -0.704416026403 -0.704416026403 1.3300
0.2611 0.0105 -0.087155742748 -0.704416026403 0.704416026403 1.3300
0.2635 0.0105 -0.087155742748 -0.498097349046 -0.862729915663 1.3300
0.2602 0.0105 -0.087155742748 -0.498097349046 0.862729915663 1.3300
0.2414 0.0105 -0.087155742748 -0.257834160496 -0.962250186899 1.3300
0.2362 0.0105 -0.087155742748 -0.257834160496 0.962250186899 1.3300
0.2400 0.0105 -0.087155742748 -0.000000001299 -0.996194698092 1.3300
0.2400 0.0105 -0.087155742748 0.000000000000 0.996194698092 1.3300
0.2362 0.0105 -0.087155742748 0.257834160496 -0.962250186899 1.3300
0.2415 0.0105 -0.087155742748 0.257834160496 0.962250186899 1.3300
0.2602 0.0105 -0.087155742748 0.498097349046 -0.862729915663 1.3300
0.2634 0.0105 -0.087155742748 0.498097349046 0.862729915663 1.3300
0.2612 0.0105 -0.087155742748 0.704416026403 -0.704416026403 1.3300
0.2626 0.0105 -0.087155742748 0.704416026403 0.704416026403 1.3300
0.2932 0.0105 -0.087155742748 0.862729915663 -0.498097349046 1.3300
0.2951 0.0105 -0.087155742748 0.862729915663 0.498097349046 1.3300
0.2917 0.0105 -0.087155742748 0.962250186899 -0.257834160496 1.3300
0.2992 0.0105 -0.087155742748 0.962250186899 0.257834160496 1.3300
0.3013 0.0105 -0.087155742748 0.996194698092 0.000000000000 1.3300
0.3012 0.0105 0.000000000000 -1.000000000000 0.000000000000 1.3300
0.2990 0.0105 0.000000000000 -0.965925826289 -0.258819045103 1.3300
0.2916 0.0105 0.000000000000 -0.965925826289 0.258819045103 1.3300
0.2950 0.0105 0.000000000000 -0.866025403784 -0.500000000000 1.3300
0.2931 0.0105 0.000000000000 -0.866025403784 0.500000000000 1.3300
0.2622 0.0105 0.000000000000 -0.707106781187 -0.707106781187 1.3300
0.2607 0.0105 0.000000000000 -0.707106781187 0.707106781187 1.3300
0.2630 0.0105 0.000000000000 -0.500000000000 -0.866025403784 1.3300
0.2598 0.0105 0.000000000000 -0.500000000000 0.866025403784 1.3300
0.2409 0.0105 0.000000000000 -0.258819045103 -0.965925826289 1.3300
0.2356 0.0105 0.000000000000 -0.258819045103 0.965925826289 1.3300
0.2394 0.0105 0.000000000000 0.000000000000 -1.000000000000 1.3300
0.2394 0.0105 -0.000000000000 0.000000000000 1.000000000000 1.3300
0.2356 0.0105 0.000000000000 0.258819045103 -0.965925826289 1.3300
0.2409 0.0105 0.000000000000 0.258819045103 0.965925826289 1.3300
0.2598 0.0105 0.000000000000 0.500000000000 -0.866025403784 1.3300
0.2630 0.0105 0.000000000000 0.500000000000 0.866025403784 1.3300
0.2607 0.0105 0.000000000000 0.707106781187 -0.707106781187 1.3300
0.2622 0.0105 0.000000000000 0.707106781187 0.707106781187 1.3300
0.2931 0.0105 0.000000000000 0.866025403784 -0.500000000000 1.3300
0.2950 0.0105 0.000000000000 0.866025403784 0.500000000000 1.3300
0.2916 0.0105 0.000000000000 0.965925826289 -0.258819045103 1.3300
0.2990 0.0105 0.000000000000 0.965925826289 0.258819045103 1.3300
0.3012 0.0105 0.000000000000 1.000000000000 0.000000000000 1.3300
0.3013 0.0105 0.087155742748 -0.996194698092 0.000000000000 1.3300
0.2992 0.0105 0.087155742748 -0.962250186899 -0.257834160496 1.3300
0.2917 0.0105 0.087155742748 -0.962250186899 0.257834160496 1.3300
0.2951 0.0105 0.087155742748 -0.862729915663 -0.498097349046 1.3300
0.2932 0.0105 0.087155742748 -0.862729915663 0.498097349046 1.3300
0.2626 0.0105 0.087155742748 -0.704416026403 -0.704416026403 1.3300
0.2612 0.0105 0.087155742748 -0.704416026403 0.704416026403 1.3300
0.2634 0.0105 0.087155742748 -0.498097349046 -0.862729915663 1.3300
0.2602 0.0105 0.087155742748 -0.498097349046 0.862729915663 1.3300
0.2415 0.0105 0.087155742748 -0.257834160496 -0.962250186899 1.3300
0.2362 0.0105 0.087155742748 -0.257834160496 0.962250186899 1.3300
0.2400 0.0105 0.087155742748 0.000000000000 -0.996194698092 1.3300
0.2400 0.0105 0.087155742748 0.000000001299 0.996194698092 1.3300
0.2362 0.0105 0.087155742748 0.257834160496 -0.962250186899 1.3300
0.2414 0.0105 0.087155742748 0.257834160496 0.962250186899 1.3300
0.2602 0.0105 0.087155742748 0.498097349046 -0.862729915663 1.3300
0.2635 0.0105 0.087155742748 0.498097349046 0.862729915663 1.3300
0.2611 0.0105 0.087155742748 0.704416026403 -0.704416026403 1.3300
0.2626 0.0105 0.087155742748 0.704416026403 0.704416026403 1.3300
0.2932 0.0105 0.087155742748 0.862729915663 -0.498097349046 1.3300
0.2951 0.0105 0.087155742748 0.862729915663 0.498097349046 1.3300
0.2917 0.0105 0.087155742748 0.962250186899 -0.257834160496 1.3300
0.2991 0.0105 0.087155742748 0.962250186899 0.257834160496 1.3300
0.3013 0.0105 0.087155742748 0.996194698092 0.000000000000 1.3300
0.3017 0.0105 0.173648177667 -0.984807753012 0.000000000000 1.3300
0.2996 0.0105 0.173648177667 -0.951251242564 -0.254887002244 1.3300
0.2923 0.0105 0.173648177667 -0.951251242564 0.254887002244 1.3300
0.2956 0.0105 0.173648177667 -0.852868531952 -0.492403876506 1.3300
0.2938 0.0105 0.173648177667 -0.852868531952 0.492403876506 1.3300
0.2638 0.0105 0.173648177667 -0.696364240320 -0.696364240320 1.3300
0.2624 0.0105 0.173648177667 -0.696364240320 0.696364240320 1.3300
0.2646 0.0105 0.173648177667 -0.492403876506 -0.852868531952 1.3300
0.2615 0.0105 0.173648177667 -0.492403876506 0.852868531952 1.3300
0.2432 0.0105 0.173648177667 -0.254887002244 -0.951251242564 1.3300
0.2380 0.0105 0.173648177667 -0.254887002244 0.951251242564 1.3300
0.2418 0.0105 0.173648177667 0.000000000000 -0.984807753012 1.3300
0.2417 0.0105 0.173648177667 0.000000002588 0.984807753012 1.3300
0.2381 0.0105 0.173648177667 0.254887002244 -0.951251242564 1.3300
0.2432 0.0105 0.173648177667 0.254887002244 0.951251242564 1.3300
0.2615 0.0105 0.173648177667 0.492403876506 -0.852868531952 1.3300
0.2647 0.0105 0.173648177667 0.492403876506 0.852868531952 1.3300
0.2624 0.0105 0.173648177667 0.696364240320 -0.696364240320 1.3300
0.2639 0.0105 0.173648177667 0.696364240320 0.696364240320 1.3300
0.2938 0.0105 0.173648177667 0.852868531952 -0.492403876506 1.3300
0.2956 0.0105 0.173648177667 0.852868531952 0.492403876506 1.3300
0.2923 0.0105 0.173648177667 0.951251242564 -0.254887002244 1.3300
0.2995 0.0105 0.173648177667 0.951251242564 0.254887002244 1.3300
0.3017 0.0105 0.173648177667 0.984807753012 0.000000000000 1.3300
0.3022 0.0105 0.258819045103 -0.965925826289 0.000000000000 1.3300
0.3002 0.0105 0.258819045103 -0.933012701892 -0.250000000000 1.3300
0.2933 0.0105 0.258819045103 -0.933012701892 0.250000000000 1.3300
0.2964 0.0105 0.258819045103 -0.836516303738 -0.482962913145 1.3300
0.2947 0.0105 0.258819045103 -0.836516303738 0.482962913145 1.3300
0.2658 0.0105 0.258819045103 -0.683012701892 -0.683012701892 1.3300
0.2645 0.0105 0.258819045103 -0.683012701892 0.683012701892 1.3300
0.2666 0.0105 0.258819045103 -0.482962913145 -0.836516303738 1.3300
0.2636 0.0105 0.258819045103 -0.482962913145 0.836516303738 1.3300
0.2460 0.0105 0.258819045103 -0.250000000000 -0.933012701892 1.3300
0.2410 0.0105 0.258819045103 -0.250000000000 0.933012701892 1.3300
0.2447 0.0105 0.258819045103 0.000000000000 -0.965925826289 1.3300
0.2446 0.0105 0.258819045103 0.000000000000 0.965925826289 1.3300
0.2411 0.0105 0.258819045103 0.250000000000 -0.933012701892 1.3300
0.2459 0.0105 0.258819045103 0.250000000000 0.933012701892 1.3300
0.2636 0.0105 0.258819045103 0.482962913145 -0.836516303738 1.3300
0.2667 0.0105 0.258819045103 0.482962913145 0.836516303738 1.3300
0.2645 0.0105 0.258819045103 0.683012701892 -0.683012701892 1.3300
0.2659 0.0105 0.258819045103 0.683012701892 0.683012701892 1.3300
0.2946 0.0105 0.258819045103 0.836516303738 -0.482962913145 1.3300
0.2964 0.0105 0.258819045103 0.836516303738 0.482962913145 1.3300
0.2932 0.0105 0.258819045103 0.933012701892 -0.250000000000 1.3300
0.3002 0.0105 0.258819045103 0.933012701892 0.250000000000 1.3300
0.3022 0.0105 0.258819045103 0.965925826289 0.000000000000 1.3300
0.3030 0.0105 0.342020143326 -0.939692620786 0.000000000000 1.3300
0.3011 0.0105 0.342020143326 -0.907673371190 -0.243210346802 1.3300
0.2945 0.0105 0.342020143326 -0.907673371190 0.243210346802 1.3300
0.2975 0.0105 0.342020143326 -0.813797681349 -0.469846310393 1.3300
0.2959 0.0105 0.342020143326 -0.813797681349 0.469846310393 1.3300
0.2686 0.0105 0.342020143326 -0.664463024389 -0.664463024389 1.3300
0.2673 0.0105 0.342020143326 -0.664463024389 0.664463024389 1.3300
0.2693 0.0105 0.342020143326 -0.469846310393 -0.813797681349 1.3300
0.2665 0.0105 0.342020143326 -0.469846310393 0.813797681349 1.3300
0.2498 0.0105 0.342020143326 -0.243210346802 -0.907673371190 1.3300
0.2451 0.0105 0.342020143326 -0.243210346802 0.907673371190 1.3300
0.2485 0.0105 0.342020143326 0.000000000000 -0.939692620786 1.3300
0.2484 0.0105 0.342020143326 0.000000000000 0.939692620786 1.3300
0.2452 0.0105 0.342020143326 0.243210346802 -0.907673371190 1.3300
0.2497 0.0105 0.342020143326 0.243210346802 0.907673371190 1.3300
0.2664 0.0105 0.342020143326 0.469846310393 -0.813797681349 1.3300
0.2694 0.0105 0.342020143326 0.469846310393 0.813797681349 1.3300
0.2673 0.0105 0.342020143326 0.664463024389 -0.664463024389 1.3300
0.2686 0.0105 0.342020143326 0.664463024389 0.664463024389 1.3300
0.2958 0.0105 0.342020143326 0.813797681349 -0.469846310393 1.3300
0.2975 0.0105 0.342020143326 0.813797681349 0.469846310393 1.3300
0.2945 0.0105 0.342020143326 0.907673371190 -0.243210346802 1.3300
0.3011 0.0105 0.342020143326 0.907673371190 0.243210346802 1.3300
0.3030 0.0105 0.342020143326 0.939692620786 0.000000000000 1.3300
0.3040 0.0105 0.422618261741 -0.906307787037 0.000000000000 1.3300
0.3022 0.0105 0.422618261741 -0.875426098066 -0.234569716010 1.3300
0.2961 0.0105 0.422618261741 -0.875426098066 0.234569716010 1.3300
0.2989 0.0105 0.422618261741 -0.784885567221 -0.453153893518 1.3300
0.2973 0.0105 0.422618261741 -0.784885567221 0.453153893518 1.3300
0.2719 0.0105 0.422618261741 -0.640856382056 -0.640856382056 1.3300
0.2708 0.0105 0.422618261741 -0.640856382056 0.640856382056 1.3300
0.2726 0.0105 0.422618261741 -0.453153893518 -0.784885567221 1.3300
0.2700 0.0105 0.422618261741 -0.453153893518 0.784885567221 1.3300
0.2545 0.0105 0.422618261741 -0.234569716010 -0.875426098066 1.3300
0.2501 0.0105 0.422618261741 -0.234569716010 0.875426098066 1.3300
0.2533 0.0105 0.422618261741 0.000000000000 -0.906307787037 1.3300
0.2532 0.0105 0.422618261741 0.000000000000 0.906307787037 1.3300
0.2502 0.0105 0.422618261741 0.234569716010 -0.875426098066 1.3300
0.2544 0.0105 0.422618261741 0.234569716010 0.875426098066 1.3300
0.2700 0.0105 0.422618261741 0.453153893518 -0.784885567221 1.3300
0.2727 0.0105 0.422618261741 0.453153893518 0.784885567221 1.3300
0.2707 0.0105 0.422618261741 0.640856382056 -0.640856382056 1.3300
0.2720 0.0105 0.422618261741 0.640856382056 0.640856382056 1.3300
0.2973 0.0105 0.422618261741 0.784885567221 -0.453153893518 1.3300
0.2989 0.0105 0.422618261741 0.784885567221 0.453153893518 1.3300
0.2961 0.0105 0.422618261741 0.875426098066 -0.234569716010 1.3300
0.3022 0.0105 0.422618261741 0.875426098066 0.234569716010 1.3300
0.3040 0.0105 0.422618261741 0.906307787037 0.000000000000 1.3300
0.3051 0.0105 0.500000000000 -0.866025403784 0.000000000000 1.3300
0.3035 0.0105 0.500000000000 -0.836516303738 -0.224143868042 1.3300
0.2979 0.0105 0.500000000000 -0.836516303738 0.224143868042 1.3300
0.3004 0.0105 0.500000000000 -0.750000000000 -0.433012701892 1.3300
0.2990 0.0105 0.500000000000 -0.750000000000 0.433012701892 1.3300
0.2758 0.0105 0.500000000000 -0.612372435696 -0.612372435696 1.3300
0.2748 0.0105 0.500000000000 -0.612372435696 0.612372435696 1.3300
0.2764 0.0105 0.500000000000 -0.433012701892 -0.750000000000 1.3300
0.2741 0.0105 0.500000000000 -0.433012701892 0.750000000000 1.3300
0.2599 0.0105 0.500000000000 -0.224143868042 -0.836516303738 1.3300
0.2559 0.0105 0.500000000000 -0.224143868042 0.836516303738 1.3300
0.2589 0.0105 0.500000000000 0.000000000000 -0.866025403784 1.3300
0.2587 0.0105 0.500000000000 0.000000000000 0.866025403784 1.3300
0.2560 0.0105 0.500000000000 0.224143868042 -0.836516303738 1.3300
0.2598 0.0105 0.500000000000 0.224143868042 0.836516303738 1.3300
0.2740 0.0105 0.500000000000 0.433012701892 -0.750000000000 1.3300
0.2766 0.0105 0.500000000000 0.433012701892 0.750000000000 1.3300
0.2747 0.0105 0.500000000000 0.612372435696 -0.612372435696 1.3300
0.2759 0.0105 0.500000000000 0.612372435696 0.612372435696 1.3300
0.2990 0.0105 0.500000000000 0.750000000000 -0.433012701892 1.3300
0.3005 0.0105 0.500000000000 0.750000000000 0.433012701892 1.3300
0.2979 0.0105 0.500000000000 0.836516303738 -0.224143868042 1.3300
0.3035 0.0105 0.500000000000 0.836516303738 0.224143868042 1.3300
0.3051 0.0105 0.500000000000 0.866025403784 0.000000000000 1.3300
0.3063 0.0105 0.573576436351 -0.819152044289 0.000000000000 1.3300
0.3049 0.0105 0.573576436351 -0.791240115236 -0.212012149897 1.3300
0.2999 0.0105 0.573576436351 -0.791240115236 0.212012149897 1.3300
0.3022 0.0105 0.573576436351 -0.709406479916 -0.409576022144 1.3300
0.3009 0.0105 0.573576436351 -0.709406479916 0.409576022144 1.3300
0.2801 0.0105 0.573576436351 -0.579227965340 -0.579227965340 1.3300
0.2793 0.0105 0.573576436351 -0.579227965340 0.579227965340 1.3300
0.2807 0.0105 0.573576436351 -0.409576022144 -0.709406479916 1.3300
0.2786 0.0105 0.573576436351 -0.409576022144 0.709406479916 1.3300
0.2659 0.0105 0.573576436351 -0.212012149897 -0.791240115236 1.3300
0.2623 0.0105 0.573576436351 -0.212012149897 0.791240115236 1.3300
0.2650 0.0105 0.573576436351 0.000000000000 -0.819152044289 1.3300
0.2648 0.0105 0.573576436351 0.000000000000 0.819152044289 1.3300
0.2624 0.0105 0.573576436351 0.212012149897 -0.791240115236 1.3300
0.2658 0.0105 0.573576436351 0.212012149897 0.791240115236 1.3300
0.2786 0.0105 0.573576436351 0.409576022144 -0.709406479916 1.3300
0.2808 0.0105 0.573576436351 0.409576022144 0.709406479916 1.3300
0.2792 0.0105 0.573576436351 0.579227965340 -0.579227965340 1.3300
0.2803 0.0105 0.573576436351 0.579227965340 0.579227965340 1.3300
0.3009 0.0105 0.573576436351 0.709406479916 -0.409576022144 1.3300
0.3022 0.0105 0.573576436351 0.709406479916 0.409576022144 1.3300
0.2999 0.0105 0.573576436351 0.791240115236 -0.212012149897 1.3300
0.3049 0.0105 0.573576436351 0.791240115236 0.212012149897 1.3300
0.3064 0.0105 0.573576436351 0.819152044289 0.000000000000 1.3300
0.3077 0.0105 0.642787609687 -0.766044443119 0.000000000000 1.3300
0.3064 0.0105 0.642787609687 -0.739942111694 -0.198266891274 1.3300
0.3020 0.0105 0.642787609687 -0.739942111694 0.198266891274 1.3300
0.3040 0.0105 0.642787609687 -0.663413948169 -0.383022221559 1.3300
0.3029 0.0105 0.642787609687 -0.663413948169 0.383022221559 1.3300
0.2847 0.0105 0.642787609687 -0.541675220420 -0.541675220420 1.3300
0.2840 0.0105 0.642787609687 -0.541675220420 0.541675220420 1.3300
0.2852 0.0105 0.642787609687 -0.383022221559 -0.663413948169 1.3300
0.2834 0.0105 0.642787609687 -0.383022221559 0.663413948169 1.3300
0.2723 0.0105 0.642787609687 -0.198266891274 -0.739942111694 1.3300
0.2691 0.0105 0.642787609687 -0.198266891274 0.739942111694 1.3300
0.2715 0.0105 0.642787609687 -0.000000009578 -0.766044443119 1.3300
0.2713 0.0105 0.642787609687 0.000000000000 0.766044443119 1.3300
0.2693 0.0105 0.642787609687 0.198266891274 -0.739942111694 1.3300
0.2722 0.0105 0.642787609687 0.198266891274 0.739942111694 1.3300
0.2834 0.0105 0.642787609687 0.383022221559 -0.663413948169 1.3300
0.2854 0.0105 0.642787609687 0.383022221559 0.663413948169 1.3300
0.2839 0.0105 0.642787609687 0.541675220420 -0.541675220420 1.3300
0.2849 0.0105 0.642787609687 0.541675220420 0.541675220420 1.3300
0.3029 0.0105 0.642787609687 0.663413948169 -0.383022221559 1.3300
0.3040 0.0105 0.642787609687 0.663413948169 0.383022221559 1.3300
0.3020 0.0105 0.642787609687 0.739942111694 -0.198266891274 1.3300
0.3064 0.0105 0.642787609687 0.739942111694 0.198266891274 1.3300
0.3077 0.0105 0.642787609687 0.766044443119 0.000000000000 1.3300
0.3090 0.0105 0.707106781187 -0.707106781187 0.000000000000 1.3300
0.3080 0.0105 0.707106781187 -0.683012701892 -0.183012701892 1.3300
0.3043 0.0105 0.707106781187 -0.683012701892 0.183012701892 1.3300
0.3059 0.0105 0.707106781187 -0.612372435696 -0.353553390593 1.3300
0.3050 0.0105 0.707106781187 -0.612372435696 0.353553390593 1.3300
0.2895 0.0105 0.707106781187 -0.500000000000 -0.500000000000 1.3300
0.2889 0.0105 0.707106781187 -0.500000000000 0.500000000000 1.3300
0.2899 0.0105 0.707106781187 -0.353553390593 -0.612372435696 1.3300
0.2884 0.0105 0.707106781187 -0.353553390593 0.612372435696 1.3300
0.2789 0.0105 0.707106781187 -0.183012701892 -0.683012701892 1.3300
0.2762 0.0105 0.707106781187 -0.183012701892 0.683012701892 1.3300
0.2781 0.0105 0.707106781187 -0.000000010537 0.707106781187 1.3300
0.2783 0.0105 0.707106781187 0.000000000000 -0.707106781187 1.3300
0.2763 0.0105 0.707106781187 0.183012701892 -0.683012701892 1.3300
0.2788 0.0105 0.707106781187 0.183012701892 0.683012701892 1.3300
0.2883 0.0105 0.707106781187 0.353553390593 -0.612372435696 1.3300
0.2900 0.0105 0.707106781187 0.353553390593 0.612372435696 1.3300
0.2888 0.0105 0.707106781187 0.500000000000 -0.500000000000 1.3300
0.2896 0.0105 0.707106781187 0.500000000000 0.500000000000 1.3300
0.3050 0.0105 0.707106781187 0.612372435696 -0.353553390593 1.3300
0.3060 0.0105 0.707106781187 0.612372435696 0.353553390593 1.3300
0.3042 0.0105 0.707106781187 0.683012701892 -0.183012701892 1.3300
0.3079 0.0105 0.707106781187 0.683012701892 0.183012701892 1.3300
0.3091 0.0105 0.707106781187 0.707106781187 0.000000000000 1.3300
0.3104 0.0105 0.766044443119 -0.642787609687 0.000000000000 1.3300
0.3095 0.0105 0.766044443119 -0.620885153015 -0.166365675343 1.3300
0.3065 0.0105 0.766044443119 -0.620885153015 0.166365675343 1.3300
0.3078 0.0105 0.766044443119 -0.556670399226 -0.321393804843 1.3300
0.3071 0.0105 0.766044443119 -0.556670399226 0.321393804843 1.3300
0.2942 0.0105 0.766044443119 -0.454519477672 -0.454519477672 1.3300
0.2938 0.0105 0.766044443119 -0.454519477672 0.454519477672 1.3300
0.2946 0.0105 0.766044443119 -0.321393804843 -0.556670399226 1.3300
0.2933 0.0105 0.766044443119 -0.321393804843 0.556670399226 1.3300
0.2855 0.0105 0.766044443119 -0.166365675343 -0.620885153015 1.3300
0.2833 0.0105 0.766044443119 -0.166365675343 0.620885153015 1.3300
0.2850 0.0105 0.766044443119 0.000000000000 -0.642787609687 1.3300
0.2848 0.0105 0.766044443119 0.000000000000 0.642787609687 1.3300
0.2834 0.0105 0.766044443119 0.166365675343 -0.620885153015 1.3300
0.2854 0.0105 0.766044443119 0.166365675343 0.620885153015 1.3300
0.2933 0.0105 0.766044443119 0.321393804843 -0.556670399226 1.3300
0.2947 0.0105 0.766044443119 0.321393804843 0.556670399226 1.3300
0.2936 0.0105 0.766044443119 0.454519477672 -0.454519477672 1.3300
0.2944 0.0105 0.766044443119 0.454519477672 0.454519477672 1.3300
0.3070 0.0105 0.766044443119 0.556670399226 -0.321393804843 1.3300
0.3079 0.0105 0.766044443119 0.556670399226 0.321393804843 1.3300
0.3064 0.0105 0.766044443119 0.620885153015 -0.166365675343 1.3300
0.3095 0.0105 0.766044443119 0.620885153015 0.166365675343 1.3300
0.3104 0.0105 0.766044443119 0.642787609687 0.000000000000 1.3300
0.3117 0.0105 0.819152044289 -0.573576436351 0.000000000000 1.3300
0.3110 0.0105 0.819152044289 -0.554032293222 -0.148452505550 1.3300
0.3086 0.0105 0.819152044289 -0.554032293222 0.148452505550 1.3300
0.3097 0.0105 0.819152044289 -0.496731764892 -0.286788218176 1.3300
0.3091 0.0105 0.819152044289 -0.496731764892 0.286788218176 1.3300
0.2989 0.0105 0.819152044289 -0.405579787673 -0.405579787673 1.3300
0.2985 0.0105 0.819152044289 -0.405579787673 0.405579787673 1.3300
0.2991 0.0105 0.819152044289 -0.286788218176 -0.496731764892 1.3300
0.2981 0.0105 0.819152044289 -0.286788218176 0.496731764892 1.3300
0.2919 0.0105 0.819152044289 -0.148452505550 -0.554032293222 1.3300
0.2901 0.0105 0.819152044289 -0.148452505550 0.554032293222 1.3300
0.2915 0.0105 0.819152044289 0.000000000000 -0.573576436351 1.3300
0.2913 0.0105 0.819152044289 0.000000000000 0.573576436351 1.3300
0.2902 0.0105 0.819152044289 0.148452505550 -0.554032293222 1.3300
0.2918 0.0105 0.819152044289 0.148452505550 0.554032293222 1.3300
0.2981 0.0105 0.819152044289 0.286788218176 -0.496731764892 1.3300
0.2992 0.0105 0.819152044289 0.286788218176 0.496731764892 1.3300
0.2984 0.0105 0.819152044289 0.405579787673 -0.405579787673 1.3300
0.2990 0.0105 0.819152044289 0.405579787673 0.405579787673 1.3300
0.3090 0.0105 0.819152044289 0.496731764892 -0.286788218176 1.3300
0.3097 0.0105 0.819152044289 0.496731764892 0.286788218176 1.3300
0.3085 0.0105 0.819152044289 0.554032293222 -0.148452505550 1.3300
0.3110 0.0105 0.819152044289 0.554032293222 0.148452505550 1.3300
0.3117 0.0105 0.819152044289 0.573576436351 0.000000000000 1.3300
0.3130 0.0105 0.866025403784 -0.500000000000 0.000000000000 1.3300
0.3124 0.0105 0.866025403784 -0.482962913145 -0.129409522551 1.3300
0.3106 0.0105 0.866025403784 -0.482962913145 0.129409522551 1.3300
0.3114 0.0105 0.866025403784 -0.433012701892 -0.250000000000 1.3300
0.3110 0.0105 0.866025403784 -0.433012701892 0.250000000000 1.3300
0.3032 0.0105 0.866025403784 -0.353553390593 -0.353553390593 1.3300
0.3029 0.0105 0.866025403784 -0.353553390593 0.353553390593 1.3300
0.3034 0.0105 0.866025403784 -0.250000000000 -0.433012701892 1.3300
0.3026 0.0105 0.866025403784 -0.250000000000 0.433012701892 1.3300
0.2979 0.0105 0.866025403784 -0.129409522551 -0.482962913145 1.3300
0.2965 0.0105 0.866025403784 -0.129409522551 0.482962913145 1.3300
0.2974 0.0105 0.866025403784 -0.000000012905 0.500000000000 1.3300
0.2976 0.0105 0.866025403784 0.000000000000 -0.500000000000 1.3300
0.2966 0.0105 0.866025403784 0.129409522551 -0.482962913145 1.3300
0.2979 0.0105 0.866025403784 0.129409522551 0.482962913145 1.3300
0.3026 0.0105 0.866025403784 0.250000000000 -0.433012701892 1.3300
0.3035 0.0105 0.866025403784 0.250000000000 0.433012701892 1.3300
0.3028 0.0105 0.866025403784 0.353553390593 -0.353553390593 1.3300
0.3033 0.0105 0.866025403784 0.353553390593 0.353553390593 1.3300
0.3109 0.0105 0.866025403784 0.433012701892 -0.250000000000 1.3300
0.3114 0.0105 0.866025403784 0.433012701892 0.250000000000 1.3300
0.3105 0.0105 0.866025403784 0.482962913145 -0.129409522551 1.3300
0.3124 0.0105 0.866025403784 0.482962913145 0.129409522551 1.3300
0.3130 0.0105 0.866025403784 0.500000000000 0.000000000000 1.3300
0.3141 0.0105 0.906307787037 -0.422618261741 0.000000000000 1.3300
0.3137 0.0105 0.906307787037 -0.408217893677 -0.109381654947 1.3300
0.3124 0.0105 0.906307787037 -0.408217893677 0.109381654947 1.3300
0.3130 0.0105 0.906307787037 -0.365998150771 -0.211309130870 1.3300
0.3127 0.0105 0.906307787037 -0.365998150771 0.211309130870 1.3300
0.3071 0.0105 0.906307787037 -0.298836238730 -0.298836238730 1.3300
0.3069 0.0105 0.906307787037 -0.298836238730 0.298836238730 1.3300
0.3072 0.0105 0.906307787037 -0.211309130870 -0.365998150771 1.3300
0.3067 0.0105 0.906307787037 -0.211309130870 0.365998150771 1.3300
0.3034 0.0105 0.906307787037 -0.109381654947 -0.408217893677 1.3300
0.3023 0.0105 0.906307787037 -0.109381654947 0.408217893677 1.3300
0.3030 0.0105 0.906307787037 -0.000000013505 0.422618261741 1.3300
0.3031 0.0105 0.906307787037 0.000000000000 -0.422618261741 1.3300
0.3024 0.0105 0.906307787037 0.109381654947 -0.408217893677 1.3300
0.3033 0.0105 0.906307787037 0.109381654947 0.408217893677 1.3300
0.3067 0.0105 0.906307787037 0.211309130870 -0.365998150771 1.3300
0.3073 0.0105 0.906307787037 0.211309130870 0.365998150771 1.3300
0.3068 0.0105 0.906307787037 0.298836238730 -0.298836238730 1.3300
0.3072 0.0105 0.906307787037 0.298836238730 0.298836238730 1.3300
0.3126 0.0105 0.906307787037 0.365998150771 -0.211309130870 1.3300
0.3130 0.0105 0.906307787037 0.365998150771 0.211309130870 1.3300
0.3124 0.0105 0.906307787037 0.408217893677 -0.109381654947 1.3300
0.3137 0.0105 0.906307787037 0.408217893677 0.109381654947 1.3300
0.3141 0.0105 0.906307787037 0.422618261741 0.000000000000 1.3300
0.3151 0.0105 0.939692620786 -0.342020143326 0.000000000000 1.3300
0.3148 0.0105 0.939692620786 -0.330366089549 -0.088521326901 1.3300
0.3140 0.0105 0.939692620786 -0.330366089549 0.088521326901 1.3300
0.3143 0.0105 0.939692620786 -0.296198132726 -0.171010071663 1.3300
0.3141 0.0105 0.939692620786 -0.296198132726 0.171010071663 1.3300
0.3105 0.0105 0.939692620786 -0.241844762648 -0.241844762648 1.3300
0.3104 0.0105 0.939692620786 -0.241844762648 0.241844762648 1.3300
0.3106 0.0105 0.939692620786 -0.171010071663 -0.296198132726 1.3300
0.3102 0.0105 0.939692620786 -0.171010071663 0.296198132726 1.3300
0.3080 0.0105 0.939692620786 -0.088521326901 -0.330366089549 1.3300
0.3074 0.0105 0.939692620786 -0.088521326901 0.330366089549 1.3300
0.3079 0.0105 0.939692620786 0.000000000000 -0.342020143326 1.3300
0.3078 0.0105 0.939692620786 0.000000000000 0.342020143326 1.3300
0.3074 0.0105 0.939692620786 0.088521326901 -0.330366089549 1.3300
0.3080 0.0105 0.939692620786 0.088521326901 0.330366089549 1.3300
0.3102 0.0105 0.939692620786 0.171010071663 -0.296198132726 1.3300
0.3106 0.0105 0.939692620786 0.171010071663 0.296198132726 1.3300
0.3103 0.0105 0.939692620786 0.241844762648 -0.241844762648 1.3300
0.3105 0.0105 0.939692620786 0.241844762648 0.241844762648 1.3300
0.3141 0.0105 0.939692620786 0.296198132726 -0.171010071663 1.3300
0.3143 0.0105 0.939692620786 0.296198132726 0.171010071663 1.3300
0.3139 0.0105 0.939692620786 0.330366089549 -0.088521326901 1.3300
0.3148 0.0105 0.939692620786 0.330366089549 0.088521326901 1.3300
0.3151 0.0105 0.939692620786 0.342020143326 0.000000000000 1.3300
0.3158 0.0105 0.965925826289 -0.258819045103 0.000000000000 1.3300
0.3157 0.0105 0.965925826289 -0.250000000000 -0.066987298108 1.3300
0.3152 0.0105 0.965925826289 -0.250000000000 0.066987298108 1.3300
0.3154 0.0105 0.965925826289 -0.224143868042 -0.129409522551 1.3300
0.3153 0.0105 0.965925826289 -0.224143868042 0.129409522551 1.3300
0.3132 0.0105 0.965925826289 -0.183012701892 -0.183012701892 1.3300
0.3132 0.0105 0.965925826289 -0.183012701892 0.183012701892 1.3300
0.3133 0.0105 0.965925826289 -0.129409522551 -0.224143868042 1.3300
0.3131 0.0105 0.965925826289 -0.129409522551 0.224143868042 1.3300
0.3118 0.0105 0.965925826289 -0.066987298108 -0.250000000000 1.3300
0.3114 0.0105 0.965925826289 -0.066987298108 0.250000000000 1.3300
0.3118 0.0105 0.965925826289 0.000000000000 -0.258819045103 1.3300
0.3117 0.0105 0.965925826289 0.000000000000 0.258819045103 1.3300
0.3115 0.0105 0.965925826289 0.066987298108 -0.250000000000 1.3300
0.3118 0.0105 0.965925826289 0.066987298108 0.250000000000 1.3300
0.3131 0.0105 0.965925826289 0.129409522551 -0.224143868042 1.3300
0.3133 0.0105 0.965925826289 0.129409522551 0.224143868042 1.3300
0.3131 0.0105 0.965925826289 0.183012701892 -0.183012701892 1.3300
0.3133 0.0105 0.965925826289 0.183012701892 0.183012701892 1.3300
0.3153 0.0105 0.965925826289 0.224143868042 -0.129409522551 1.3300
0.3154 0.0105 0.965925826289 0.224143868042 0.129409522551 1.3300
0.3152 0.0105 0.965925826289 0.250000000000 -0.066987298108 1.3300
0.3157 0.0105 0.965925826289 0.250000000000 0.066987298108 1.3300
0.3159 0.0105 0.965925826289 0.258819045103 0.000000000000 1.3300
0.3164 0.0105 0.984807753012 -0.173648177667 0.000000000000 1.3300
0.3164 0.0105 0.984807753012 -0.167731259497 -0.044943455528 1.3300
0.3161 0.0105 0.984807753012 -0.167731259497 0.044943455528 1.3300
0.3162 0.0105 0.984807753012 -0.150383733180 -0.086824088833 1.3300
0.3162 0.0105 0.984807753012 -0.150383733180 0.086824088833 1.3300
0.3152 0.0105 0.984807753012 -0.122787803969 -0.122787803969 1.3300
0.3152 0.0105 0.984807753012 -0.122787803969 0.122787803969 1.3300
0.3153 0.0105 0.984807753012 -0.086824088833 -0.150383733180 1.3300
0.3152 0.0105 0.984807753012 -0.086824088833 0.150383733180 1.3300
0.3146 0.0105 0.984807753012 -0.044943455528 -0.167731259497 1.3300
0.3144 0.0105 0.984807753012 -0.044943455528 0.167731259497 1.3300
0.3145 0.0105 0.984807753012 -0.000000014675 0.173648177667 1.3300
0.3146 0.0105 0.984807753012 0.000000000000 -0.173648177667 1.3300
0.3145 0.0105 0.984807753012 0.044943455528 -0.167731259497 1.3300
0.3146 0.0105 0.984807753012 0.044943455528 0.167731259497 1.3300
0.3152 0.0105 0.984807753012 0.086824088833 -0.150383733180 1.3300
0.3153 0.0105 0.984807753012 0.086824088833 0.150383733180 1.3300
0.3152 0.0105 0.984807753012 0.122787803969 -0.122787803969 1.3300
0.3153 0.0105 0.984807753012 0.122787803969 0.122787803969 1.3300
0.3162 0.0105 0.984807753012 0.150383733180 -0.086824088833 1.3300
0.3162 0.0105 0.984807753012 0.150383733180 0.086824088833 1.3300
0.3161 0.0105 0.984807753012 0.167731259497 -0.044943455528 1.3300
0.3164 0.0105 0.984807753012 0.167731259497 0.044943455528 1.3300
0.3164 0.0105 0.984807753012 0.173648177667 0.000000000000 1.3300
0.3168 0.0105 0.996194698092 -0.087155742748 0.000000000000 1.3300
0.3168 0.0105 0.996194698092 -0.084185982829 -0.022557566113 1.3300
0.3167 0.0105 0.996194698092 -0.084185982829 0.022557566113 1.3300
0.3167 0.0105 0.996194698092 -0.075479087305 -0.043577871374 1.3300
0.3167 0.0105 0.996194698092 -0.075479087305 0.043577871374 1.3300
0.3165 0.0105 0.996194698092 -0.061628416716 -0.061628416716 1.3300
0.3165 0.0105 0.996194698092 -0.061628416716 0.061628416716 1.3300
0.3165 0.0105 0.996194698092 -0.043577871374 -0.075479087305 1.3300
0.3165 0.0105 0.996194698092 -0.043577871374 0.075479087305 1.3300
0.3163 0.0105 0.996194698092 -0.022557566113 -0.084185982829 1.3300
0.3163 0.0105 0.996194698092 -0.022557566113 0.084185982829 1.3300
0.3163 0.0105 0.996194698092 0.000000000000 -0.087155742748 1.3300
0.3163 0.0105 0.996194698092 0.000000000000 0.087155742748 1.3300
0.3163 0.0105 0.996194698092 0.022557566113 -0.084185982829 1.3300
0.3163 0.0105 0.996194698092 0.022557566113 0.084185982829 1.3300
0.3165 0.0105 0.996194698092 0.043577871374 -0.075479087305 1.3300
0.3165 0.0105 0.996194698092 0.043577871374 0.075479087305 1.3300
0.3165 0.0105 0.996194698092 0.061628416716 -0.061628416716 1.3300
0.3165 0.0105 0.996194698092 0.061628416716 0.061628416716 1.3300
0.3167 0.0105 0.996194698092 0.075479087305 -0.043577871374 1.3300
0.3167 0.0105 0.996194698092 0.075479087305 0.043577871374 1.3300
0.3167 0.0105 0.996194698092 0.084185982829 -0.022557566113 1.3300
0.3168 0.0105 0.996194698092 0.084185982829 0.022557566113 1.3300
0.3168 0.0105 0.996194698092 0.087155742748 0.000000000000 1.3300
0.3169 0.0105 1.000000000000 0.000000000000 0.000000000000 1.3300
