0.2733 -1.000000000000 0.000000000000 0.000000000000
0.2733 -0.996194698092 -0.087155742748 0.000000000000
0.2732 -0.996194698092 -0.084185982829 -0.022557566113
0.2732 -0.996194698092 -0.084185982829 0.022557566113
0.2731 -0.996194698092 -0.075479087305 -0.043577871374
0.2731 -0.996194698092 -0.075479087305 0.043577871374
0.2729 -0.996194698092 -0.061628416716 -0.061628416716
0.2730 -0.996194698092 -0.061628416716 0.061628416716
0.2729 -0.996194698092 -0.043577871374 -0.075479087305
0.2729 -0.996194698092 -0.043577871374 0.075479087305
0.2728 -0.996194698092 -0.022557566113 -0.084185982829
0.2728 -0.996194698092 -0.022557566113 0.084185982829
0.2728 -0.996194698092 0.000000000000 -0.087155742748
0.2728 -0.996194698092 0.000000000000 0.087155742748
0.2728 -0.996194698092 0.022557566113 -0.084185982829
0.2728 -0.996194698092 0.022557566113 0.084185982829
0.2729 -0.996194698092 0.043577871374 -0.075479087305
0.2729 -0.996194698092 0.043577871374 0.075479087305
0.2730 -0.996194698092 0.061628416716 -0.061628416716
0.2730 -0.996194698092 0.061628416716 0.061628416716
0.2731 -0.996194698092 0.075479087305 -0.043577871374
0.2731 -0.996194698092 0.075479087305 0.043577871374
0.2732 -0.996194698092 0.084185982829 -0.022557566113
0.2732 -0.996194698092 0.084185982829 0.022557566113
0.2733 -0.996194698092 0.087155742748 0.000000000000
0.2731 -0.984807753012 -0.173648177667 0.000000000000
0.2728 -0.984807753012 -0.167731259497 -0.044943455528
0.2728 -0.984807753012 -0.167731259497 0.044943455528
0.2726 -0.984807753012 -0.150383733180 -0.086824088833
0.2725 -0.984807753012 -0.150383733180 0.086824088833
0.2719 -0.984807753012 -0.122787803969 -0.122787803969
0.2721 -0.984807753012 -0.122787803969 0.122787803969
0.2716 -0.984807753012 -0.086824088833 -0.150383733180
0.2716 -0.984807753012 -0.086824088833 0.150383733180
0.2715 -0.984807753012 -0.044943455528 -0.167731259497
0.2713 -0.984807753012 -0.044943455528 0.167731259497
0.2714 -0.984807753012 0.000000000000 -0.173648177667
0.2714 -0.984807753012 0.000000014675 0.173648177667
0.2713 -0.984807753012 0.044943455528 -0.167731259497
0.2714 -0.984807753012 0.044943455528 0.167731259497
0.2717 -0.984807753012 0.086824088833 -0.150383733180
0.2717 -0.984807753012 0.086824088833 0.150383733180
0.2720 -0.984807753012 0.122787803969 -0.122787803969
0.2719 -0.984807753012 0.122787803969 0.122787803969
0.2726 -0.984807753012 0.150383733180 -0.086824088833
0.2726 -0.984807753012 0.150383733180 0.086824088833
0.2728 -0.984807753012 0.167731259497 -0.044943455528
0.2728 -0.984807753012 0.167731259497 0.044943455528
0.2731 -0.984807753012 0.173648177667 0.000000000000
0.2729 -0.965925826289 -0.258819045103 0.000000000000
0.2722 -0.965925826289 -0.250000000000 -0.066987298108
0.2722 -0.965925826289 -0.250000000000 0.066987298108
0.2717 -0.965925826289 -0.224143868042 -0.129409522551
0.2716 -0.965925826289 -0.224143868042 0.129409522551
0.2702 -0.965925826289 -0.183012701892 -0.183012701892
0.2706 -0.965925826289 -0.183012701892 0.183012701892
0.2696 -0.965925826289 -0.129409522551 -0.224143868042
0.2696 -0.965925826289 -0.129409522551 0.224143868042
0.2692 -0.965925826289 -0.066987298108 -0.250000000000
0.2688 -0.965925826289 -0.066987298108 0.250000000000
0.2690 -0.965925826289 0.000000000000 -0.258819045103
0.2690 -0.965925826289 0.000000014393 0.258819045103
0.2688 -0.965925826289 0.066987298108 -0.250000000000
0.2691 -0.965925826289 0.066987298108 0.250000000000
0.2697 -0.965925826289 0.129409522551 -0.224143868042
0.2697 -0.965925826289 0.129409522551 0.224143868042
0.2705 -0.965925826289 0.183012701892 -0.183012701892
0.2703 -0.965925826289 0.183012701892 0.183012701892
0.2716 -0.965925826289 0.224143868042 -0.129409522551
0.2716 -0.965925826289 0.224143868042 0.129409522551
0.2722 -0.965925826289 0.250000000000 -0.066987298108
0.2722 -0.965925826289 0.250000000000 0.066987298108
0.2729 -0.965925826289 0.258819045103 0.000000000000
0.2726 -0.939692620786 -0.342020143326 0.000000000000
0.2714 -0.939692620786 -0.330366089549 -0.088521326901
0.2713 -0.939692620786 -0.330366089549 0.088521326901
0.2704 -0.939692620786 -0.296198132726 -0.171010071663
0.2704 -0.939692620786 -0.296198132726 0.171010071663
0.2679 -0.939692620786 -0.241844762648 -0.241844762648
0.2686 -0.939692620786 -0.241844762648 0.241844762648
0.2669 -0.939692620786 -0.171010071663 -0.296198132726
0.2669 -0.939692620786 -0.171010071663 0.296198132726
0.2661 -0.939692620786 -0.088521326901 -0.330366089549
0.2654 -0.939692620786 -0.088521326901 0.330366089549
0.2658 -0.939692620786 0.000000000000 -0.342020143326
0.2658 -0.939692620786 0.000000000000 0.342020143326
0.2655 -0.939692620786 0.088521326901 -0.330366089549
0.2660 -0.939692620786 0.088521326901 0.330366089549
0.2669 -0.939692620786 0.171010071663 -0.296198132726
0.2669 -0.939692620786 0.171010071663 0.296198132726
0.2685 -0.939692620786 0.241844762648 -0.241844762648
0.2680 -0.939692620786 0.241844762648 0.241844762648
0.2704 -0.939692620786 0.296198132726 -0.171010071663
0.2704 -0.939692620786 0.296198132726 0.171010071663
0.2713 -0.939692620786 0.330366089549 -0.088521326901
0.2714 -0.939692620786 0.330366089549 0.088521326901
0.2726 -0.939692620786 0.342020143326 0.000000000000
0.2722 -0.906307787037 -0.422618261741 0.000000000000
0.2704 -0.906307787037 -0.408217893677 -0.109381654947
0.2703 -0.906307787037 -0.408217893677 0.109381654947
0.2689 -0.906307787037 -0.365998150771 -0.211309130870
0.2688 -0.906307787037 -0.365998150771 0.211309130870
0.2650 -0.906307787037 -0.298836238730 -0.298836238730
0.2660 -0.906307787037 -0.298836238730 0.298836238730
0.2635 -0.906307787037 -0.211309130870 -0.365998150771
0.2635 -0.906307787037 -0.211309130870 0.365998150771
0.2623 -0.906307787037 -0.109381654947 -0.408217893677
0.2613 -0.906307787037 -0.109381654947 0.408217893677
0.2619 -0.906307787037 0.000000000000 0.422618261741
0.2619 -0.906307787037 0.000000013505 -0.422618261741
0.2614 -0.906307787037 0.109381654947 -0.408217893677
0.2621 -0.906307787037 0.109381654947 0.408217893677
0.2636 -0.906307787037 0.211309130870 -0.365998150771
0.2636 -0.906307787037 0.211309130870 0.365998150771
0.2659 -0.906307787037 0.298836238730 -0.298836238730
0.2652 -0.906307787037 0.298836238730 0.298836238730
0.2689 -0.906307787037 0.365998150771 -0.211309130870
0.2689 -0.906307787037 0.365998150771 0.211309130870
0.2703 -0.906307787037 0.408217893677 -0.109381654947
0.2704 -0.906307787037 0.408217893677 0.109381654947
0.2722 -0.906307787037 0.422618261741 0.000000000000
0.2718 -0.866025403784 -0.500000000000 0.000000000000
0.2693 -0.866025403784 -0.482962913145 -0.129409522551
0.2691 -0.866025403784 -0.482962913145 0.129409522551
0.2672 -0.866025403784 -0.433012701892 -0.250000000000
0.2670 -0.866025403784 -0.433012701892 0.250000000000
0.2618 -0.866025403784 -0.353553390593 -0.353553390593
0.2631 -0.866025403784 -0.353553390593 0.353553390593
0.2596 -0.866025403784 -0.250000000000 -0.433012701892
0.2596 -0.866025403784 -0.250000000000 0.433012701892
0.2579 -0.866025403784 -0.129409522551 -0.482962913145
0.2565 -0.866025403784 -0.129409522551 0.482962913145
0.2573 -0.866025403784 0.000000000000 -0.500000000000
0.2573 -0.866025403784 0.000000000000 0.500000000000
0.2566 -0.866025403784 0.129409522551 -0.482962913145
0.2577 -0.866025403784 0.129409522551 0.482962913145
0.2597 -0.866025403784 0.250000000000 -0.433012701892
0.2597 -0.866025403784 0.250000000000 0.433012701892
0.2630 -0.866025403784 0.353553390593 -0.353553390593
0.2619 -0.866025403784 0.353553390593 0.353553390593
0.2671 -0.866025403784 0.433012701892 -0.250000000000
0.2671 -0.866025403784 0.433012701892 0.250000000000
0.2691 -0.866025403784 0.482962913145 -0.129409522551
0.2693 -0.866025403784 0.482962913145 0.129409522551
0.2718 -0.866025403784 0.500000000000 0.000000000000
0.2713 -0.819152044289 -0.573576436351 0.000000000000
0.2680 -0.819152044289 -0.554032293222 -0.148452505550
0.2678 -0.819152044289 -0.554032293222 0.148452505550
0.2652 -0.819152044289 -0.496731764892 -0.286788218176
0.2650 -0.819152044289 -0.496731764892 0.286788218176
0.2581 -0.819152044289 -0.405579787673 -0.405579787673
0.2599 -0.819152044289 -0.405579787673 0.405579787673
0.2552 -0.819152044289 -0.286788218176 -0.496731764892
0.2553 -0.819152044289 -0.286788218176 0.496731764892
0.2530 -0.819152044289 -0.148452505550 -0.554032293222
0.2513 -0.819152044289 -0.148452505550 0.554032293222
0.2522 -0.819152044289 0.000000000000 -0.573576436351
0.2522 -0.819152044289 0.000000000000 0.573576436351
0.2514 -0.819152044289 0.148452505550 -0.554032293222
0.2528 -0.819152044289 0.148452505550 0.554032293222
0.2554 -0.819152044289 0.286788218176 -0.496731764892
0.2554 -0.819152044289 0.286788218176 0.496731764892
0.2598 -0.819152044289 0.405579787673 -0.405579787673
0.2583 -0.819152044289 0.405579787673 0.405579787673
0.2651 -0.819152044289 0.496731764892 -0.286788218176
0.2652 -0.819152044289 0.496731764892 0.286788218176
0.2678 -0.819152044289 0.554032293222 -0.148452505550
0.2680 -0.819152044289 0.554032293222 0.148452505550
0.2713 -0.819152044289 0.573576436351 0.000000000000
0.2708 -0.766044443119 -0.642787609687 0.000000000000
0.2667 -0.766044443119 -0.620885153015 -0.166365675343
0.2663 -0.766044443119 -0.620885153015 0.166365675343
0.2632 -0.766044443119 -0.556670399226 -0.321393804843
0.2629 -0.766044443119 -0.556670399226 0.321393804843
0.2543 -0.766044443119 -0.454519477672 -0.454519477672
0.2565 -0.766044443119 -0.454519477672 0.454519477672
0.2506 -0.766044443119 -0.321393804843 -0.556670399226
0.2507 -0.766044443119 -0.321393804843 0.556670399226
0.2477 -0.766044443119 -0.166365675343 -0.620885153015
0.2456 -0.766044443119 -0.166365675343 0.620885153015
0.2469 -0.766044443119 0.000000000000 -0.642787609687
0.2469 -0.766044443119 0.000000011415 0.642787609687
0.2457 -0.766044443119 0.166365675343 -0.620885153015
0.2476 -0.766044443119 0.166365675343 0.620885153015
0.2508 -0.766044443119 0.321393804843 -0.556670399226
0.2508 -0.766044443119 0.321393804843 0.556670399226
0.2563 -0.766044443119 0.454519477672 -0.454519477672
0.2544 -0.766044443119 0.454519477672 0.454519477672
0.2630 -0.766044443119 0.556670399226 -0.321393804843
0.2631 -0.766044443119 0.556670399226 0.321393804843
0.2664 -0.766044443119 0.620885153015 -0.166365675343
0.2667 -0.766044443119 0.620885153015 0.166365675343
0.2708 -0.766044443119 0.642787609687 0.000000000000
0.2702 -0.707106781187 -0.707106781187 0.000000000000
0.2653 -0.707106781187 -0.683012701892 -0.183012701892
0.2649 -0.707106781187 -0.683012701892 0.183012701892
0.2610 -0.707106781187 -0.612372435696 -0.353553390593
0.2608 -0.707106781187 -0.612372435696 0.353553390593
0.2503 -0.707106781187 -0.500000000000 -0.500000000000
0.2529 -0.707106781187 -0.500000000000 0.500000000000
0.2459 -0.707106781187 -0.353553390593 -0.612372435696
0.2459 -0.707106781187 -0.353553390593 0.612372435696
0.2424 -0.707106781187 -0.183012701892 -0.683012701892
0.2398 -0.707106781187 -0.183012701892 0.683012701892
0.2413 -0.707106781187 0.000000000000 -0.707106781187
0.2413 -0.707106781187 0.000000000000 0.707106781187
0.2399 -0.707106781187 0.183012701892 -0.683012701892
0.2422 -0.707106781187 0.183012701892 0.683012701892
0.2460 -0.707106781187 0.353553390593 -0.612372435696
0.2460 -0.707106781187 0.353553390593 0.612372435696
0.2528 -0.707106781187 0.500000000000 -0.500000000000
0.2504 -0.707106781187 0.500000000000 0.500000000000
0.2608 -0.707106781187 0.612372435696 -0.353553390593
0.2610 -0.707106781187 0.612372435696 0.353553390593
0.2649 -0.707106781187 0.683012701892 -0.183012701892
0.2653 -0.707106781187 0.683012701892 0.183012701892
0.2702 -0.707106781187 0.707106781187 0.000000000000
0.2697 -0.642787609687 -0.766044443119 0.000000000000
0.2639 -0.642787609687 -0.739942111694 -0.198266891274
0.2634 -0.642787609687 -0.739942111694 0.198266891274
0.2589 -0.642787609687 -0.663413948169 -0.383022221559
0.2586 -0.642787609687 -0.663413948169 0.383022221559
0.2463 -0.642787609687 -0.541675220420 -0.541675220420
0.2494 -0.642787609687 -0.541675220420 0.541675220420
0.2411 -0.642787609687 -0.383022221559 -0.663413948169
0.2412 -0.642787609687 -0.383022221559 0.663413948169
0.2370 -0.642787609687 -0.198266891274 -0.739942111694
0.2340 -0.642787609687 -0.198266891274 0.739942111694
0.2357 -0.642787609687 0.000000000000 0.766044443119
0.2357 -0.642787609687 0.000000009578 -0.766044443119
0.2341 -0.642787609687 0.198266891274 -0.739942111694
0.2368 -0.642787609687 0.198266891274 0.739942111694
0.2413 -0.642787609687 0.383022221559 -0.663413948169
0.2413 -0.642787609687 0.383022221559 0.663413948169
0.2492 -0.642787609687 0.541675220420 -0.541675220420
0.2464 -0.642787609687 0.541675220420 0.541675220420
0.2587 -0.642787609687 0.663413948169 -0.383022221559
0.2589 -0.642787609687 0.663413948169 0.383022221559
0.2634 -0.642787609687 0.739942111694 -0.198266891274
0.2639 -0.642787609687 0.739942111694 0.198266891274
0.2697 -0.642787609687 0.766044443119 0.000000000000
0.2692 -0.573576436351 -0.819152044289 0.000000000000
0.2626 -0.573576436351 -0.791240115236 -0.212012149897
0.2620 -0.573576436351 -0.791240115236 0.212012149897
0.2568 -0.573576436351 -0.709406479916 -0.409576022144
0.2565 -0.573576436351 -0.709406479916 0.409576022144
0.2424 -0.573576436351 -0.579227965340 -0.579227965340
0.2459 -0.573576436351 -0.579227965340 0.579227965340
0.2365 -0.573576436351 -0.409576022144 -0.709406479916
0.2366 -0.573576436351 -0.409576022144 0.709406479916
0.2317 -0.573576436351 -0.212012149897 -0.791240115236
0.2284 -0.573576436351 -0.212012149897 0.791240115236
0.2304 -0.573576436351 0.000000000000 -0.819152044289
0.2304 -0.573576436351 0.000000000000 0.819152044289
0.2285 -0.573576436351 0.212012149897 -0.791240115236
0.2316 -0.573576436351 0.212012149897 0.791240115236
0.2367 -0.573576436351 0.409576022144 -0.709406479916
0.2367 -0.573576436351 0.409576022144 0.709406479916
0.2458 -0.573576436351 0.579227965340 -0.579227965340
0.2426 -0.573576436351 0.579227965340 0.579227965340
0.2565 -0.573576436351 0.709406479916 -0.409576022144
0.2568 -0.573576436351 0.709406479916 0.409576022144
0.2620 -0.573576436351 0.791240115236 -0.212012149897
0.2625 -0.573576436351 0.791240115236 0.212012149897
0.2692 -0.573576436351 0.819152044289 0.000000000000
0.2687 -0.500000000000 -0.866025403784 0.000000000000
0.2613 -0.500000000000 -0.836516303738 -0.224143868042
0.2607 -0.500000000000 -0.836516303738 0.224143868042
0.2549 -0.500000000000 -0.750000000000 -0.433012701892
0.2545 -0.500000000000 -0.750000000000 0.433012701892
0.2388 -0.500000000000 -0.612372435696 -0.612372435696
0.2427 -0.500000000000 -0.612372435696 0.612372435696
0.2322 -0.500000000000 -0.433012701892 -0.750000000000
0.2323 -0.500000000000 -0.433012701892 0.750000000000
0.2268 -0.500000000000 -0.224143868042 -0.836516303738
0.2231 -0.500000000000 -0.224143868042 0.836516303738
0.2253 -0.500000000000 0.000000000000 -0.866025403784
0.2253 -0.500000000000 0.000000000000 0.866025403784
0.2232 -0.500000000000 0.224143868042 -0.836516303738
0.2267 -0.500000000000 0.224143868042 0.836516303738
0.2324 -0.500000000000 0.433012701892 -0.750000000000
0.2323 -0.500000000000 0.433012701892 0.750000000000
0.2426 -0.500000000000 0.612372435696 -0.612372435696
0.2389 -0.500000000000 0.612372435696 0.612372435696
0.2546 -0.500000000000 0.750000000000 -0.433012701892
0.2549 -0.500000000000 0.750000000000 0.433012701892
0.2607 -0.500000000000 0.836516303738 -0.224143868042
0.2613 -0.500000000000 0.836516303738 0.224143868042
0.2687 -0.500000000000 0.866025403784 0.000000000000
0.2682 -0.422618261741 -0.906307787037 0.000000000000
0.2602 -0.422618261741 -0.875426098066 -0.234569716010
0.2595 -0.422618261741 -0.875426098066 0.234569716010
0.2531 -0.422618261741 -0.784885567221 -0.453153893518
0.2527 -0.422618261741 -0.784885567221 0.453153893518
0.2355 -0.422618261741 -0.640856382056 -0.640856382056
0.2398 -0.422618261741 -0.640856382056 0.640856382056
0.2283 -0.422618261741 -0.453153893518 -0.784885567221
0.2284 -0.422618261741 -0.453153893518 0.784885567221
0.2224 -0.422618261741 -0.234569716010 -0.875426098066
0.2183 -0.422618261741 -0.234569716010 0.875426098066
0.2207 -0.422618261741 -0.000000000000 -0.906307787037
0.2207 -0.422618261741 0.000000006298 0.906307787037
0.2184 -0.422618261741 0.234569716010 -0.875426098066
0.2222 -0.422618261741 0.234569716010 0.875426098066
0.2285 -0.422618261741 0.453153893518 -0.784885567221
0.2284 -0.422618261741 0.453153893518 0.784885567221
0.2397 -0.422618261741 0.640856382056 -0.640856382056
0.2356 -0.422618261741 0.640856382056 0.640856382056
0.2528 -0.422618261741 0.784885567221 -0.453153893518
0.2531 -0.422618261741 0.784885567221 0.453153893518
0.2595 -0.422618261741 0.875426098066 -0.234569716010
0.2601 -0.422618261741 0.875426098066 0.234569716010
0.2682 -0.422618261741 0.906307787037 0.000000000000
0.2679 -0.342020143326 -0.939692620786 0.000000000000
0.2592 -0.342020143326 -0.907673371190 -0.243210346802
0.2584 -0.342020143326 -0.907673371190 0.243210346802
0.2516 -0.342020143326 -0.813797681349 -0.469846310393
0.2512 -0.342020143326 -0.813797681349 0.469846310393
0.2327 -0.342020143326 -0.664463024389 -0.664463024389
0.2372 -0.342020143326 -0.664463024389 0.664463024389
0.2250 -0.342020143326 -0.469846310393 -0.813797681349
0.2250 -0.342020143326 -0.469846310393 0.813797681349
0.2185 -0.342020143326 -0.243210346802 -0.907673371190
0.2142 -0.342020143326 -0.243210346802 0.907673371190
0.2168 -0.342020143326 -0.000000007208 -0.939692620786
0.2168 -0.342020143326 0.000000000000 0.939692620786
0.2143 -0.342020143326 0.243210346802 -0.907673371190
0.2184 -0.342020143326 0.243210346802 0.907673371190
0.2251 -0.342020143326 0.469846310393 -0.813797681349
0.2251 -0.342020143326 0.469846310393 0.813797681349
0.2371 -0.342020143326 0.664463024389 -0.664463024389
0.2328 -0.342020143326 0.664463024389 0.664463024389
0.2512 -0.342020143326 0.813797681349 -0.469846310393
0.2516 -0.342020143326 0.813797681349 0.469846310393
0.2584 -0.342020143326 0.907673371190 -0.243210346802
0.2592 -0.342020143326 0.907673371190 0.243210346802
0.2679 -0.342020143326 0.939692620786 0.000000000000
0.2676 -0.258819045103 -0.965925826289 0.000000000000
0.2584 -0.258819045103 -0.933012701892 -0.250000000000
0.2576 -0.258819045103 -0.933012701892 0.250000000000
0.2504 -0.258819045103 -0.836516303738 -0.482962913145
0.2499 -0.258819045103 -0.836516303738 0.482962913145
0.2304 -0.258819045103 -0.683012701892 -0.683012701892
0.2352 -0.258819045103 -0.683012701892 0.683012701892
0.2222 -0.258819045103 -0.482962913145 -0.836516303738
0.2223 -0.258819045103 -0.482962913145 0.836516303738
0.2154 -0.258819045103 -0.250000000000 -0.933012701892
0.2109 -0.258819045103 -0.250000000000 0.933012701892
0.2136 -0.258819045103 -0.000000003857 -0.965925826289
0.2136 -0.258819045103 0.000000000000 0.965925826289
0.2109 -0.258819045103 0.250000000000 -0.933012701892
0.2153 -0.258819045103 0.250000000000 0.933012701892
0.2224 -0.258819045103 0.482962913145 -0.836516303738
0.2223 -0.258819045103 0.482962913145 0.836516303738
0.2351 -0.258819045103 0.683012701892 -0.683012701892
0.2305 -0.258819045103 0.683012701892 0.683012701892
0.2500 -0.258819045103 0.836516303738 -0.482962913145
0.2504 -0.258819045103 0.836516303738 0.482962913145
0.2576 -0.258819045103 0.933012701892 -0.250000000000
0.2584 -0.258819045103 0.933012701892 0.250000000000
0.2676 -0.258819045103 0.965925826289 0.000000000000
0.2673 -0.173648177667 -0.984807753012 0.000000000000
0.2578 -0.173648177667 -0.951251242564 -0.254887002244
0.2570 -0.173648177667 -0.951251242564 0.254887002244
0.2495 -0.173648177667 -0.852868531952 -0.492403876506
0.2490 -0.173648177667 -0.852868531952 0.492403876506
0.2288 -0.173648177667 -0.696364240320 -0.696364240320
0.2337 -0.173648177667 -0.696364240320 0.696364240320
0.2202 -0.173648177667 -0.492403876506 -0.852868531952
0.2203 -0.173648177667 -0.492403876506 0.852868531952
0.2131 -0.173648177667 -0.254887002244 -0.951251242564
0.2084 -0.173648177667 -0.254887002244 0.951251242564
0.2112 -0.173648177667 -0.000000000000 -0.984807753012
0.2112 -0.173648177667 0.000000000000 0.984807753012
0.2085 -0.173648177667 0.254887002244 -0.951251242564
0.2131 -0.173648177667 0.254887002244 0.951251242564
0.2203 -0.173648177667 0.492403876506 -0.852868531952
0.2203 -0.173648177667 0.492403876506 0.852868531952
0.2336 -0.173648177667 0.696364240320 -0.696364240320
0.2288 -0.173648177667 0.696364240320 0.696364240320
0.2491 -0.173648177667 0.852868531952 -0.492403876506
0.2495 -0.173648177667 0.852868531952 0.492403876506
0.2570 -0.173648177667 0.951251242564 -0.254887002244
0.2578 -0.173648177667 0.951251242564 0.254887002244
0.2673 -0.173648177667 0.984807753012 0.000000000000
0.2672 -0.087155742748 -0.996194698092 0.000000000000
0.2574 -0.087155742748 -0.962250186899 -0.257834160496
0.2566 -0.087155742748 -0.962250186899 0.257834160496
0.2489 -0.087155742748 -0.862729915663 -0.498097349046
0.2485 -0.087155742748 -0.862729915663 0.498097349046
0.2277 -0.087155742748 -0.704416026403 -0.704416026403
0.2327 -0.087155742748 -0.704416026403 0.704416026403
0.2190 -0.087155742748 -0.498097349046 -0.862729915663
0.2191 -0.087155742748 -0.498097349046 0.862729915663
0.2117 -0.087155742748 -0.257834160496 -0.962250186899
0.2069 -0.087155742748 -0.257834160496 0.962250186899
0.2098 -0.087155742748 -0.000000000000 -0.996194698092
0.2098 -0.087155742748 0.000000000000 0.996194698092
0.2070 -0.087155742748 0.257834160496 -0.962250186899
0.2117 -0.087155742748 0.257834160496 0.962250186899
0.2191 -0.087155742748 0.498097349046 -0.862729915663
0.2190 -0.087155742748 0.498097349046 0.862729915663
0.2327 -0.087155742748 0.704416026403 -0.704416026403
0.2278 -0.087155742748 0.704416026403 0.704416026403
0.2485 -0.087155742748 0.862729915663 -0.498097349046
0.2489 -0.087155742748 0.862729915663 0.498097349046
0.2566 -0.087155742748 0.962250186899 -0.257834160496
0.2574 -0.087155742748 0.962250186899 0.257834160496
0.2672 -0.087155742748 0.996194698092 0.000000000000
0.2671 0.000000000000 -1.000000000000 0.000000000000
0.2573 0.000000000000 -0.965925826289 -0.258819045103
0.2565 0.000000000000 -0.965925826289 0.258819045103
0.2487 0.000000000000 -0.866025403784 -0.500000000000
0.2483 0.000000000000 -0.866025403784 0.500000000000
0.2274 0.000000000000 -0.707106781187 -0.707106781187
0.2324 0.000000000000 -0.707106781187 0.707106781187
0.2186 0.000000000000 -0.500000000000 -0.866025403784
0.2187 0.000000000000 -0.500000000000 0.866025403784
0.2112 0.000000000000 -0.258819045103 -0.965925826289
0.2064 0.000000000000 -0.258819045103 0.965925826289
0.2093 0.000000000000 0.000000000000 -1.000000000000
0.2093 0.000000000000 0.000000000000 1.000000000000
0.2064 0.000000000000 0.258819045103 -0.965925826289
0.2112 0.000000000000 0.258819045103 0.965925826289
0.2187 0.000000000000 0.500000000000 -0.866025403784
0.2186 0.000000000000 0.500000000000 0.866025403784
0.2324 0.000000000000 0.707106781187 -0.707106781187
0.2274 0.000000000000 0.707106781187 0.707106781187
0.2483 0.000000000000 0.866025403784 -0.500000000000
0.2487 0.000000000000 0.866025403784 0.500000000000
0.2565 0.000000000000 0.965925826289 -0.258819045103
0.2573 0.000000000000 0.965925826289 0.258819045103
0.2671 0.000000000000 1.000000000000 0.000000000000
0.2672 0.087155742748 -0.996194698092 0.000000000000
0.2574 0.087155742748 -0.962250186899 -0.257834160496
0.2566 0.087155742748 -0.962250186899 0.257834160496
0.2489 0.087155742748 -0.862729915663 -0.498097349046
0.2485 0.087155742748 -0.862729915663 0.498097349046
0.2278 0.087155742748 -0.704416026403 -0.704416026403
0.2327 0.087155742748 -0.704416026403 0.704416026403
0.2190 0.087155742748 -0.498097349046 -0.862729915663
0.2191 0.087155742748 -0.498097349046 0.862729915663
0.2117 0.087155742748 -0.257834160496 -0.962250186899
0.2070 0.087155742748 -0.257834160496 0.962250186899
0.2098 0.087155742748 0.000000000000 -0.996194698092
0.2098 0.087155742748 0.000000000000 0.996194698092
0.2069 0.087155742748 0.257834160496 -0.962250186899
0.2117 0.087155742748 0.257834160496 0.962250186899
0.2191 0.087155742748 0.498097349046 -0.862729915663
0.2190 0.087155742748 0.498097349046 0.862729915663
0.2327 0.087155742748 0.704416026403 -0.704416026403
0.2277 0.087155742748 0.704416026403 0.704416026403
0.2485 0.087155742748 0.862729915663 -0.498097349046
0.2489 0.087155742748 0.862729915663 0.498097349046
0.2566 0.087155742748 0.962250186899 -0.257834160496
0.2574 0.087155742748 0.962250186899 0.257834160496
0.2672 0.087155742748 0.996194698092 0.000000000000
0.2673 0.173648177667 -0.984807753012 0.000000000000
0.2578 0.173648177667 -0.951251242564 -0.254887002244
0.2570 0.173648177667 -0.951251242564 0.254887002244
0.2495 0.173648177667 -0.852868531952 -0.492403876506
0.2491 0.173648177667 -0.852868531952 0.492403876506
0.2288 0.173648177667 -0.696364240320 -0.696364240320
0.2336 0.173648177667 -0.696364240320 0.696364240320
0.2203 0.173648177667 -0.492403876506 -0.852868531952
0.2203 0.173648177667 -0.492403876506 0.852868531952
0.2131 0.173648177667 -0.254887002244 -0.951251242564
0.2085 0.173648177667 -0.254887002244 0.951251242564
0.2112 0.173648177667 0.000000000000 -0.984807753012
0.2112 0.173648177667 0.000000000000 0.984807753012
0.2084 0.173648177667 0.254887002244 -0.951251242564
0.2131 0.173648177667 0.254887002244 0.951251242564
0.2203 0.173648177667 0.492403876506 -0.852868531952
0.2202 0.173648177667 0.492403876506 0.852868531952
0.2337 0.173648177667 0.696364240320 -0.696364240320
0.2288 0.173648177667 0.696364240320 0.696364240320
0.2490 0.173648177667 0.852868531952 -0.492403876506
0.2495 0.173648177667 0.852868531952 0.492403876506
0.2570 0.173648177667 0.951251242564 -0.254887002244
0.2578 0.173648177667 0.951251242564 0.254887002244
0.2673 0.173648177667 0.984807753012 0.000000000000
0.2676 0.258819045103 -0.965925826289 0.000000000000
0.2584 0.258819045103 -0.933012701892 -0.250000000000
0.2576 0.258819045103 -0.933012701892 0.250000000000
0.2504 0.258819045103 -0.836516303738 -0.482962913145
0.2500 0.258819045103 -0.836516303738 0.482962913145
0.2305 0.258819045103 -0.683012701892 -0.683012701892
0.2351 0.258819045103 -0.683012701892 0.683012701892
0.2223 0.258819045103 -0.482962913145 -0.836516303738
0.2224 0.258819045103 -0.482962913145 0.836516303738
0.2153 0.258819045103 -0.250000000000 -0.933012701892
0.2109 0.258819045103 -0.250000000000 0.933012701892
0.2136 0.258819045103 0.000000000000 -0.965925826289
0.2136 0.258819045103 0.000000003857 0.965925826289
0.2109 0.258819045103 0.250000000000 -0.933012701892
0.2154 0.258819045103 0.250000000000 0.933012701892
0.2223 0.258819045103 0.482962913145 -0.836516303738
0.2222 0.258819045103 0.482962913145 0.836516303738
0.2352 0.258819045103 0.683012701892 -0.683012701892
0.2304 0.258819045103 0.683012701892 0.683012701892
0.2499 0.258819045103 0.836516303738 -0.482962913145
0.2504 0.258819045103 0.836516303738 0.482962913145
0.2576 0.258819045103 0.933012701892 -0.250000000000
0.2584 0.258819045103 0.933012701892 0.250000000000
0.2676 0.258819045103 0.965925826289 0.000000000000
0.2679 0.342020143326 -0.939692620786 0.000000000000
0.2592 0.342020143326 -0.907673371190 -0.243210346802
0.2584 0.342020143326 -0.907673371190 0.243210346802
0.2516 0.342020143326 -0.813797681349 -0.469846310393
0.2512 0.342020143326 -0.813797681349 0.469846310393
0.2328 0.342020143326 -0.664463024389 -0.664463024389
0.2371 0.342020143326 -0.664463024389 0.664463024389
0.2251 0.342020143326 -0.469846310393 -0.813797681349
0.2251 0.342020143326 -0.469846310393 0.813797681349
0.2184 0.342020143326 -0.243210346802 -0.907673371190
0.2143 0.342020143326 -0.243210346802 0.907673371190
0.2168 0.342020143326 0.000000000000 -0.939692620786
0.2168 0.342020143326 0.000000007208 0.939692620786
0.2142 0.342020143326 0.243210346802 -0.907673371190
0.2185 0.342020143326 0.243210346802 0.907673371190
0.2250 0.342020143326 0.469846310393 -0.813797681349
0.2250 0.342020143326 0.469846310393 0.813797681349
0.2372 0.342020143326 0.664463024389 -0.664463024389
0.2327 0.342020143326 0.664463024389 0.664463024389
0.2512 0.342020143326 0.813797681349 -0.469846310393
0.2516 0.342020143326 0.813797681349 0.469846310393
0.2584 0.342020143326 0.907673371190 -0.243210346802
0.2592 0.342020143326 0.907673371190 0.243210346802
0.2679 0.342020143326 0.939692620786 0.000000000000
0.2682 0.422618261741 -0.906307787037 0.000000000000
0.2601 0.422618261741 -0.875426098066 -0.234569716010
0.2595 0.422618261741 -0.875426098066 0.234569716010
0.2531 0.422618261741 -0.784885567221 -0.453153893518
0.2528 0.422618261741 -0.784885567221 0.453153893518
0.2356 0.422618261741 -0.640856382056 -0.640856382056
0.2397 0.422618261741 -0.640856382056 0.640856382056
0.2284 0.422618261741 -0.453153893518 -0.784885567221
0.2285 0.422618261741 -0.453153893518 0.784885567221
0.2222 0.422618261741 -0.234569716010 -0.875426098066
0.2184 0.422618261741 -0.234569716010 0.875426098066
0.2207 0.422618261741 -0.000000006298 -0.906307787037
0.2207 0.422618261741 0.000000000000 0.906307787037
0.2183 0.422618261741 0.234569716010 -0.875426098066
0.2224 0.422618261741 0.234569716010 0.875426098066
0.2284 0.422618261741 0.453153893518 -0.784885567221
0.2283 0.422618261741 0.453153893518 0.784885567221
0.2398 0.422618261741 0.640856382056 -0.640856382056
0.2355 0.422618261741 0.640856382056 0.640856382056
0.2527 0.422618261741 0.784885567221 -0.453153893518
0.2531 0.422618261741 0.784885567221 0.453153893518
0.2595 0.422618261741 0.875426098066 -0.234569716010
0.2602 0.422618261741 0.875426098066 0.234569716010
0.2682 0.422618261741 0.906307787037 0.000000000000
0.2687 0.500000000000 -0.866025403784 0.000000000000
0.2613 0.500000000000 -0.836516303738 -0.224143868042
0.2607 0.500000000000 -0.836516303738 0.224143868042
0.2549 0.500000000000 -0.750000000000 -0.433012701892
0.2546 0.500000000000 -0.750000000000 0.433012701892
0.2389 0.500000000000 -0.612372435696 -0.612372435696
0.2426 0.500000000000 -0.612372435696 0.612372435696
0.2323 0.500000000000 -0.433012701892 -0.750000000000
0.2324 0.500000000000 -0.433012701892 0.750000000000
0.2267 0.500000000000 -0.224143868042 -0.836516303738
0.2232 0.500000000000 -0.224143868042 0.836516303738
0.2253 0.500000000000 0.000000000000 -0.866025403784
0.2253 0.500000000000 0.000000000000 0.866025403784
0.2231 0.500000000000 0.224143868042 -0.836516303738
0.2268 0.500000000000 0.224143868042 0.836516303738
0.2323 0.500000000000 0.433012701892 -0.750000000000
0.2322 0.500000000000 0.433012701892 0.750000000000
0.2427 0.500000000000 0.612372435696 -0.612372435696
0.2388 0.500000000000 0.612372435696 0.612372435696
0.2545 0.500000000000 0.750000000000 -0.433012701892
0.2549 0.500000000000 0.750000000000 0.433012701892
0.2607 0.500000000000 0.836516303738 -0.224143868042
0.2613 0.500000000000 0.836516303738 0.224143868042
0.2687 0.500000000000 0.866025403784 0.000000000000
0.2692 0.573576436351 -0.819152044289 0.000000000000
0.2625 0.573576436351 -0.791240115236 -0.212012149897
0.2620 0.573576436351 -0.791240115236 0.212012149897
0.2568 0.573576436351 -0.709406479916 -0.409576022144
0.2565 0.573576436351 -0.709406479916 0.409576022144
0.2426 0.573576436351 -0.579227965340 -0.579227965340
0.2458 0.573576436351 -0.579227965340 0.579227965340
0.2367 0.573576436351 -0.409576022144 -0.709406479916
0.2367 0.573576436351 -0.409576022144 0.709406479916
0.2316 0.573576436351 -0.212012149897 -0.791240115236
0.2285 0.573576436351 -0.212012149897 0.791240115236
0.2304 0.573576436351 0.000000000000 -0.819152044289
0.2304 0.573576436351 0.000000000000 0.819152044289
0.2284 0.573576436351 0.212012149897 -0.791240115236
0.2317 0.573576436351 0.212012149897 0.791240115236
0.2366 0.573576436351 0.409576022144 -0.709406479916
0.2365 0.573576436351 0.409576022144 0.709406479916
0.2459 0.573576436351 0.579227965340 -0.579227965340
0.2424 0.573576436351 0.579227965340 0.579227965340
0.2565 0.573576436351 0.709406479916 -0.409576022144
0.2568 0.573576436351 0.709406479916 0.409576022144
0.2620 0.573576436351 0.791240115236 -0.212012149897
0.2626 0.573576436351 0.791240115236 0.212012149897
0.2692 0.573576436351 0.819152044289 0.000000000000
0.2697 0.642787609687 -0.766044443119 0.000000000000
0.2639 0.642787609687 -0.739942111694 -0.198266891274
0.2634 0.642787609687 -0.739942111694 0.198266891274
0.2589 0.642787609687 -0.663413948169 -0.383022221559
0.2587 0.642787609687 -0.663413948169 0.383022221559
0.2464 0.642787609687 -0.541675220420 -0.541675220420
0.2492 0.642787609687 -0.541675220420 0.541675220420
0.2413 0.642787609687 -0.383022221559 -0.663413948169
0.2413 0.642787609687 -0.383022221559 0.663413948169
0.2368 0.642787609687 -0.198266891274 -0.739942111694
0.2341 0.642787609687 -0.198266891274 0.739942111694
0.2357 0.642787609687 -0.000000009578 0.766044443119
0.2357 0.642787609687 0.000000000000 -0.766044443119
0.2340 0.642787609687 0.198266891274 -0.739942111694
0.2370 0.642787609687 0.198266891274 0.739942111694
0.2412 0.642787609687 0.383022221559 -0.663413948169
0.2411 0.642787609687 0.383022221559 0.663413948169
0.2494 0.642787609687 0.541675220420 -0.541675220420
0.2463 0.642787609687 0.541675220420 0.541675220420
0.2586 0.642787609687 0.663413948169 -0.383022221559
0.2589 0.642787609687 0.663413948169 0.383022221559
0.2634 0.642787609687 0.739942111694 -0.198266891274
0.2639 0.642787609687 0.739942111694 0.198266891274
0.2697 0.642787609687 0.766044443119 0.000000000000
0.2702 0.707106781187 -0.707106781187 0.000000000000
0.2653 0.707106781187 -0.683012701892 -0.183012701892
0.2649 0.707106781187 -0.683012701892 0.183012701892
0.2610 0.707106781187 -0.612372435696 -0.353553390593
0.2608 0.707106781187 -0.612372435696 0.353553390593
0.2504 0.707106781187 -0.500000000000 -0.500000000000
0.2528 0.707106781187 -0.500000000000 0.500000000000
0.2460 0.707106781187 -0.353553390593 -0.612372435696
0.2460 0.707106781187 -0.353553390593 0.612372435696
0.2422 0.707106781187 -0.183012701892 -0.683012701892
0.2399 0.707106781187 -0.183012701892 0.683012701892
0.2413 0.707106781187 0.000000000000 -0.707106781187
0.2413 0.707106781187 0.000000000000 0.707106781187
0.2398 0.707106781187 0.183012701892 -0.683012701892
0.2424 0.707106781187 0.183012701892 0.683012701892
0.2459 0.707106781187 0.353553390593 -0.612372435696
0.2459 0.707106781187 0.353553390593 0.612372435696
0.2529 0.707106781187 0.500000000000 -0.500000000000
0.2503 0.707106781187 0.500000000000 0.500000000000
0.2608 0.707106781187 0.612372435696 -0.353553390593
0.2610 0.707106781187 0.612372435696 0.353553390593
0.2649 0.707106781187 0.683012701892 -0.183012701892
0.2653 0.707106781187 0.683012701892 0.183012701892
0.2702 0.707106781187 0.707106781187 0.000000000000
0.2708 0.766044443119 -0.642787609687 0.000000000000
0.2667 0.766044443119 -0.620885153015 -0.166365675343
0.2664 0.766044443119 -0.620885153015 0.166365675343
0.2631 0.766044443119 -0.556670399226 -0.321393804843
0.2630 0.766044443119 -0.556670399226 0.321393804843
0.2544 0.766044443119 -0.454519477672 -0.454519477672
0.2563 0.766044443119 -0.454519477672 0.454519477672
0.2508 0.766044443119 -0.321393804843 -0.556670399226
0.2508 0.766044443119 -0.321393804843 0.556670399226
0.2476 0.766044443119 -0.166365675343 -0.620885153015
0.2457 0.766044443119 -0.166365675343 0.620885153015
0.2469 0.766044443119 -0.000000011415 -0.642787609687
0.2469 0.766044443119 0.000000000000 0.642787609687
0.2456 0.766044443119 0.166365675343 -0.620885153015
0.2477 0.766044443119 0.166365675343 0.620885153015
0.2507 0.766044443119 0.321393804843 -0.556670399226
0.2506 0.766044443119 0.321393804843 0.556670399226
0.2565 0.766044443119 0.454519477672 -0.454519477672
0.2543 0.766044443119 0.454519477672 0.454519477672
0.2629 0.766044443119 0.556670399226 -0.321393804843
0.2632 0.766044443119 0.556670399226 0.321393804843
0.2663 0.766044443119 0.620885153015 -0.166365675343
0.2667 0.766044443119 0.620885153015 0.166365675343
0.2708 0.766044443119 0.642787609687 0.000000000000
0.2713 0.819152044289 -0.573576436351 0.000000000000
0.2680 0.819152044289 -0.554032293222 -0.148452505550
0.2678 0.819152044289 -0.554032293222 0.148452505550
0.2652 0.819152044289 -0.496731764892 -0.286788218176
0.2651 0.819152044289 -0.496731764892 0.286788218176
0.2583 0.819152044289 -0.405579787673 -0.405579787673
0.2598 0.819152044289 -0.405579787673 0.405579787673
0.2554 0.819152044289 -0.286788218176 -0.496731764892
0.2554 0.819152044289 -0.286788218176 0.496731764892
0.2528 0.819152044289 -0.148452505550 -0.554032293222
0.2514 0.819152044289 -0.148452505550 0.554032293222
0.2522 0.819152044289 0.000000000000 -0.573576436351
0.2522 0.819152044289 0.000000000000 0.573576436351
0.2513 0.819152044289 0.148452505550 -0.554032293222
0.2530 0.819152044289 0.148452505550 0.554032293222
0.2553 0.819152044289 0.286788218176 -0.496731764892
0.2552 0.819152044289 0.286788218176 0.496731764892
0.2599 0.819152044289 0.405579787673 -0.405579787673
0.2581 0.819152044289 0.405579787673 0.405579787673
0.2650 0.819152044289 0.496731764892 -0.286788218176
0.2652 0.819152044289 0.496731764892 0.286788218176
0.2678 0.819152044289 0.554032293222 -0.148452505550
0.2680 0.819152044289 0.554032293222 0.148452505550
0.2713 0.819152044289 0.573576436351 0.000000000000
0.2718 0.866025403784 -0.500000000000 0.000000000000
0.2693 0.866025403784 -0.482962913145 -0.129409522551
0.2691 0.866025403784 -0.482962913145 0.129409522551
0.2671 0.866025403784 -0.433012701892 -0.250000000000
0.2671 0.866025403784 -0.433012701892 0.250000000000
0.2619 0.866025403784 -0.353553390593 -0.353553390593
0.2630 0.866025403784 -0.353553390593 0.353553390593
0.2597 0.866025403784 -0.250000000000 -0.433012701892
0.2597 0.866025403784 -0.250000000000 0.433012701892
0.2577 0.866025403784 -0.129409522551 -0.482962913145
0.2566 0.866025403784 -0.129409522551 0.482962913145
0.2573 0.866025403784 0.000000000000 -0.500000000000
0.2573 0.866025403784 0.000000000000 0.500000000000
0.2565 0.866025403784 0.129409522551 -0.482962913145
0.2579 0.866025403784 0.129409522551 0.482962913145
0.2596 0.866025403784 0.250000000000 -0.433012701892
0.2596 0.866025403784 0.250000000000 0.433012701892
0.2631 0.866025403784 0.353553390593 -0.353553390593
0.2618 0.866025403784 0.353553390593 0.353553390593
0.2670 0.866025403784 0.433012701892 -0.250000000000
0.2672 0.866025403784 0.433012701892 0.250000000000
0.2691 0.866025403784 0.482962913145 -0.129409522551
0.2693 0.866025403784 0.482962913145 0.129409522551
0.2718 0.866025403784 0.500000000000 0.000000000000
0.2722 0.906307787037 -0.422618261741 0.000000000000
0.2704 0.906307787037 -0.408217893677 -0.109381654947
0.2703 0.906307787037 -0.408217893677 0.109381654947
0.2689 0.906307787037 -0.365998150771 -0.211309130870
0.2689 0.906307787037 -0.365998150771 0.211309130870
0.2652 0.906307787037 -0.298836238730 -0.298836238730
0.2659 0.906307787037 -0.298836238730 0.298836238730
0.2636 0.906307787037 -0.211309130870 -0.365998150771
0.2636 0.906307787037 -0.211309130870 0.365998150771
0.2621 0.906307787037 -0.109381654947 -0.408217893677
0.2614 0.906307787037 -0.109381654947 0.408217893677
0.2619 0.906307787037 -0.000000013505 0.422618261741
0.2619 0.906307787037 0.000000000000 -0.422618261741
0.2613 0.906307787037 0.109381654947 -0.408217893677
0.2623 0.906307787037 0.109381654947 0.408217893677
0.2635 0.906307787037 0.211309130870 -0.365998150771
0.2635 0.906307787037 0.211309130870 0.365998150771
0.2660 0.906307787037 0.298836238730 -0.298836238730
0.2650 0.906307787037 0.298836238730 0.298836238730
0.2688 0.906307787037 0.365998150771 -0.211309130870
0.2689 0.906307787037 0.365998150771 0.211309130870
0.2703 0.906307787037 0.408217893677 -0.109381654947
0.2704 0.906307787037 0.408217893677 0.109381654947
0.2722 0.906307787037 0.422618261741 0.000000000000
0.2726 0.939692620786 -0.342020143326 0.000000000000
0.2714 0.939692620786 -0.330366089549 -0.088521326901
0.2713 0.939692620786 -0.330366089549 0.088521326901
0.2704 0.939692620786 -0.296198132726 -0.171010071663
0.2704 0.939692620786 -0.296198132726 0.171010071663
0.2680 0.939692620786 -0.241844762648 -0.241844762648
0.2685 0.939692620786 -0.241844762648 0.241844762648
0.2669 0.939692620786 -0.171010071663 -0.296198132726
0.2669 0.939692620786 -0.171010071663 0.296198132726
0.2660 0.939692620786 -0.088521326901 -0.330366089549
0.2655 0.939692620786 -0.088521326901 0.330366089549
0.2658 0.939692620786 0.000000000000 -0.342020143326
0.2658 0.939692620786 0.000000000000 0.342020143326
0.2654 0.939692620786 0.088521326901 -0.330366089549
0.2661 0.939692620786 0.088521326901 0.330366089549
0.2669 0.939692620786 0.171010071663 -0.296198132726
0.2669 0.939692620786 0.171010071663 0.296198132726
0.2686 0.939692620786 0.241844762648 -0.241844762648
0.2679 0.939692620786 0.241844762648 0.241844762648
0.2704 0.939692620786 0.296198132726 -0.171010071663
0.2704 0.939692620786 0.296198132726 0.171010071663
0.2713 0.939692620786 0.330366089549 -0.088521326901
0.2714 0.939692620786 0.330366089549 0.088521326901
0.2726 0.939692620786 0.342020143326 0.000000000000
0.2729 0.965925826289 -0.258819045103 0.000000000000
0.2722 0.965925826289 -0.250000000000 -0.066987298108
0.2722 0.965925826289 -0.250000000000 0.066987298108
0.2716 0.965925826289 -0.224143868042 -0.129409522551
0.2716 0.965925826289 -0.224143868042 0.129409522551
0.2703 0.965925826289 -0.183012701892 -0.183012701892
0.2705 0.965925826289 -0.183012701892 0.183012701892
0.2697 0.965925826289 -0.129409522551 -0.224143868042
0.2697 0.965925826289 -0.129409522551 0.224143868042
0.2691 0.965925826289 -0.066987298108 -0.250000000000
0.2688 0.965925826289 -0.066987298108 0.250000000000
0.2690 0.965925826289 -0.000000014393 -0.258819045103
0.2690 0.965925826289 0.000000000000 0.258819045103
0.2688 0.965925826289 0.066987298108 -0.250000000000
0.2692 0.965925826289 0.066987298108 0.250000000000
0.2696 0.965925826289 0.129409522551 -0.224143868042
0.2696 0.965925826289 0.129409522551 0.224143868042
0.2706 0.965925826289 0.183012701892 -0.183012701892
0.2702 0.965925826289 0.183012701892 0.183012701892
0.2716 0.965925826289 0.224143868042 -0.129409522551
0.2717 0.965925826289 0.224143868042 0.129409522551
0.2722 0.965925826289 0.250000000000 -0.066987298108
0.2722 0.965925826289 0.250000000000 0.066987298108
0.2729 0.965925826289 0.258819045103 0.000000000000
0.2731 0.984807753012 -0.173648177667 0.000000000000
0.2728 0.984807753012 -0.167731259497 -0.044943455528
0.2728 0.984807753012 -0.167731259497 0.044943455528
0.2726 0.984807753012 -0.150383733180 -0.086824088833
0.2726 0.984807753012 -0.150383733180 0.086824088833
0.2719 0.984807753012 -0.122787803969 -0.122787803969
0.2720 0.984807753012 -0.122787803969 0.122787803969
0.2717 0.984807753012 -0.086824088833 -0.150383733180
0.2717 0.984807753012 -0.086824088833 0.150383733180
0.2714 0.984807753012 -0.044943455528 -0.167731259497
0.2713 0.984807753012 -0.044943455528 0.167731259497
0.2714 0.984807753012 -0.000000014675 -0.173648177667
0.2714 0.984807753012 0.000000000000 0.173648177667
0.2713 0.984807753012 0.044943455528 -0.167731259497
0.2715 0.984807753012 0.044943455528 0.167731259497
0.2716 0.984807753012 0.086824088833 -0.150383733180
0.2716 0.984807753012 0.086824088833 0.150383733180
0.2721 0.984807753012 0.122787803969 -0.122787803969
0.2719 0.984807753012 0.122787803969 0.122787803969
0.2725 0.984807753012 0.150383733180 -0.086824088833
0.2726 0.984807753012 0.150383733180 0.086824088833
0.2728 0.984807753012 0.167731259497 -0.044943455528
0.2728 0.984807753012 0.167731259497 0.044943455528
0.2731 0.984807753012 0.173648177667 0.000000000000
0.2733 0.996194698092 -0.087155742748 0.000000000000
0.2732 0.996194698092 -0.084185982829 -0.022557566113
0.2732 0.996194698092 -0.084185982829 0.022557566113
0.2731 0.996194698092 -0.075479087305 -0.043577871374
0.2731 0.996194698092 -0.075479087305 0.043577871374
0.2730 0.996194698092 -0.061628416716 -0.061628416716
0.2730 0.996194698092 -0.061628416716 0.061628416716
0.2729 0.996194698092 -0.043577871374 -0.075479087305
0.2729 0.996194698092 -0.043577871374 0.075479087305
0.2728 0.996194698092 -0.022557566113 -0.084185982829
0.2728 0.996194698092 -0.022557566113 0.084185982829
0.2728 0.996194698092 0.000000000000 -0.087155742748
0.2728 0.996194698092 0.000000000000 0.087155742748
0.2728 0.996194698092 0.022557566113 -0.084185982829
0.2728 0.996194698092 0.022557566113 0.084185982829
0.2729 0.996194698092 0.043577871374 -0.075479087305
0.2729 0.996194698092 0.043577871374 0.075479087305
0.2730 0.996194698092 0.061628416716 -0.061628416716
0.2729 0.996194698092 0.061628416716 0.061628416716
0.2731 0.996194698092 0.075479087305 -0.043577871374
0.2731 0.996194698092 0.075479087305 0.043577871374
0.2732 0.996194698092 0.084185982829 -0.022557566113
0.2732 0.996194698092 0.084185982829 0.022557566113
0.2733 0.996194698092 0.087155742748 0.000000000000
0.2733 1.000000000000 0.000000000000 0.000000000000
