5.3611 0.1753 -1.000000000000 0.000000000000 0.000000000000 10.0000
5.3593 0.1753 -0.996194698092 -0.087155742748 0.000000000000 10.0000
5.3590 0.1753 -0.996194698092 -0.084185982829 -0.022557566113 10.0000
5.3591 0.1753 -0.996194698092 -0.084185982829 0.022557566113 10.0000
5.3585 0.1753 -0.996194698092 -0.075479087305 -0.043577871374 10.0000
5.3584 0.1753 -0.996194698092 -0.075479087305 0.043577871374 10.0000
5.3565 0.1753 -0.996194698092 -0.061628416716 -0.061628416716 10.0000
5.3568 0.1753 -0.996194698092 -0.061628416716 0.061628416716 10.0000
5.3559 0.1753 -0.996194698092 -0.043577871374 -0.075479087305 10.0000
5.3558 0.1753 -0.996194698092 -0.043577871374 0.075479087305 10.0000
5.3541 0.1753 -0.996194698092 -0.022557566113 -0.084185982829 10.0000
5.3546 0.1753 -0.996194698092 -0.022557566113 0.084185982829 10.0000
5.3534 0.1753 -0.996194698092 0.000000000000 -0.087155742748 10.0000
5.3538 0.1753 -0.996194698092 0.000000014844 0.087155742748 10.0000
5.3543 0.1753 -0.996194698092 0.022557566113 -0.084185982829 10.0000
5.3543 0.1753 -0.996194698092 0.022557566113 0.084185982829 10.0000
5.3554 0.1753 -0.996194698092 0.043577871374 -0.075479087305 10.0000
5.3560 0.1753 -0.996194698092 0.043577871374 0.075479087305 10.0000
5.3565 0.1753 -0.996194698092 0.061628416716 -0.061628416716 10.0000
5.3566 0.1753 -0.996194698092 0.061628416716 0.061628416716 10.0000
5.3584 0.1753 -0.996194698092 0.075479087305 -0.043577871374 10.0000
5.3584 0.1753 -0.996194698092 0.075479087305 0.043577871374 10.0000
5.3592 0.1753 -0.996194698092 0.084185982829 -0.022557566113 10.0000
5.3592 0.1753 -0.996194698092 0.084185982829 0.022557566113 10.0000
5.3593 0.1753 -0.996194698092 0.087155742748 0.000000000000 10.0000
5.3540 0.1753 -0.984807753012 -0.173648177667 0.000000000000 10.0000
5.3532 0.1753 -0.984807753012 -0.167731259497 -0.044943455528 10.0000
5.3534 0.1753 -0.984807753012 -0.167731259497 0.044943455528 10.0000
5.3506 0.1753 -0.984807753012 -0.150383733180 -0.086824088833 10.0000
5.3505 0.1753 -0.984807753012 -0.150383733180 0.086824088833 10.0000
5.3430 0.1753 -0.984807753012 -0.122787803969 -0.122787803969 10.0000
5.3438 0.1753 -0.984807753012 -0.122787803969 0.122787803969 10.0000
5.3406 0.1753 -0.984807753012 -0.086824088833 -0.150383733180 10.0000
5.3398 0.1753 -0.984807753012 -0.086824088833 0.150383733180 10.0000
5.3336 0.1753 -0.984807753012 -0.044943455528 -0.167731259497 10.0000
5.3351 0.1753 -0.984807753012 -0.044943455528 0.167731259497 10.0000
5.3311 0.1753 -0.984807753012 0.000000000000 -0.173648177667 10.0000
5.3317 0.1753 -0.984807753012 0.000000000000 0.173648177667 10.0000
5.3345 0.1753 -0.984807753012 0.044943455528 -0.167731259497 10.0000
5.3340 0.1753 -0.984807753012 0.044943455528 0.167731259497 10.0000
5.3391 0.1753 -0.984807753012 0.086824088833 -0.150383733180 10.0000
5.3408 0.1753 -0.984807753012 0.086824088833 0.150383733180 10.0000
5.3433 0.1753 -0.984807753012 0.122787803969 -0.122787803969 10.0000
5.3432 0.1753 -0.984807753012 0.122787803969 0.122787803969 10.0000
5.3504 0.1753 -0.984807753012 0.150383733180 -0.086824088833 10.0000
5.3504 0.1753 -0.984807753012 0.150383733180 0.086824088833 10.0000
5.3537 0.1753 -0.984807753012 0.167731259497 -0.044943455528 10.0000
5.3534 0.1753 -0.984807753012 0.167731259497 0.044943455528 10.0000
5.3540 0.1753 -0.984807753012 0.173648177667 0.000000000000 10.0000
5.3454 0.1753 -0.965925826289 -0.258819045103 0.000000000000 10.0000
5.3436 0.1753 -0.965925826289 -0.250000000000 -0.066987298108 10.0000
5.3442 0.1753 -0.965925826289 -0.250000000000 0.066987298108 10.0000
5.3378 0.1753 -0.965925826289 -0.224143868042 -0.129409522551 10.0000
5.3375 0.1753 -0.965925826289 -0.224143868042 0.129409522551 10.0000
5.3210 0.1753 -0.965925826289 -0.183012701892 -0.183012701892 10.0000
5.3226 0.1753 -0.965925826289 -0.183012701892 0.183012701892 10.0000
5.3157 0.1753 -0.965925826289 -0.129409522551 -0.224143868042 10.0000
5.3135 0.1753 -0.965925826289 -0.129409522551 0.224143868042 10.0000
5.3002 0.1753 -0.965925826289 -0.066987298108 -0.250000000000 10.0000
5.3031 0.1753 -0.965925826289 -0.066987298108 0.250000000000 10.0000
5.2947 0.1753 -0.965925826289 0.000000000000 -0.258819045103 10.0000
5.2956 0.1753 -0.965925826289 0.000000014393 0.258819045103 10.0000
5.3022 0.1753 -0.965925826289 0.066987298108 -0.250000000000 10.0000
5.3008 0.1753 -0.965925826289 0.066987298108 0.250000000000 10.0000
5.3125 0.1753 -0.965925826289 0.129409522551 -0.224143868042 10.0000
5.3160 0.1753 -0.965925826289 0.129409522551 0.224143868042 10.0000
5.3218 0.1753 -0.965925826289 0.183012701892 -0.183012701892 10.0000
5.3213 0.1753 -0.965925826289 0.183012701892 0.183012701892 10.0000
5.3375 0.1753 -0.965925826289 0.224143868042 -0.129409522551 10.0000
5.3375 0.1753 -0.965925826289 0.224143868042 0.129409522551 10.0000
5.3446 0.1753 -0.965925826289 0.250000000000 -0.066987298108 10.0000
5.3440 0.1753 -0.965925826289 0.250000000000 0.066987298108 10.0000
5.3455 0.1753 -0.965925826289 0.258819045103 0.000000000000 10.0000
5.3337 0.1753 -0.939692620786 -0.342020143326 0.000000000000 10.0000
5.3307 0.1753 -0.939692620786 -0.330366089549 -0.088521326901 10.0000
5.3317 0.1753 -0.939692620786 -0.330366089549 0.088521326901 10.0000
5.3204 0.1753 -0.939692620786 -0.296198132726 -0.171010071663 10.0000
5.3199 0.1753 -0.939692620786 -0.296198132726 0.171010071663 10.0000
5.2913 0.1753 -0.939692620786 -0.241844762648 -0.241844762648 10.0000
5.2937 0.1753 -0.939692620786 -0.241844762648 0.241844762648 10.0000
5.2819 0.1753 -0.939692620786 -0.171010071663 -0.296198132726 10.0000
5.2777 0.1753 -0.939692620786 -0.171010071663 0.296198132726 10.0000
5.2549 0.1753 -0.939692620786 -0.088521326901 -0.330366089549 10.0000
5.2597 0.1753 -0.939692620786 -0.088521326901 0.330366089549 10.0000
5.2454 0.1753 -0.939692620786 0.000000000000 -0.342020143326 10.0000
5.2466 0.1753 -0.939692620786 0.000000000000 0.342020143326 10.0000
5.2585 0.1753 -0.939692620786 0.088521326901 -0.330366089549 10.0000
5.2556 0.1753 -0.939692620786 0.088521326901 0.330366089549 10.0000
5.2765 0.1753 -0.939692620786 0.171010071663 -0.296198132726 10.0000
5.2824 0.1753 -0.939692620786 0.171010071663 0.296198132726 10.0000
5.2927 0.1753 -0.939692620786 0.241844762648 -0.241844762648 10.0000
5.2916 0.1753 -0.939692620786 0.241844762648 0.241844762648 10.0000
5.3199 0.1753 -0.939692620786 0.296198132726 -0.171010071663 10.0000
5.3200 0.1753 -0.939692620786 0.296198132726 0.171010071663 10.0000
5.3322 0.1753 -0.939692620786 0.330366089549 -0.088521326901 10.0000
5.3311 0.1753 -0.939692620786 0.330366089549 0.088521326901 10.0000
5.3338 0.1753 -0.939692620786 0.342020143326 0.000000000000 10.0000
5.3194 0.1753 -0.906307787037 -0.422618261741 0.000000000000 10.0000
5.3148 0.1753 -0.906307787037 -0.408217893677 -0.109381654947 10.0000
5.3164 0.1753 -0.906307787037 -0.408217893677 0.109381654947 10.0000
5.2988 0.1753 -0.906307787037 -0.365998150771 -0.211309130870 10.0000
5.2982 0.1753 -0.906307787037 -0.365998150771 0.211309130870 10.0000
5.2545 0.1753 -0.906307787037 -0.298836238730 -0.298836238730 10.0000
5.2581 0.1753 -0.906307787037 -0.298836238730 0.298836238730 10.0000
5.2402 0.1753 -0.906307787037 -0.211309130870 -0.365998150771 10.0000
5.2336 0.1753 -0.906307787037 -0.211309130870 0.365998150771 10.0000
5.1991 0.1753 -0.906307787037 -0.109381654947 -0.408217893677 10.0000
5.2061 0.1753 -0.906307787037 -0.109381654947 0.408217893677 10.0000
5.1846 0.1753 -0.906307787037 -0.000000000000 -0.422618261741 10.0000
5.1861 0.1753 -0.906307787037 0.000000000000 0.422618261741 10.0000
5.2047 0.1753 -0.906307787037 0.109381654947 -0.408217893677 10.0000
5.2000 0.1753 -0.906307787037 0.109381654947 0.408217893677 10.0000
5.2321 0.1753 -0.906307787037 0.211309130870 -0.365998150771 10.0000
5.2408 0.1753 -0.906307787037 0.211309130870 0.365998150771 10.0000
5.2568 0.1753 -0.906307787037 0.298836238730 -0.298836238730 10.0000
5.2549 0.1753 -0.906307787037 0.298836238730 0.298836238730 10.0000
5.2982 0.1753 -0.906307787037 0.365998150771 -0.211309130870 10.0000
5.2984 0.1753 -0.906307787037 0.365998150771 0.211309130870 10.0000
5.3169 0.1753 -0.906307787037 0.408217893677 -0.109381654947 10.0000
5.3153 0.1753 -0.906307787037 0.408217893677 0.109381654947 10.0000
5.3194 0.1753 -0.906307787037 0.422618261741 0.000000000000 10.0000
5.3027 0.1753 -0.866025403784 -0.500000000000 0.000000000000 10.0000
5.2964 0.1753 -0.866025403784 -0.482962913145 -0.129409522551 10.0000
5.2986 0.1753 -0.866025403784 -0.482962913145 0.129409522551 10.0000
5.2739 0.1753 -0.866025403784 -0.433012701892 -0.250000000000 10.0000
5.2731 0.1753 -0.866025403784 -0.433012701892 0.250000000000 10.0000
5.2120 0.1753 -0.866025403784 -0.353553390593 -0.353553390593 10.0000
5.2167 0.1753 -0.866025403784 -0.353553390593 0.353553390593 10.0000
5.1920 0.1753 -0.866025403784 -0.250000000000 -0.433012701892 10.0000
5.1825 0.1753 -0.866025403784 -0.250000000000 0.433012701892 10.0000
5.1345 0.1753 -0.866025403784 -0.129409522551 -0.482962913145 10.0000
5.1440 0.1753 -0.866025403784 -0.129409522551 0.482962913145 10.0000
5.1143 0.1753 -0.866025403784 -0.000000012905 -0.500000000000 10.0000
5.1160 0.1753 -0.866025403784 0.000000000000 0.500000000000 10.0000
5.1424 0.1753 -0.866025403784 0.129409522551 -0.482962913145 10.0000
5.1355 0.1753 -0.866025403784 0.129409522551 0.482962913145 10.0000
5.1808 0.1753 -0.866025403784 0.250000000000 -0.433012701892 10.0000
5.1927 0.1753 -0.866025403784 0.250000000000 0.433012701892 10.0000
5.2153 0.1753 -0.866025403784 0.353553390593 -0.353553390593 10.0000
5.2125 0.1753 -0.866025403784 0.353553390593 0.353553390593 10.0000
5.2731 0.1753 -0.866025403784 0.433012701892 -0.250000000000 10.0000
5.2734 0.1753 -0.866025403784 0.433012701892 0.250000000000 10.0000
5.2992 0.1753 -0.866025403784 0.482962913145 -0.129409522551 10.0000
5.2969 0.1753 -0.866025403784 0.482962913145 0.129409522551 10.0000
5.3028 0.1753 -0.866025403784 0.500000000000 0.000000000000 10.0000
5.2843 0.1753 -0.819152044289 -0.573576436351 0.000000000000 10.0000
5.2760 0.1753 -0.819152044289 -0.554032293222 -0.148452505550 10.0000
5.2789 0.1753 -0.819152044289 -0.554032293222 0.148452505550 10.0000
5.2463 0.1753 -0.819152044289 -0.496731764892 -0.286788218176 10.0000
5.2453 0.1753 -0.819152044289 -0.496731764892 0.286788218176 10.0000
5.1650 0.1753 -0.819152044289 -0.405579787673 -0.405579787673 10.0000
5.1709 0.1753 -0.819152044289 -0.405579787673 0.405579787673 10.0000
5.1387 0.1753 -0.819152044289 -0.286788218176 -0.496731764892 10.0000
5.1259 0.1753 -0.819152044289 -0.286788218176 0.496731764892 10.0000
5.0630 0.1753 -0.819152044289 -0.148452505550 -0.554032293222 10.0000
5.0752 0.1753 -0.819152044289 -0.148452505550 0.554032293222 10.0000
5.0365 0.1753 -0.819152044289 -0.000000000000 -0.573576436351 10.0000
5.0383 0.1753 -0.819152044289 0.000000000000 0.573576436351 10.0000
5.0735 0.1753 -0.819152044289 0.148452505550 -0.554032293222 10.0000
5.0641 0.1753 -0.819152044289 0.148452505550 0.554032293222 10.0000
5.1240 0.1753 -0.819152044289 0.286788218176 -0.496731764892 10.0000
5.1394 0.1753 -0.819152044289 0.286788218176 0.496731764892 10.0000
5.1694 0.1753 -0.819152044289 0.405579787673 -0.405579787673 10.0000
5.1655 0.1753 -0.819152044289 0.405579787673 0.405579787673 10.0000
5.2453 0.1753 -0.819152044289 0.496731764892 -0.286788218176 10.0000
5.2457 0.1753 -0.819152044289 0.496731764892 0.286788218176 10.0000
5.2796 0.1753 -0.819152044289 0.554032293222 -0.148452505550 10.0000
5.2766 0.1753 -0.819152044289 0.554032293222 0.148452505550 10.0000
5.2844 0.1753 -0.819152044289 0.573576436351 0.000000000000 10.0000
5.2646 0.1753 -0.766044443119 -0.642787609687 0.000000000000 10.0000
5.2543 0.1753 -0.766044443119 -0.620885153015 -0.166365675343 10.0000
5.2580 0.1753 -0.766044443119 -0.620885153015 0.166365675343 10.0000
5.2169 0.1753 -0.766044443119 -0.556670399226 -0.321393804843 10.0000
5.2157 0.1753 -0.766044443119 -0.556670399226 0.321393804843 10.0000
5.1148 0.1753 -0.766044443119 -0.454519477672 -0.454519477672 10.0000
5.1221 0.1753 -0.766044443119 -0.454519477672 0.454519477672 10.0000
5.0818 0.1753 -0.766044443119 -0.321393804843 -0.556670399226 10.0000
5.0655 0.1753 -0.766044443119 -0.321393804843 0.556670399226 10.0000
4.9869 0.1753 -0.766044443119 -0.166365675343 -0.620885153015 10.0000
5.0019 0.1753 -0.766044443119 -0.166365675343 0.620885153015 10.0000
4.9537 0.1753 -0.766044443119 -0.000000000000 -0.642787609687 10.0000
4.9556 0.1753 -0.766044443119 0.000000000000 0.642787609687 10.0000
5.0001 0.1753 -0.766044443119 0.166365675343 -0.620885153015 10.0000
4.9880 0.1753 -0.766044443119 0.166365675343 0.620885153015 10.0000
5.0635 0.1753 -0.766044443119 0.321393804843 -0.556670399226 10.0000
5.0826 0.1753 -0.766044443119 0.321393804843 0.556670399226 10.0000
5.1205 0.1753 -0.766044443119 0.454519477672 -0.454519477672 10.0000
5.1154 0.1753 -0.766044443119 0.454519477672 0.454519477672 10.0000
5.2156 0.1753 -0.766044443119 0.556670399226 -0.321393804843 10.0000
5.2163 0.1753 -0.766044443119 0.556670399226 0.321393804843 10.0000
5.2587 0.1753 -0.766044443119 0.620885153015 -0.166365675343 10.0000
5.2549 0.1753 -0.766044443119 0.620885153015 0.166365675343 10.0000
5.2647 0.1753 -0.766044443119 0.642787609687 0.000000000000 10.0000
5.2444 0.1753 -0.707106781187 -0.707106781187 0.000000000000 10.0000
5.2319 0.1753 -0.707106781187 -0.683012701892 -0.183012701892 10.0000
5.2364 0.1753 -0.707106781187 -0.683012701892 0.183012701892 10.0000
5.1865 0.1753 -0.707106781187 -0.612372435696 -0.353553390593 10.0000
5.1851 0.1753 -0.707106781187 -0.612372435696 0.353553390593 10.0000
5.0631 0.1753 -0.707106781187 -0.500000000000 -0.500000000000 10.0000
5.0718 0.1753 -0.707106781187 -0.500000000000 0.500000000000 10.0000
5.0232 0.1753 -0.707106781187 -0.353553390593 -0.612372435696 10.0000
5.0032 0.1753 -0.707106781187 -0.353553390593 0.612372435696 10.0000
4.9084 0.1753 -0.707106781187 -0.183012701892 -0.683012701892 10.0000
4.9263 0.1753 -0.707106781187 -0.183012701892 0.683012701892 10.0000
4.8682 0.1753 -0.707106781187 -0.000000000000 -0.707106781187 10.0000
4.8702 0.1753 -0.707106781187 0.000000000000 0.707106781187 10.0000
4.9244 0.1753 -0.707106781187 0.183012701892 -0.683012701892 10.0000
4.9094 0.1753 -0.707106781187 0.183012701892 0.683012701892 10.0000
5.0012 0.1753 -0.707106781187 0.353553390593 -0.612372435696 10.0000
5.0240 0.1753 -0.707106781187 0.353553390593 0.612372435696 10.0000
5.0702 0.1753 -0.707106781187 0.500000000000 -0.500000000000 10.0000
5.0637 0.1753 -0.707106781187 0.500000000000 0.500000000000 10.0000
5.1851 0.1753 -0.707106781187 0.612372435696 -0.353553390593 10.0000
5.1859 0.1753 -0.707106781187 0.612372435696 0.353553390593 10.0000
5.2371 0.1753 -0.707106781187 0.683012701892 -0.183012701892 10.0000
5.2325 0.1753 -0.707106781187 0.683012701892 0.183012701892 10.0000
5.2445 0.1753 -0.707106781187 0.707106781187 0.000000000000 10.0000
5.2241 0.1753 -0.642787609687 -0.766044443119 0.000000000000 10.0000
5.2095 0.1753 -0.642787609687 -0.739942111694 -0.198266891274 10.0000
5.2148 0.1753 -0.642787609687 -0.739942111694 0.198266891274 10.0000
5.1561 0.1753 -0.642787609687 -0.663413948169 -0.383022221559 10.0000
5.1546 0.1753 -0.642787609687 -0.663413948169 0.383022221559 10.0000
5.0115 0.1753 -0.642787609687 -0.541675220420 -0.541675220420 10.0000
5.0214 0.1753 -0.642787609687 -0.541675220420 0.541675220420 10.0000
4.9646 0.1753 -0.642787609687 -0.383022221559 -0.663413948169 10.0000
4.9409 0.1753 -0.642787609687 -0.383022221559 0.663413948169 10.0000
4.8299 0.1753 -0.642787609687 -0.198266891274 -0.739942111694 10.0000
4.8506 0.1753 -0.642787609687 -0.198266891274 0.739942111694 10.0000
4.7828 0.1753 -0.642787609687 -0.000000000000 -0.766044443119 10.0000
4.7847 0.1753 -0.642787609687 0.000000009578 0.766044443119 10.0000
4.8488 0.1753 -0.642787609687 0.198266891274 -0.739942111694 10.0000
4.8309 0.1753 -0.642787609687 0.198266891274 0.739942111694 10.0000
4.9389 0.1753 -0.642787609687 0.383022221559 -0.663413948169 10.0000
4.9654 0.1753 -0.642787609687 0.383022221559 0.663413948169 10.0000
5.0198 0.1753 -0.642787609687 0.541675220420 -0.541675220420 10.0000
5.0120 0.1753 -0.642787609687 0.541675220420 0.541675220420 10.0000
5.1545 0.1753 -0.642787609687 0.663413948169 -0.383022221559 10.0000
5.1555 0.1753 -0.642787609687 0.663413948169 0.383022221559 10.0000
5.2155 0.1753 -0.642787609687 0.739942111694 -0.198266891274 10.0000
5.2102 0.1753 -0.642787609687 0.739942111694 0.198266891274 10.0000
5.2242 0.1753 -0.642787609687 0.766044443119 0.000000000000 10.0000
5.2045 0.1753 -0.573576436351 -0.819152044289 0.000000000000 10.0000
5.1878 0.1753 -0.573576436351 -0.791240115236 -0.212012149897 10.0000
5.1939 0.1753 -0.573576436351 -0.791240115236 0.212012149897 10.0000
5.1267 0.1753 -0.573576436351 -0.709406479916 -0.409576022144 10.0000
5.1250 0.1753 -0.573576436351 -0.709406479916 0.409576022144 10.0000
4.9614 0.1753 -0.573576436351 -0.579227965340 -0.579227965340 10.0000
4.9725 0.1753 -0.573576436351 -0.579227965340 0.579227965340 10.0000
4.9078 0.1753 -0.573576436351 -0.409576022144 -0.709406479916 10.0000
4.8804 0.1753 -0.573576436351 -0.409576022144 0.709406479916 10.0000
4.7538 0.1753 -0.573576436351 -0.212012149897 -0.791240115236 10.0000
4.7772 0.1753 -0.573576436351 -0.212012149897 0.791240115236 10.0000
4.7001 0.1753 -0.573576436351 -0.000000008547 -0.819152044289 10.0000
4.7019 0.1753 -0.573576436351 0.000000000000 0.819152044289 10.0000
4.7755 0.1753 -0.573576436351 0.212012149897 -0.791240115236 10.0000
4.7548 0.1753 -0.573576436351 0.212012149897 0.791240115236 10.0000
4.8785 0.1753 -0.573576436351 0.409576022144 -0.709406479916 10.0000
4.9085 0.1753 -0.573576436351 0.409576022144 0.709406479916 10.0000
4.9710 0.1753 -0.573576436351 0.579227965340 -0.579227965340 10.0000
4.9619 0.1753 -0.573576436351 0.579227965340 0.579227965340 10.0000
5.1249 0.1753 -0.573576436351 0.709406479916 -0.409576022144 10.0000
5.1261 0.1753 -0.573576436351 0.709406479916 0.409576022144 10.0000
5.1945 0.1753 -0.573576436351 0.791240115236 -0.212012149897 10.0000
5.1885 0.1753 -0.573576436351 0.791240115236 0.212012149897 10.0000
5.2046 0.1753 -0.573576436351 0.819152044289 0.000000000000 10.0000
5.1861 0.1753 -0.500000000000 -0.866025403784 0.000000000000 10.0000
5.1675 0.1753 -0.500000000000 -0.836516303738 -0.224143868042 10.0000
5.1742 0.1753 -0.500000000000 -0.836516303738 0.224143868042 10.0000
5.0990 0.1753 -0.500000000000 -0.750000000000 -0.433012701892 10.0000
5.0972 0.1753 -0.500000000000 -0.750000000000 0.433012701892 10.0000
4.9143 0.1753 -0.500000000000 -0.612372435696 -0.612372435696 10.0000
4.9266 0.1753 -0.500000000000 -0.612372435696 0.612372435696 10.0000
4.8546 0.1753 -0.500000000000 -0.433012701892 -0.750000000000 10.0000
4.8236 0.1753 -0.500000000000 -0.433012701892 0.750000000000 10.0000
4.6824 0.1753 -0.500000000000 -0.224143868042 -0.836516303738 10.0000
4.7083 0.1753 -0.500000000000 -0.224143868042 0.836516303738 10.0000
4.6224 0.1753 -0.500000000000 -0.000000000000 -0.866025403784 10.0000
4.6241 0.1753 -0.500000000000 0.000000000000 0.866025403784 10.0000
4.7067 0.1753 -0.500000000000 0.224143868042 -0.836516303738 10.0000
4.6833 0.1753 -0.500000000000 0.224143868042 0.836516303738 10.0000
4.8219 0.1753 -0.500000000000 0.433012701892 -0.750000000000 10.0000
4.8552 0.1753 -0.500000000000 0.433012701892 0.750000000000 10.0000
4.9252 0.1753 -0.500000000000 0.612372435696 -0.612372435696 10.0000
4.9148 0.1753 -0.500000000000 0.612372435696 0.612372435696 10.0000
5.0971 0.1753 -0.500000000000 0.750000000000 -0.433012701892 10.0000
5.0985 0.1753 -0.500000000000 0.750000000000 0.433012701892 10.0000
5.1749 0.1753 -0.500000000000 0.836516303738 -0.224143868042 10.0000
5.1681 0.1753 -0.500000000000 0.836516303738 0.224143868042 10.0000
5.1862 0.1753 -0.500000000000 0.866025403784 0.000000000000 10.0000
5.1694 0.1753 -0.422618261741 -0.906307787037 0.000000000000 10.0000
5.1491 0.1753 -0.422618261741 -0.875426098066 -0.234569716010 10.0000
5.1565 0.1753 -0.422618261741 -0.875426098066 0.234569716010 10.0000
5.0740 0.1753 -0.422618261741 -0.784885567221 -0.453153893518 10.0000
5.0720 0.1753 -0.422618261741 -0.784885567221 0.453153893518 10.0000
4.8719 0.1753 -0.422618261741 -0.640856382056 -0.640856382056 10.0000
4.8851 0.1753 -0.422618261741 -0.640856382056 0.640856382056 10.0000
4.8064 0.1753 -0.422618261741 -0.453153893518 -0.784885567221 10.0000
4.7723 0.1753 -0.422618261741 -0.453153893518 0.784885567221 10.0000
4.6179 0.1753 -0.422618261741 -0.234569716010 -0.875426098066 10.0000
4.6460 0.1753 -0.422618261741 -0.234569716010 0.875426098066 10.0000
4.5523 0.1753 -0.422618261741 -0.000000000000 -0.906307787037 10.0000
4.5538 0.1753 -0.422618261741 0.000000000000 0.906307787037 10.0000
4.6446 0.1753 -0.422618261741 0.234569716010 -0.875426098066 10.0000
4.6187 0.1753 -0.422618261741 0.234569716010 0.875426098066 10.0000
4.7708 0.1753 -0.422618261741 0.453153893518 -0.784885567221 10.0000
4.8070 0.1753 -0.422618261741 0.453153893518 0.784885567221 10.0000
4.8839 0.1753 -0.422618261741 0.640856382056 -0.640856382056 10.0000
4.8723 0.1753 -0.422618261741 0.640856382056 0.640856382056 10.0000
5.0720 0.1753 -0.422618261741 0.784885567221 -0.453153893518 10.0000
5.0736 0.1753 -0.422618261741 0.784885567221 0.453153893518 10.0000
5.1571 0.1753 -0.422618261741 0.875426098066 -0.234569716010 10.0000
5.1496 0.1753 -0.422618261741 0.875426098066 0.234569716010 10.0000
5.1695 0.1753 -0.422618261741 0.906307787037 0.000000000000 10.0000
5.1551 0.1753 -0.342020143326 -0.939692620786 0.000000000000 10.0000
5.1333 0.1753 -0.342020143326 -0.907673371190 -0.243210346802 10.0000
5.1412 0.1753 -0.342020143326 -0.907673371190 0.243210346802 10.0000
5.0525 0.1753 -0.342020143326 -0.813797681349 -0.469846310393 10.0000
5.0504 0.1753 -0.342020143326 -0.813797681349 0.469846310393 10.0000
4.8352 0.1753 -0.342020143326 -0.664463024389 -0.664463024389 10.0000
4.8493 0.1753 -0.342020143326 -0.664463024389 0.664463024389 10.0000
4.7649 0.1753 -0.342020143326 -0.469846310393 -0.813797681349 10.0000
4.7279 0.1753 -0.342020143326 -0.469846310393 0.813797681349 10.0000
4.5622 0.1753 -0.342020143326 -0.243210346802 -0.907673371190 10.0000
4.5922 0.1753 -0.342020143326 -0.243210346802 0.907673371190 10.0000
4.4918 0.1753 -0.342020143326 -0.000000000000 -0.939692620786 10.0000
4.4930 0.1753 -0.342020143326 0.000000000000 0.939692620786 10.0000
4.5910 0.1753 -0.342020143326 0.243210346802 -0.907673371190 10.0000
4.5629 0.1753 -0.342020143326 0.243210346802 0.907673371190 10.0000
4.7267 0.1753 -0.342020143326 0.469846310393 -0.813797681349 10.0000
4.7653 0.1753 -0.342020143326 0.469846310393 0.813797681349 10.0000
4.8482 0.1753 -0.342020143326 0.664463024389 -0.664463024389 10.0000
4.8356 0.1753 -0.342020143326 0.664463024389 0.664463024389 10.0000
5.0503 0.1753 -0.342020143326 0.813797681349 -0.469846310393 10.0000
5.0521 0.1753 -0.342020143326 0.813797681349 0.469846310393 10.0000
5.1417 0.1753 -0.342020143326 0.907673371190 -0.243210346802 10.0000
5.1337 0.1753 -0.342020143326 0.907673371190 0.243210346802 10.0000
5.1551 0.1753 -0.342020143326 0.939692620786 0.000000000000 10.0000
5.1434 0.1753 -0.258819045103 -0.965925826289 0.000000000000 10.0000
5.1205 0.1753 -0.258819045103 -0.933012701892 -0.250000000000 10.0000
5.1289 0.1753 -0.258819045103 -0.933012701892 0.250000000000 10.0000
5.0349 0.1753 -0.258819045103 -0.836516303738 -0.482962913145 10.0000
5.0328 0.1753 -0.258819045103 -0.836516303738 0.482962913145 10.0000
4.8055 0.1753 -0.258819045103 -0.683012701892 -0.683012701892 10.0000
4.8201 0.1753 -0.258819045103 -0.683012701892 0.683012701892 10.0000
4.7312 0.1753 -0.258819045103 -0.482962913145 -0.836516303738 10.0000
4.6919 0.1753 -0.258819045103 -0.482962913145 0.836516303738 10.0000
4.5171 0.1753 -0.258819045103 -0.250000000000 -0.933012701892 10.0000
4.5485 0.1753 -0.258819045103 -0.250000000000 0.933012701892 10.0000
4.4427 0.1753 -0.258819045103 -0.000000000000 -0.965925826289 10.0000
4.4437 0.1753 -0.258819045103 0.000000000000 0.965925826289 10.0000
4.5476 0.1753 -0.258819045103 0.250000000000 -0.933012701892 10.0000
4.5176 0.1753 -0.258819045103 0.250000000000 0.933012701892 10.0000
4.6909 0.1753 -0.258819045103 0.482962913145 -0.836516303738 10.0000
4.7316 0.1753 -0.258819045103 0.482962913145 0.836516303738 10.0000
4.8193 0.1753 -0.258819045103 0.683012701892 -0.683012701892 10.0000
4.8058 0.1753 -0.258819045103 0.683012701892 0.683012701892 10.0000
5.0327 0.1753 -0.258819045103 0.836516303738 -0.482962913145 10.0000
5.0346 0.1753 -0.258819045103 0.836516303738 0.482962913145 10.0000
5.1292 0.1753 -0.258819045103 0.933012701892 -0.250000000000 10.0000
5.1208 0.1753 -0.258819045103 0.933012701892 0.250000000000 10.0000
5.1435 0.1753 -0.258819045103 0.965925826289 0.000000000000 10.0000
5.1348 0.1753 -0.173648177667 -0.984807753012 0.000000000000 10.0000
5.1110 0.1753 -0.173648177667 -0.951251242564 -0.254887002244 10.0000
5.1198 0.1753 -0.173648177667 -0.951251242564 0.254887002244 10.0000
5.0220 0.1753 -0.173648177667 -0.852868531952 -0.492403876506 10.0000
5.0198 0.1753 -0.173648177667 -0.852868531952 0.492403876506 10.0000
4.7836 0.1753 -0.173648177667 -0.696364240320 -0.696364240320 10.0000
4.7986 0.1753 -0.173648177667 -0.696364240320 0.696364240320 10.0000
4.7064 0.1753 -0.173648177667 -0.492403876506 -0.852868531952 10.0000
4.6653 0.1753 -0.173648177667 -0.492403876506 0.852868531952 10.0000
4.4838 0.1753 -0.173648177667 -0.254887002244 -0.951251242564 10.0000
4.5162 0.1753 -0.173648177667 -0.254887002244 0.951251242564 10.0000
4.4067 0.1753 -0.173648177667 -0.000000002588 -0.984807753012 10.0000
4.4073 0.1753 -0.173648177667 0.000000002588 0.984807753012 10.0000
4.5156 0.1753 -0.173648177667 0.254887002244 -0.951251242564 10.0000
4.4842 0.1753 -0.173648177667 0.254887002244 0.951251242564 10.0000
4.6646 0.1753 -0.173648177667 0.492403876506 -0.852868531952 10.0000
4.7066 0.1753 -0.173648177667 0.492403876506 0.852868531952 10.0000
4.7981 0.1753 -0.173648177667 0.696364240320 -0.696364240320 10.0000
4.7838 0.1753 -0.173648177667 0.696364240320 0.696364240320 10.0000
5.0198 0.1753 -0.173648177667 0.852868531952 -0.492403876506 10.0000
5.0218 0.1753 -0.173648177667 0.852868531952 0.492403876506 10.0000
5.1200 0.1753 -0.173648177667 0.951251242564 -0.254887002244 10.0000
5.1113 0.1753 -0.173648177667 0.951251242564 0.254887002244 10.0000
5.1349 0.1753 -0.173648177667 0.984807753012 0.000000000000 10.0000
5.1296 0.1753 -0.087155742748 -0.996194698092 0.000000000000 10.0000
5.1053 0.1753 -0.087155742748 -0.962250186899 -0.257834160496 10.0000
5.1142 0.1753 -0.087155742748 -0.962250186899 0.257834160496 10.0000
5.0141 0.1753 -0.087155742748 -0.862729915663 -0.498097349046 10.0000
5.0119 0.1753 -0.087155742748 -0.862729915663 0.498097349046 10.0000
4.7702 0.1753 -0.087155742748 -0.704416026403 -0.704416026403 10.0000
4.7854 0.1753 -0.087155742748 -0.704416026403 0.704416026403 10.0000
4.6912 0.1753 -0.087155742748 -0.498097349046 -0.862729915663 10.0000
4.6490 0.1753 -0.087155742748 -0.498097349046 0.862729915663 10.0000
4.4635 0.1753 -0.087155742748 -0.257834160496 -0.962250186899 10.0000
4.4964 0.1753 -0.087155742748 -0.257834160496 0.962250186899 10.0000
4.3846 0.1753 -0.087155742748 -0.000000000000 -0.996194698092 10.0000
4.3850 0.1753 -0.087155742748 0.000000000000 0.996194698092 10.0000
4.4961 0.1753 -0.087155742748 0.257834160496 -0.962250186899 10.0000
4.4637 0.1753 -0.087155742748 0.257834160496 0.962250186899 10.0000
4.6486 0.1753 -0.087155742748 0.498097349046 -0.862729915663 10.0000
4.6913 0.1753 -0.087155742748 0.498097349046 0.862729915663 10.0000
4.7851 0.1753 -0.087155742748 0.704416026403 -0.704416026403 10.0000
4.7703 0.1753 -0.087155742748 0.704416026403 0.704416026403 10.0000
5.0118 0.1753 -0.087155742748 0.862729915663 -0.498097349046 10.0000
5.0140 0.1753 -0.087155742748 0.862729915663 0.498097349046 10.0000
5.1143 0.1753 -0.087155742748 0.962250186899 -0.257834160496 10.0000
5.1054 0.1753 -0.087155742748 0.962250186899 0.257834160496 10.0000
5.1296 0.1753 -0.087155742748 0.996194698092 0.000000000000 10.0000
5.1278 0.1753 0.000000000000 -1.000000000000 0.000000000000 10.0000
5.1034 0.1753 0.000000000000 -0.965925826289 -0.258819045103 10.0000
5.1124 0.1753 0.000000000000 -0.965925826289 0.258819045103 10.0000
5.0113 0.1753 0.000000000000 -0.866025403784 -0.500000000000 10.0000
5.0092 0.1753 0.000000000000 -0.866025403784 0.500000000000 10.0000
4.7658 0.1753 0.000000000000 -0.707106781187 -0.707106781187 10.0000
4.7809 0.1753 0.000000000000 -0.707106781187 0.707106781187 10.0000
4.6862 0.1753 0.000000000000 -0.500000000000 -0.866025403784 10.0000
4.6433 0.1753 0.000000000000 -0.500000000000 0.866025403784 10.0000
4.4568 0.1753 0.000000000000 -0.258819045103 -0.965925826289 10.0000
4.4897 0.1753 0.000000000000 -0.258819045103 0.965925826289 10.0000
4.3773 0.1753 0.000000000000 0.000000000000 -1.000000000000 10.0000
4.3773 0.1753 -0.000000000000 0.000000000000 1.000000000000 10.0000
4.4897 0.1753 0.000000000000 0.258819045103 -0.965925826289 10.0000
4.4568 0.1753 0.000000000000 0.258819045103 0.965925826289 10.0000
4.6433 0.1753 0.000000000000 0.500000000000 -0.866025403784 10.0000
4.6862 0.1753 0.000000000000 0.500000000000 0.866025403784 10.0000
4.7809 0.1753 0.000000000000 0.707106781187 -0.707106781187 10.0000
4.7658 0.1753 0.000000000000 0.707106781187 0.707106781187 10.0000
5.0092 0.1753 0.000000000000 0.866025403784 -0.500000000000 10.0000
5.0113 0.1753 0.000000000000 0.866025403784 0.500000000000 10.0000
5.1124 0.1753 0.000000000000 0.965925826289 -0.258819045103 10.0000
5.1034 0.1753 0.000000000000 0.965925826289 0.258819045103 10.0000
5.1278 0.1753 0.000000000000 1.000000000000 0.000000000000 10.0000
5.1296 0.1753 0.087155742748 -0.996194698092 0.000000000000 10.0000
5.1054 0.1753 0.087155742748 -0.962250186899 -0.257834160496 10.0000
5.1143 0.1753 0.087155742748 -0.962250186899 0.257834160496 10.0000
5.0140 0.1753 0.087155742748 -0.862729915663 -0.498097349046 10.0000
5.0118 0.1753 0.087155742748 -0.862729915663 0.498097349046 10.0000
4.7703 0.1753 0.087155742748 -0.704416026403 -0.704416026403 10.0000
4.7851 0.1753 0.087155742748 -0.704416026403 0.704416026403 10.0000
4.6913 0.1753 0.087155742748 -0.498097349046 -0.862729915663 10.0000
4.6486 0.1753 0.087155742748 -0.498097349046 0.862729915663 10.0000
4.4637 0.1753 0.087155742748 -0.257834160496 -0.962250186899 10.0000
4.4961 0.1753 0.087155742748 -0.257834160496 0.962250186899 10.0000
4.3850 0.1753 0.087155742748 0.000000000000 -0.996194698092 10.0000
4.3846 0.1753 0.087155742748 0.000000000000 0.996194698092 10.0000
4.4964 0.1753 0.087155742748 0.257834160496 -0.962250186899 10.0000
4.4635 0.1753 0.087155742748 0.257834160496 0.962250186899 10.0000
4.6490 0.1753 0.087155742748 0.498097349046 -0.862729915663 10.0000
4.6912 0.1753 0.087155742748 0.498097349046 0.862729915663 10.0000
4.7854 0.1753 0.087155742748 0.704416026403 -0.704416026403 10.0000
4.7702 0.1753 0.087155742748 0.704416026403 0.704416026403 10.0000
5.0119 0.1753 0.087155742748 0.862729915663 -0.498097349046 10.0000
5.0141 0.1753 0.087155742748 0.862729915663 0.498097349046 10.0000
5.1142 0.1753 0.087155742748 0.962250186899 -0.257834160496 10.0000
5.1053 0.1753 0.087155742748 0.962250186899 0.257834160496 10.0000
5.1296 0.1753 0.087155742748 0.996194698092 0.000000000000 10.0000
5.1349 0.1753 0.173648177667 -0.984807753012 0.000000000000 10.0000
5.1113 0.1753 0.173648177667 -0.951251242564 -0.254887002244 10.0000
5.1200 0.1753 0.173648177667 -0.951251242564 0.254887002244 10.0000
5.0218 0.1753 0.173648177667 -0.852868531952 -0.492403876506 10.0000
5.0198 0.1753 0.173648177667 -0.852868531952 0.492403876506 10.0000
4.7838 0.1753 0.173648177667 -0.696364240320 -0.696364240320 10.0000
4.7981 0.1753 0.173648177667 -0.696364240320 0.696364240320 10.0000
4.7066 0.1753 0.173648177667 -0.492403876506 -0.852868531952 10.0000
4.6646 0.1753 0.173648177667 -0.492403876506 0.852868531952 10.0000
4.4842 0.1753 0.173648177667 -0.254887002244 -0.951251242564 10.0000
4.5156 0.1753 0.173648177667 -0.254887002244 0.951251242564 10.0000
4.4073 0.1753 0.173648177667 -0.000000002588 -0.984807753012 10.0000
4.4067 0.1753 0.173648177667 0.000000002588 0.984807753012 10.0000
4.5162 0.1753 0.173648177667 0.254887002244 -0.951251242564 10.0000
4.4838 0.1753 0.173648177667 0.254887002244 0.951251242564 10.0000
4.6653 0.1753 0.173648177667 0.492403876506 -0.852868531952 10.0000
4.7064 0.1753 0.173648177667 0.492403876506 0.852868531952 10.0000
4.7986 0.1753 0.173648177667 0.696364240320 -0.696364240320 10.0000
4.7836 0.1753 0.173648177667 0.696364240320 0.696364240320 10.0000
5.0198 0.1753 0.173648177667 0.852868531952 -0.492403876506 10.0000
5.0220 0.1753 0.173648177667 0.852868531952 0.492403876506 10.0000
5.1198 0.1753 0.173648177667 0.951251242564 -0.254887002244 10.0000
5.1110 0.1753 0.173648177667 0.951251242564 0.254887002244 10.0000
5.1348 0.1753 0.173648177667 0.984807753012 0.000000000000 10.0000
5.1435 0.1753 0.258819045103 -0.965925826289 0.000000000000 10.0000
5.1208 0.1753 0.258819045103 -0.933012701892 -0.250000000000 10.0000
5.1292 0.1753 0.258819045103 -0.933012701892 0.250000000000 10.0000
5.0346 0.1753 0.258819045103 -0.836516303738 -0.482962913145 10.0000
5.0327 0.1753 0.258819045103 -0.836516303738 0.482962913145 10.0000
4.8058 0.1753 0.258819045103 -0.683012701892 -0.683012701892 10.0000
4.8193 0.1753 0.258819045103 -0.683012701892 0.683012701892 10.0000
4.7316 0.1753 0.258819045103 -0.482962913145 -0.836516303738 10.0000
4.6909 0.1753 0.258819045103 -0.482962913145 0.836516303738 10.0000
4.5176 0.1753 0.258819045103 -0.250000000000 -0.933012701892 10.0000
4.5476 0.1753 0.258819045103 -0.250000000000 0.933012701892 10.0000
4.4437 0.1753 0.258819045103 0.000000000000 -0.965925826289 10.0000
4.4427 0.1753 0.258819045103 0.000000000000 0.965925826289 10.0000
4.5485 0.1753 0.258819045103 0.250000000000 -0.933012701892 10.0000
4.5171 0.1753 0.258819045103 0.250000000000 0.933012701892 10.0000
4.6919 0.1753 0.258819045103 0.482962913145 -0.836516303738 10.0000
4.7312 0.1753 0.258819045103 0.482962913145 0.836516303738 10.0000
4.8201 0.1753 0.258819045103 0.683012701892 -0.683012701892 10.0000
4.8055 0.1753 0.258819045103 0.683012701892 0.683012701892 10.0000
5.0328 0.1753 0.258819045103 0.836516303738 -0.482962913145 10.0000
5.0349 0.1753 0.258819045103 0.836516303738 0.482962913145 10.0000
5.1289 0.1753 0.258819045103 0.933012701892 -0.250000000000 10.0000
5.1205 0.1753 0.258819045103 0.933012701892 0.250000000000 10.0000
5.1434 0.1753 0.258819045103 0.965925826289 0.000000000000 10.0000
5.1551 0.1753 0.342020143326 -0.939692620786 0.000000000000 10.0000
5.1337 0.1753 0.342020143326 -0.907673371190 -0.243210346802 10.0000
5.1417 0.1753 0.342020143326 -0.907673371190 0.243210346802 10.0000
5.0521 0.1753 0.342020143326 -0.813797681349 -0.469846310393 10.0000
5.0503 0.1753 0.342020143326 -0.813797681349 0.469846310393 10.0000
4.8356 0.1753 0.342020143326 -0.664463024389 -0.664463024389 10.0000
4.8482 0.1753 0.342020143326 -0.664463024389 0.664463024389 10.0000
4.7653 0.1753 0.342020143326 -0.469846310393 -0.813797681349 10.0000
4.7267 0.1753 0.342020143326 -0.469846310393 0.813797681349 10.0000
4.5629 0.1753 0.342020143326 -0.243210346802 -0.907673371190 10.0000
4.5910 0.1753 0.342020143326 -0.243210346802 0.907673371190 10.0000
4.4930 0.1753 0.342020143326 0.000000000000 -0.939692620786 10.0000
4.4918 0.1753 0.342020143326 0.000000000000 0.939692620786 10.0000
4.5922 0.1753 0.342020143326 0.243210346802 -0.907673371190 10.0000
4.5622 0.1753 0.342020143326 0.243210346802 0.907673371190 10.0000
4.7279 0.1753 0.342020143326 0.469846310393 -0.813797681349 10.0000
4.7649 0.1753 0.342020143326 0.469846310393 0.813797681349 10.0000
4.8493 0.1753 0.342020143326 0.664463024389 -0.664463024389 10.0000
4.8352 0.1753 0.342020143326 0.664463024389 0.664463024389 10.0000
5.0504 0.1753 0.342020143326 0.813797681349 -0.469846310393 10.0000
5.0525 0.1753 0.342020143326 0.813797681349 0.469846310393 10.0000
5.1412 0.1753 0.342020143326 0.907673371190 -0.243210346802 10.0000
5.1333 0.1753 0.342020143326 0.907673371190 0.243210346802 10.0000
5.1551 0.1753 0.342020143326 0.939692620786 0.000000000000 10.0000
5.1695 0.1753 0.422618261741 -0.906307787037 0.000000000000 10.0000
5.1496 0.1753 0.422618261741 -0.875426098066 -0.234569716010 10.0000
5.1571 0.1753 0.422618261741 -0.875426098066 0.234569716010 10.0000
5.0736 0.1753 0.422618261741 -0.784885567221 -0.453153893518 10.0000
5.0720 0.1753 0.422618261741 -0.784885567221 0.453153893518 10.0000
4.8723 0.1753 0.422618261741 -0.640856382056 -0.640856382056 10.0000
4.8839 0.1753 0.422618261741 -0.640856382056 0.640856382056 10.0000
4.8070 0.1753 0.422618261741 -0.453153893518 -0.784885567221 10.0000
4.7708 0.1753 0.422618261741 -0.453153893518 0.784885567221 10.0000
4.6187 0.1753 0.422618261741 -0.234569716010 -0.875426098066 10.0000
4.6446 0.1753 0.422618261741 -0.234569716010 0.875426098066 10.0000
4.5538 0.1753 0.422618261741 0.000000000000 -0.906307787037 10.0000
4.5523 0.1753 0.422618261741 0.000000000000 0.906307787037 10.0000
4.6460 0.1753 0.422618261741 0.234569716010 -0.875426098066 10.0000
4.6179 0.1753 0.422618261741 0.234569716010 0.875426098066 10.0000
4.7723 0.1753 0.422618261741 0.453153893518 -0.784885567221 10.0000
4.8064 0.1753 0.422618261741 0.453153893518 0.784885567221 10.0000
4.8851 0.1753 0.422618261741 0.640856382056 -0.640856382056 10.0000
4.8719 0.1753 0.422618261741 0.640856382056 0.640856382056 10.0000
5.0720 0.1753 0.422618261741 0.784885567221 -0.453153893518 10.0000
5.0740 0.1753 0.422618261741 0.784885567221 0.453153893518 10.0000
5.1565 0.1753 0.422618261741 0.875426098066 -0.234569716010 10.0000
5.1491 0.1753 0.422618261741 0.875426098066 0.234569716010 10.0000
5.1694 0.1753 0.422618261741 0.906307787037 0.000000000000 10.0000
5.1862 0.1753 0.500000000000 -0.866025403784 0.000000000000 10.0000
5.1681 0.1753 0.500000000000 -0.836516303738 -0.224143868042 10.0000
5.1749 0.1753 0.500000000000 -0.836516303738 0.224143868042 10.0000
5.0985 0.1753 0.500000000000 -0.750000000000 -0.433012701892 10.0000
5.0971 0.1753 0.500000000000 -0.750000000000 0.433012701892 10.0000
4.9148 0.1753 0.500000000000 -0.612372435696 -0.612372435696 10.0000
4.9252 0.1753 0.500000000000 -0.612372435696 0.612372435696 10.0000
4.8552 0.1753 0.500000000000 -0.433012701892 -0.750000000000 10.0000
4.8219 0.1753 0.500000000000 -0.433012701892 0.750000000000 10.0000
4.6833 0.1753 0.500000000000 -0.224143868042 -0.836516303738 10.0000
4.7067 0.1753 0.500000000000 -0.224143868042 0.836516303738 10.0000
4.6241 0.1753 0.500000000000 0.000000000000 -0.866025403784 10.0000
4.6224 0.1753 0.500000000000 0.000000000000 0.866025403784 10.0000
4.7083 0.1753 0.500000000000 0.224143868042 -0.836516303738 10.0000
4.6824 0.1753 0.500000000000 0.224143868042 0.836516303738 10.0000
4.8236 0.1753 0.500000000000 0.433012701892 -0.750000000000 10.0000
4.8546 0.1753 0.500000000000 0.433012701892 0.750000000000 10.0000
4.9266 0.1753 0.500000000000 0.612372435696 -0.612372435696 10.0000
4.9143 0.1753 0.500000000000 0.612372435696 0.612372435696 10.0000
5.0972 0.1753 0.500000000000 0.750000000000 -0.433012701892 10.0000
5.0990 0.1753 0.500000000000 0.750000000000 0.433012701892 10.0000
5.1742 0.1753 0.500000000000 0.836516303738 -0.224143868042 10.0000
5.1675 0.1753 0.500000000000 0.836516303738 0.224143868042 10.0000
5.1861 0.1753 0.500000000000 0.866025403784 0.000000000000 10.0000
5.2046 0.1753 0.573576436351 -0.819152044289 0.000000000000 10.0000
5.1885 0.1753 0.573576436351 -0.791240115236 -0.212012149897 10.0000
5.1945 0.1753 0.573576436351 -0.791240115236 0.212012149897 10.0000
5.1261 0.1753 0.573576436351 -0.709406479916 -0.409576022144 10.0000
5.1249 0.1753 0.573576436351 -0.709406479916 0.409576022144 10.0000
4.9619 0.1753 0.573576436351 -0.579227965340 -0.579227965340 10.0000
4.9710 0.1753 0.573576436351 -0.579227965340 0.579227965340 10.0000
4.9085 0.1753 0.573576436351 -0.409576022144 -0.709406479916 10.0000
4.8785 0.1753 0.573576436351 -0.409576022144 0.709406479916 10.0000
4.7548 0.1753 0.573576436351 -0.212012149897 -0.791240115236 10.0000
4.7755 0.1753 0.573576436351 -0.212012149897 0.791240115236 10.0000
4.7019 0.1753 0.573576436351 0.000000000000 -0.819152044289 10.0000
4.7001 0.1753 0.573576436351 0.000000008547 0.819152044289 10.0000
4.7772 0.1753 0.573576436351 0.212012149897 -0.791240115236 10.0000
4.7538 0.1753 0.573576436351 0.212012149897 0.791240115236 10.0000
4.8804 0.1753 0.573576436351 0.409576022144 -0.709406479916 10.0000
4.9078 0.1753 0.573576436351 0.409576022144 0.709406479916 10.0000
4.9725 0.1753 0.573576436351 0.579227965340 -0.579227965340 10.0000
4.9614 0.1753 0.573576436351 0.579227965340 0.579227965340 10.0000
5.1250 0.1753 0.573576436351 0.709406479916 -0.409576022144 10.0000
5.1267 0.1753 0.573576436351 0.709406479916 0.409576022144 10.0000
5.1939 0.1753 0.573576436351 0.791240115236 -0.212012149897 10.0000
5.1878 0.1753 0.573576436351 0.791240115236 0.212012149897 10.0000
5.2045 0.1753 0.573576436351 0.819152044289 0.000000000000 10.0000
5.2242 0.1753 0.642787609687 -0.766044443119 0.000000000000 10.0000
5.2102 0.1753 0.642787609687 -0.739942111694 -0.198266891274 10.0000
5.2155 0.1753 0.642787609687 -0.739942111694 0.198266891274 10.0000
5.1555 0.1753 0.642787609687 -0.663413948169 -0.383022221559 10.0000
5.1545 0.1753 0.642787609687 -0.663413948169 0.383022221559 10.0000
5.0120 0.1753 0.642787609687 -0.541675220420 -0.541675220420 10.0000
5.0198 0.1753 0.642787609687 -0.541675220420 0.541675220420 10.0000
4.9654 0.1753 0.642787609687 -0.383022221559 -0.663413948169 10.0000
4.9389 0.1753 0.642787609687 -0.383022221559 0.663413948169 10.0000
4.8309 0.1753 0.642787609687 -0.198266891274 -0.739942111694 10.0000
4.8488 0.1753 0.642787609687 -0.198266891274 0.739942111694 10.0000
4.7847 0.1753 0.642787609687 -0.000000009578 -0.766044443119 10.0000
4.7828 0.1753 0.642787609687 0.000000000000 0.766044443119 10.0000
4.8506 0.1753 0.642787609687 0.198266891274 -0.739942111694 10.0000
4.8299 0.1753 0.642787609687 0.198266891274 0.739942111694 10.0000
4.9409 0.1753 0.642787609687 0.383022221559 -0.663413948169 10.0000
4.9646 0.1753 0.642787609687 0.383022221559 0.663413948169 10.0000
5.0214 0.1753 0.642787609687 0.541675220420 -0.541675220420 10.0000
5.0115 0.1753 0.642787609687 0.541675220420 0.541675220420 10.0000
5.1546 0.1753 0.642787609687 0.663413948169 -0.383022221559 10.0000
5.1561 0.1753 0.642787609687 0.663413948169 0.383022221559 10.0000
5.2148 0.1753 0.642787609687 0.739942111694 -0.198266891274 10.0000
5.2095 0.1753 0.642787609687 0.739942111694 0.198266891274 10.0000
5.2241 0.1753 0.642787609687 0.766044443119 0.000000000000 10.0000
5.2445 0.1753 0.707106781187 -0.707106781187 0.000000000000 10.0000
5.2325 0.1753 0.707106781187 -0.683012701892 -0.183012701892 10.0000
5.2371 0.1753 0.707106781187 -0.683012701892 0.183012701892 10.0000
5.1859 0.1753 0.707106781187 -0.612372435696 -0.353553390593 10.0000
5.1851 0.1753 0.707106781187 -0.612372435696 0.353553390593 10.0000
5.0637 0.1753 0.707106781187 -0.500000000000 -0.500000000000 10.0000
5.0702 0.1753 0.707106781187 -0.500000000000 0.500000000000 10.0000
5.0240 0.1753 0.707106781187 -0.353553390593 -0.612372435696 10.0000
5.0012 0.1753 0.707106781187 -0.353553390593 0.612372435696 10.0000
4.9094 0.1753 0.707106781187 -0.183012701892 -0.683012701892 10.0000
4.9244 0.1753 0.707106781187 -0.183012701892 0.683012701892 10.0000
4.8702 0.1753 0.707106781187 0.000000000000 -0.707106781187 10.0000
4.8682 0.1753 0.707106781187 0.000000000000 0.707106781187 10.0000
4.9263 0.1753 0.707106781187 0.183012701892 -0.683012701892 10.0000
4.9084 0.1753 0.707106781187 0.183012701892 0.683012701892 10.0000
5.0032 0.1753 0.707106781187 0.353553390593 -0.612372435696 10.0000
5.0232 0.1753 0.707106781187 0.353553390593 0.612372435696 10.0000
5.0718 0.1753 0.707106781187 0.500000000000 -0.500000000000 10.0000
5.0631 0.1753 0.707106781187 0.500000000000 0.500000000000 10.0000
5.1851 0.1753 0.707106781187 0.612372435696 -0.353553390593 10.0000
5.1865 0.1753 0.707106781187 0.612372435696 0.353553390593 10.0000
5.2364 0.1753 0.707106781187 0.683012701892 -0.183012701892 10.0000
5.2319 0.1753 0.707106781187 0.683012701892 0.183012701892 10.0000
5.2444 0.1753 0.707106781187 0.707106781187 0.000000000000 10.0000
5.2647 0.1753 0.766044443119 -0.642787609687 0.000000000000 10.0000
5.2549 0.1753 0.766044443119 -0.620885153015 -0.166365675343 10.0000
5.2587 0.1753 0.766044443119 -0.620885153015 0.166365675343 10.0000
5.2163 0.1753 0.766044443119 -0.556670399226 -0.321393804843 10.0000
5.2156 0.1753 0.766044443119 -0.556670399226 0.321393804843 10.0000
5.1154 0.1753 0.766044443119 -0.454519477672 -0.454519477672 10.0000
5.1205 0.1753 0.766044443119 -0.454519477672 0.454519477672 10.0000
5.0826 0.1753 0.766044443119 -0.321393804843 -0.556670399226 10.0000
5.0635 0.1753 0.766044443119 -0.321393804843 0.556670399226 10.0000
4.9880 0.1753 0.766044443119 -0.166365675343 -0.620885153015 10.0000
5.0001 0.1753 0.766044443119 -0.166365675343 0.620885153015 10.0000
4.9556 0.1753 0.766044443119 0.000000000000 -0.642787609687 10.0000
4.9537 0.1753 0.766044443119 0.000000000000 0.642787609687 10.0000
5.0019 0.1753 0.766044443119 0.166365675343 -0.620885153015 10.0000
4.9869 0.1753 0.766044443119 0.166365675343 0.620885153015 10.0000
5.0655 0.1753 0.766044443119 0.321393804843 -0.556670399226 10.0000
5.0818 0.1753 0.766044443119 0.321393804843 0.556670399226 10.0000
5.1221 0.1753 0.766044443119 0.454519477672 -0.454519477672 10.0000
5.1148 0.1753 0.766044443119 0.454519477672 0.454519477672 10.0000
5.2157 0.1753 0.766044443119 0.556670399226 -0.321393804843 10.0000
5.2169 0.1753 0.766044443119 0.556670399226 0.321393804843 10.0000
5.2580 0.1753 0.766044443119 0.620885153015 -0.166365675343 10.0000
5.2543 0.1753 0.766044443119 0.620885153015 0.166365675343 10.0000
5.2646 0.1753 0.766044443119 0.642787609687 0.000000000000 10.0000
5.2844 0.1753 0.819152044289 -0.573576436351 0.000000000000 10.0000
5.2766 0.1753 0.819152044289 -0.554032293222 -0.148452505550 10.0000
5.2796 0.1753 0.819152044289 -0.554032293222 0.148452505550 10.0000
5.2457 0.1753 0.819152044289 -0.496731764892 -0.286788218176 10.0000
5.2453 0.1753 0.819152044289 -0.496731764892 0.286788218176 10.0000
5.1655 0.1753 0.819152044289 -0.405579787673 -0.405579787673 10.0000
5.1694 0.1753 0.819152044289 -0.405579787673 0.405579787673 10.0000
5.1394 0.1753 0.819152044289 -0.286788218176 -0.496731764892 10.0000
5.1240 0.1753 0.819152044289 -0.286788218176 0.496731764892 10.0000
5.0641 0.1753 0.819152044289 -0.148452505550 -0.554032293222 10.0000
5.0735 0.1753 0.819152044289 -0.148452505550 0.554032293222 10.0000
5.0383 0.1753 0.819152044289 0.000000000000 -0.573576436351 10.0000
5.0365 0.1753 0.819152044289 0.000000000000 0.573576436351 10.0000
5.0752 0.1753 0.819152044289 0.148452505550 -0.554032293222 10.0000
5.0630 0.1753 0.819152044289 0.148452505550 0.554032293222 10.0000
5.1259 0.1753 0.819152044289 0.286788218176 -0.496731764892 10.0000
5.1387 0.1753 0.819152044289 0.286788218176 0.496731764892 10.0000
5.1709 0.1753 0.819152044289 0.405579787673 -0.405579787673 10.0000
5.1650 0.1753 0.819152044289 0.405579787673 0.405579787673 10.0000
5.2453 0.1753 0.819152044289 0.496731764892 -0.286788218176 10.0000
5.2463 0.1753 0.819152044289 0.496731764892 0.286788218176 10.0000
5.2789 0.1753 0.819152044289 0.554032293222 -0.148452505550 10.0000
5.2760 0.1753 0.819152044289 0.554032293222 0.148452505550 10.0000
5.2843 0.1753 0.819152044289 0.573576436351 0.000000000000 10.0000
5.3028 0.1753 0.866025403784 -0.500000000000 0.000000000000 10.0000
5.2969 0.1753 0.866025403784 -0.482962913145 -0.129409522551 10.0000
5.2992 0.1753 0.866025403784 -0.482962913145 0.129409522551 10.0000
5.2734 0.1753 0.866025403784 -0.433012701892 -0.250000000000 10.0000
5.2731 0.1753 0.866025403784 -0.433012701892 0.250000000000 10.0000
5.2125 0.1753 0.866025403784 -0.353553390593 -0.353553390593 10.0000
5.2153 0.1753 0.866025403784 -0.353553390593 0.353553390593 10.0000
5.1927 0.1753 0.866025403784 -0.250000000000 -0.433012701892 10.0000
5.1808 0.1753 0.866025403784 -0.250000000000 0.433012701892 10.0000
5.1355 0.1753 0.866025403784 -0.129409522551 -0.482962913145 10.0000
5.1424 0.1753 0.866025403784 -0.129409522551 0.482962913145 10.0000
5.1160 0.1753 0.866025403784 0.000000000000 -0.500000000000 10.0000
5.1143 0.1753 0.866025403784 0.000000012905 0.500000000000 10.0000
5.1440 0.1753 0.866025403784 0.129409522551 -0.482962913145 10.0000
5.1345 0.1753 0.866025403784 0.129409522551 0.482962913145 10.0000
5.1825 0.1753 0.866025403784 0.250000000000 -0.433012701892 10.0000
5.1920 0.1753 0.866025403784 0.250000000000 0.433012701892 10.0000
5.2167 0.1753 0.866025403784 0.353553390593 -0.353553390593 10.0000
5.2120 0.1753 0.866025403784 0.353553390593 0.353553390593 10.0000
5.2731 0.1753 0.866025403784 0.433012701892 -0.250000000000 10.0000
5.2739 0.1753 0.866025403784 0.433012701892 0.250000000000 10.0000
5.2986 0.1753 0.866025403784 0.482962913145 -0.129409522551 10.0000
5.2964 0.1753 0.866025403784 0.482962913145 0.129409522551 10.0000
5.3027 0.1753 0.866025403784 0.500000000000 0.000000000000 10.0000
5.3194 0.1753 0.906307787037 -0.422618261741 0.000000000000 10.0000
5.3153 0.1753 0.906307787037 -0.408217893677 -0.109381654947 10.0000
5.3169 0.1753 0.906307787037 -0.408217893677 0.109381654947 10.0000
5.2984 0.1753 0.906307787037 -0.365998150771 -0.211309130870 10.0000
5.2982 0.1753 0.906307787037 -0.365998150771 0.211309130870 10.0000
5.2549 0.1753 0.906307787037 -0.298836238730 -0.298836238730 10.0000
5.2568 0.1753 0.906307787037 -0.298836238730 0.298836238730 10.0000
5.2408 0.1753 0.906307787037 -0.211309130870 -0.365998150771 10.0000
5.2321 0.1753 0.906307787037 -0.211309130870 0.365998150771 10.0000
5.2000 0.1753 0.906307787037 -0.109381654947 -0.408217893677 10.0000
5.2047 0.1753 0.906307787037 -0.109381654947 0.408217893677 10.0000
5.1861 0.1753 0.906307787037 0.000000000000 -0.422618261741 10.0000
5.1846 0.1753 0.906307787037 0.000000000000 0.422618261741 10.0000
5.2061 0.1753 0.906307787037 0.109381654947 -0.408217893677 10.0000
5.1991 0.1753 0.906307787037 0.109381654947 0.408217893677 10.0000
5.2336 0.1753 0.906307787037 0.211309130870 -0.365998150771 10.0000
5.2402 0.1753 0.906307787037 0.211309130870 0.365998150771 10.0000
5.2581 0.1753 0.906307787037 0.298836238730 -0.298836238730 10.0000
5.2545 0.1753 0.906307787037 0.298836238730 0.298836238730 10.0000
5.2982 0.1753 0.906307787037 0.365998150771 -0.211309130870 10.0000
5.2988 0.1753 0.906307787037 0.365998150771 0.211309130870 10.0000
5.3164 0.1753 0.906307787037 0.408217893677 -0.109381654947 10.0000
5.3148 0.1753 0.906307787037 0.408217893677 0.109381654947 10.0000
5.3194 0.1753 0.906307787037 0.422618261741 0.000000000000 10.0000
5.3338 0.1753 0.939692620786 -0.342020143326 0.000000000000 10.0000
5.3311 0.1753 0.939692620786 -0.330366089549 -0.088521326901 10.0000
5.3322 0.1753 0.939692620786 -0.330366089549 0.088521326901 10.0000
5.3200 0.1753 0.939692620786 -0.296198132726 -0.171010071663 10.0000
5.3199 0.1753 0.939692620786 -0.296198132726 0.171010071663 10.0000
5.2916 0.1753 0.939692620786 -0.241844762648 -0.241844762648 10.0000
5.2927 0.1753 0.939692620786 -0.241844762648 0.241844762648 10.0000
5.2824 0.1753 0.939692620786 -0.171010071663 -0.296198132726 10.0000
5.2765 0.1753 0.939692620786 -0.171010071663 0.296198132726 10.0000
5.2556 0.1753 0.939692620786 -0.088521326901 -0.330366089549 10.0000
5.2585 0.1753 0.939692620786 -0.088521326901 0.330366089549 10.0000
5.2466 0.1753 0.939692620786 0.000000000000 -0.342020143326 10.0000
5.2454 0.1753 0.939692620786 0.000000000000 0.342020143326 10.0000
5.2597 0.1753 0.939692620786 0.088521326901 -0.330366089549 10.0000
5.2549 0.1753 0.939692620786 0.088521326901 0.330366089549 10.0000
5.2777 0.1753 0.939692620786 0.171010071663 -0.296198132726 10.0000
5.2819 0.1753 0.939692620786 0.171010071663 0.296198132726 10.0000
5.2937 0.1753 0.939692620786 0.241844762648 -0.241844762648 10.0000
5.2913 0.1753 0.939692620786 0.241844762648 0.241844762648 10.0000
5.3199 0.1753 0.939692620786 0.296198132726 -0.171010071663 10.0000
5.3204 0.1753 0.939692620786 0.296198132726 0.171010071663 10.0000
5.3317 0.1753 0.939692620786 0.330366089549 -0.088521326901 10.0000
5.3307 0.1753 0.939692620786 0.330366089549 0.088521326901 10.0000
5.3337 0.1753 0.939692620786 0.342020143326 0.000000000000 10.0000
5.3455 0.1753 0.965925826289 -0.258819045103 0.000000000000 10.0000
5.3440 0.1753 0.965925826289 -0.250000000000 -0.066987298108 10.0000
5.3446 0.1753 0.965925826289 -0.250000000000 0.066987298108 10.0000
5.3375 0.1753 0.965925826289 -0.224143868042 -0.129409522551 10.0000
5.3375 0.1753 0.965925826289 -0.224143868042 0.129409522551 10.0000
5.3213 0.1753 0.965925826289 -0.183012701892 -0.183012701892 10.0000
5.3218 0.1753 0.965925826289 -0.183012701892 0.183012701892 10.0000
5.3160 0.1753 0.965925826289 -0.129409522551 -0.224143868042 10.0000
5.3125 0.1753 0.965925826289 -0.129409522551 0.224143868042 10.0000
5.3008 0.1753 0.965925826289 -0.066987298108 -0.250000000000 10.0000
5.3022 0.1753 0.965925826289 -0.066987298108 0.250000000000 10.0000
5.2956 0.1753 0.965925826289 -0.000000014393 -0.258819045103 10.0000
5.2947 0.1753 0.965925826289 0.000000000000 0.258819045103 10.0000
5.3031 0.1753 0.965925826289 0.066987298108 -0.250000000000 10.0000
5.3002 0.1753 0.965925826289 0.066987298108 0.250000000000 10.0000
5.3135 0.1753 0.965925826289 0.129409522551 -0.224143868042 10.0000
5.3157 0.1753 0.965925826289 0.129409522551 0.224143868042 10.0000
5.3226 0.1753 0.965925826289 0.183012701892 -0.183012701892 10.0000
5.3210 0.1753 0.965925826289 0.183012701892 0.183012701892 10.0000
5.3375 0.1753 0.965925826289 0.224143868042 -0.129409522551 10.0000
5.3378 0.1753 0.965925826289 0.224143868042 0.129409522551 10.0000
5.3442 0.1753 0.965925826289 0.250000000000 -0.066987298108 10.0000
5.3436 0.1753 0.965925826289 0.250000000000 0.066987298108 10.0000
5.3454 0.1753 0.965925826289 0.258819045103 0.000000000000 10.0000
5.3540 0.1753 0.984807753012 -0.173648177667 0.000000000000 10.0000
5.3534 0.1753 0.984807753012 -0.167731259497 -0.044943455528 10.0000
5.3537 0.1753 0.984807753012 -0.167731259497 0.044943455528 10.0000
5.3504 0.1753 0.984807753012 -0.150383733180 -0.086824088833 10.0000
5.3504 0.1753 0.984807753012 -0.150383733180 0.086824088833 10.0000
5.3432 0.1753 0.984807753012 -0.122787803969 -0.122787803969 10.0000
5.3433 0.1753 0.984807753012 -0.122787803969 0.122787803969 10.0000
5.3408 0.1753 0.984807753012 -0.086824088833 -0.150383733180 10.0000
5.3391 0.1753 0.984807753012 -0.086824088833 0.150383733180 10.0000
5.3340 0.1753 0.984807753012 -0.044943455528 -0.167731259497 10.0000
5.3345 0.1753 0.984807753012 -0.044943455528 0.167731259497 10.0000
5.3317 0.1753 0.984807753012 0.000000000000 -0.173648177667 10.0000
5.3311 0.1753 0.984807753012 0.000000000000 0.173648177667 10.0000
5.3351 0.1753 0.984807753012 0.044943455528 -0.167731259497 10.0000
5.3336 0.1753 0.984807753012 0.044943455528 0.167731259497 10.0000
5.3398 0.1753 0.984807753012 0.086824088833 -0.150383733180 10.0000
5.3406 0.1753 0.984807753012 0.086824088833 0.150383733180 10.0000
5.3438 0.1753 0.984807753012 0.122787803969 -0.122787803969 10.0000
5.3430 0.1753 0.984807753012 0.122787803969 0.122787803969 10.0000
5.3505 0.1753 0.984807753012 0.150383733180 -0.086824088833 10.0000
5.3506 0.1753 0.984807753012 0.150383733180 0.086824088833 10.0000
5.3534 0.1753 0.984807753012 0.167731259497 -0.044943455528 10.0000
5.3532 0.1753 0.984807753012 0.167731259497 0.044943455528 10.0000
5.3540 0.1753 0.984807753012 0.173648177667 0.000000000000 10.0000
5.3593 0.1753 0.996194698092 -0.087155742748 0.000000000000 10.0000
5.3592 0.1753 0.996194698092 -0.084185982829 -0.022557566113 10.0000
5.3592 0.1753 0.996194698092 -0.084185982829 0.022557566113 10.0000
5.3584 0.1753 0.996194698092 -0.075479087305 -0.043577871374 10.0000
5.3584 0.1753 0.996194698092 -0.075479087305 0.043577871374 10.0000
5.3566 0.1753 0.996194698092 -0.061628416716 -0.061628416716 10.0000
5.3565 0.1753 0.996194698092 -0.061628416716 0.061628416716 10.0000
5.3560 0.1753 0.996194698092 -0.043577871374 -0.075479087305 10.0000
5.3554 0.1753 0.996194698092 -0.043577871374 0.075479087305 10.0000
5.3543 0.1753 0.996194698092 -0.022557566113 -0.084185982829 10.0000
5.3543 0.1753 0.996194698092 -0.022557566113 0.084185982829 10.0000
5.3538 0.1753 0.996194698092 -0.000000014844 -0.087155742748 10.0000
5.3534 0.1753 0.996194698092 0.000000000000 0.087155742748 10.0000
5.3546 0.1753 0.996194698092 0.022557566113 -0.084185982829 10.0000
5.3541 0.1753 0.996194698092 0.022557566113 0.084185982829 10.0000
5.3558 0.1753 0.996194698092 0.043577871374 -0.075479087305 10.0000
5.3559 0.1753 0.996194698092 0.043577871374 0.075479087305 10.0000
5.3568 0.1753 0.996194698092 0.061628416716 -0.061628416716 10.0000
5.3565 0.1753 0.996194698092 0.061628416716 0.061628416716 10.0000
5.3584 0.1753 0.996194698092 0.075479087305 -0.043577871374 10.0000
5.3585 0.1753 0.996194698092 0.075479087305 0.043577871374 10.0000
5.3591 0.1753 0.996194698092 0.084185982829 -0.022557566113 10.0000
5.3590 0.1753 0.996194698092 0.084185982829 0.022557566113 10.0000
5.3593 0.1753 0.996194698092 0.087155742748 0.000000000000 10.0000
5.3611 0.1753 1.000000000000 0.000000000000 0.000000000000 10.0000
