0.9084 0.0148 -1.000000000000 0.000000000000 0.000000000000 2.8300
0.9082 0.0148 -0.996194698092 -0.087155742748 0.000000000000 2.8300
0.9079 0.0148 -0.996194698092 -0.084185982829 -0.022557566113 2.8300
0.9080 0.0148 -0.996194698092 -0.084185982829 0.022557566113 2.8300
0.9078 0.0148 -0.996194698092 -0.075479087305 -0.043577871374 2.8300
0.9077 0.0148 -0.996194698092 -0.075479087305 0.043577871374 2.8300
0.9073 0.0148 -0.996194698092 -0.061628416716 -0.061628416716 2.8300
0.9073 0.0148 -0.996194698092 -0.061628416716 0.061628416716 2.8300
0.9070 0.0148 -0.996194698092 -0.043577871374 -0.075479087305 2.8300
0.9070 0.0148 -0.996194698092 -0.043577871374 0.075479087305 2.8300
0.9068 0.0148 -0.996194698092 -0.022557566113 -0.084185982829 2.8300
0.9068 0.0148 -0.996194698092 -0.022557566113 0.084185982829 2.8300
0.9068 0.0148 -0.996194698092 0.000000000000 0.087155742748 2.8300
0.9068 0.0148 -0.996194698092 0.000000014844 -0.087155742748 2.8300
0.9067 0.0148 -0.996194698092 0.022557566113 -0.084185982829 2.8300
0.9069 0.0148 -0.996194698092 0.022557566113 0.084185982829 2.8300
0.9070 0.0148 -0.996194698092 0.043577871374 -0.075479087305 2.8300
0.9071 0.0148 -0.996194698092 0.043577871374 0.075479087305 2.8300
0.9073 0.0148 -0.996194698092 0.061628416716 -0.061628416716 2.8300
0.9074 0.0148 -0.996194698092 0.061628416716 0.061628416716 2.8300
0.9077 0.0148 -0.996194698092 0.075479087305 -0.043577871374 2.8300
0.9079 0.0148 -0.996194698092 0.075479087305 0.043577871374 2.8300
0.9080 0.0148 -0.996194698092 0.084185982829 -0.022557566113 2.8300
0.9079 0.0148 -0.996194698092 0.084185982829 0.022557566113 2.8300
0.9082 0.0148 -0.996194698092 0.087155742748 0.000000000000 2.8300
0.9077 0.0148 -0.984807753012 -0.173648177667 0.000000000000 2.8300
0.9065 0.0148 -0.984807753012 -0.167731259497 -0.044943455528 2.8300
0.9067 0.0148 -0.984807753012 -0.167731259497 0.044943455528 2.8300
0.9061 0.0148 -0.984807753012 -0.150383733180 -0.086824088833 2.8300
0.9056 0.0148 -0.984807753012 -0.150383733180 0.086824088833 2.8300
0.9041 0.0148 -0.984807753012 -0.122787803969 -0.122787803969 2.8300
0.9039 0.0148 -0.984807753012 -0.122787803969 0.122787803969 2.8300
0.9031 0.0148 -0.984807753012 -0.086824088833 -0.150383733180 2.8300
0.9029 0.0148 -0.984807753012 -0.086824088833 0.150383733180 2.8300
0.9021 0.0148 -0.984807753012 -0.044943455528 -0.167731259497 2.8300
0.9020 0.0148 -0.984807753012 -0.044943455528 0.167731259497 2.8300
0.9022 0.0148 -0.984807753012 0.000000000000 -0.173648177667 2.8300
0.9022 0.0148 -0.984807753012 0.000000000000 0.173648177667 2.8300
0.9017 0.0148 -0.984807753012 0.044943455528 -0.167731259497 2.8300
0.9022 0.0148 -0.984807753012 0.044943455528 0.167731259497 2.8300
0.9028 0.0148 -0.984807753012 0.086824088833 -0.150383733180 2.8300
0.9033 0.0148 -0.984807753012 0.086824088833 0.150383733180 2.8300
0.9041 0.0148 -0.984807753012 0.122787803969 -0.122787803969 2.8300
0.9042 0.0148 -0.984807753012 0.122787803969 0.122787803969 2.8300
0.9057 0.0148 -0.984807753012 0.150383733180 -0.086824088833 2.8300
0.9062 0.0148 -0.984807753012 0.150383733180 0.086824088833 2.8300
0.9067 0.0148 -0.984807753012 0.167731259497 -0.044943455528 2.8300
0.9065 0.0148 -0.984807753012 0.167731259497 0.044943455528 2.8300
0.9078 0.0148 -0.984807753012 0.173648177667 0.000000000000 2.8300
0.9070 0.0148 -0.965925826289 -0.258819045103 0.000000000000 2.8300
0.9043 0.0148 -0.965925826289 -0.250000000000 -0.066987298108 2.8300
0.9046 0.0148 -0.965925826289 -0.250000000000 0.066987298108 2.8300
0.9034 0.0148 -0.965925826289 -0.224143868042 -0.129409522551 2.8300
0.9022 0.0148 -0.965925826289 -0.224143868042 0.129409522551 2.8300
0.8989 0.0148 -0.965925826289 -0.183012701892 -0.183012701892 2.8300
0.8986 0.0148 -0.965925826289 -0.183012701892 0.183012701892 2.8300
0.8967 0.0148 -0.965925826289 -0.129409522551 -0.224143868042 2.8300
0.8961 0.0148 -0.965925826289 -0.129409522551 0.224143868042 2.8300
0.8945 0.0148 -0.965925826289 -0.066987298108 -0.250000000000 2.8300
0.8941 0.0148 -0.965925826289 -0.066987298108 0.250000000000 2.8300
0.8945 0.0148 -0.965925826289 0.000000000000 -0.258819045103 2.8300
0.8945 0.0148 -0.965925826289 0.000000000000 0.258819045103 2.8300
0.8937 0.0148 -0.965925826289 0.066987298108 -0.250000000000 2.8300
0.8946 0.0148 -0.965925826289 0.066987298108 0.250000000000 2.8300
0.8960 0.0148 -0.965925826289 0.129409522551 -0.224143868042 2.8300
0.8970 0.0148 -0.965925826289 0.129409522551 0.224143868042 2.8300
0.8988 0.0148 -0.965925826289 0.183012701892 -0.183012701892 2.8300
0.8991 0.0148 -0.965925826289 0.183012701892 0.183012701892 2.8300
0.9024 0.0148 -0.965925826289 0.224143868042 -0.129409522551 2.8300
0.9035 0.0148 -0.965925826289 0.224143868042 0.129409522551 2.8300
0.9046 0.0148 -0.965925826289 0.250000000000 -0.066987298108 2.8300
0.9042 0.0148 -0.965925826289 0.250000000000 0.066987298108 2.8300
0.9070 0.0148 -0.965925826289 0.258819045103 0.000000000000 2.8300
0.9059 0.0148 -0.939692620786 -0.342020143326 0.000000000000 2.8300
0.9012 0.0148 -0.939692620786 -0.330366089549 -0.088521326901 2.8300
0.9018 0.0148 -0.939692620786 -0.330366089549 0.088521326901 2.8300
0.8997 0.0148 -0.939692620786 -0.296198132726 -0.171010071663 2.8300
0.8977 0.0148 -0.939692620786 -0.296198132726 0.171010071663 2.8300
0.8918 0.0148 -0.939692620786 -0.241844762648 -0.241844762648 2.8300
0.8913 0.0148 -0.939692620786 -0.241844762648 0.241844762648 2.8300
0.8881 0.0148 -0.939692620786 -0.171010071663 -0.296198132726 2.8300
0.8869 0.0148 -0.939692620786 -0.171010071663 0.296198132726 2.8300
0.8842 0.0148 -0.939692620786 -0.088521326901 -0.330366089549 2.8300
0.8833 0.0148 -0.939692620786 -0.088521326901 0.330366089549 2.8300
0.8842 0.0148 -0.939692620786 0.000000000000 -0.342020143326 2.8300
0.8842 0.0148 -0.939692620786 0.000000000000 0.342020143326 2.8300
0.8828 0.0148 -0.939692620786 0.088521326901 -0.330366089549 2.8300
0.8843 0.0148 -0.939692620786 0.088521326901 0.330366089549 2.8300
0.8867 0.0148 -0.939692620786 0.171010071663 -0.296198132726 2.8300
0.8885 0.0148 -0.939692620786 0.171010071663 0.296198132726 2.8300
0.8916 0.0148 -0.939692620786 0.241844762648 -0.241844762648 2.8300
0.8921 0.0148 -0.939692620786 0.241844762648 0.241844762648 2.8300
0.8978 0.0148 -0.939692620786 0.296198132726 -0.171010071663 2.8300
0.8998 0.0148 -0.939692620786 0.296198132726 0.171010071663 2.8300
0.9017 0.0148 -0.939692620786 0.330366089549 -0.088521326901 2.8300
0.9011 0.0148 -0.939692620786 0.330366089549 0.088521326901 2.8300
0.9059 0.0148 -0.939692620786 0.342020143326 0.000000000000 2.8300
0.9046 0.0148 -0.906307787037 -0.422618261741 0.000000000000 2.8300
0.8974 0.0148 -0.906307787037 -0.408217893677 -0.109381654947 2.8300
0.8983 0.0148 -0.906307787037 -0.408217893677 0.109381654947 2.8300
0.8951 0.0148 -0.906307787037 -0.365998150771 -0.211309130870 2.8300
0.8920 0.0148 -0.906307787037 -0.365998150771 0.211309130870 2.8300
0.8831 0.0148 -0.906307787037 -0.298836238730 -0.298836238730 2.8300
0.8823 0.0148 -0.906307787037 -0.298836238730 0.298836238730 2.8300
0.8775 0.0148 -0.906307787037 -0.211309130870 -0.365998150771 2.8300
0.8756 0.0148 -0.906307787037 -0.211309130870 0.365998150771 2.8300
0.8714 0.0148 -0.906307787037 -0.109381654947 -0.408217893677 2.8300
0.8700 0.0148 -0.906307787037 -0.109381654947 0.408217893677 2.8300
0.8714 0.0148 -0.906307787037 0.000000000000 -0.422618261741 2.8300
0.8714 0.0148 -0.906307787037 0.000000000000 0.422618261741 2.8300
0.8694 0.0148 -0.906307787037 0.109381654947 -0.408217893677 2.8300
0.8716 0.0148 -0.906307787037 0.109381654947 0.408217893677 2.8300
0.8753 0.0148 -0.906307787037 0.211309130870 -0.365998150771 2.8300
0.8779 0.0148 -0.906307787037 0.211309130870 0.365998150771 2.8300
0.8827 0.0148 -0.906307787037 0.298836238730 -0.298836238730 2.8300
0.8834 0.0148 -0.906307787037 0.298836238730 0.298836238730 2.8300
0.8922 0.0148 -0.906307787037 0.365998150771 -0.211309130870 2.8300
0.8952 0.0148 -0.906307787037 0.365998150771 0.211309130870 2.8300
0.8982 0.0148 -0.906307787037 0.408217893677 -0.109381654947 2.8300
0.8973 0.0148 -0.906307787037 0.408217893677 0.109381654947 2.8300
0.9046 0.0148 -0.906307787037 0.422618261741 0.000000000000 2.8300
0.9030 0.0148 -0.866025403784 -0.500000000000 0.000000000000 2.8300
0.8930 0.0148 -0.866025403784 -0.482962913145 -0.129409522551 2.8300
0.8942 0.0148 -0.866025403784 -0.482962913145 0.129409522551 2.8300
0.8898 0.0148 -0.866025403784 -0.433012701892 -0.250000000000 2.8300
0.8855 0.0148 -0.866025403784 -0.433012701892 0.250000000000 2.8300
0.8730 0.0148 -0.866025403784 -0.353553390593 -0.353553390593 2.8300
0.8720 0.0148 -0.866025403784 -0.353553390593 0.353553390593 2.8300
0.8652 0.0148 -0.866025403784 -0.250000000000 -0.433012701892 2.8300
0.8624 0.0148 -0.866025403784 -0.250000000000 0.433012701892 2.8300
0.8567 0.0148 -0.866025403784 -0.129409522551 -0.482962913145 2.8300
0.8545 0.0148 -0.866025403784 -0.129409522551 0.482962913145 2.8300
0.8566 0.0148 -0.866025403784 0.000000000000 0.500000000000 2.8300
0.8566 0.0148 -0.866025403784 0.000000012905 -0.500000000000 2.8300
0.8539 0.0148 -0.866025403784 0.129409522551 -0.482962913145 2.8300
0.8569 0.0148 -0.866025403784 0.129409522551 0.482962913145 2.8300
0.8622 0.0148 -0.866025403784 0.250000000000 -0.433012701892 2.8300
0.8656 0.0148 -0.866025403784 0.250000000000 0.433012701892 2.8300
0.8724 0.0148 -0.866025403784 0.353553390593 -0.353553390593 2.8300
0.8734 0.0148 -0.866025403784 0.353553390593 0.353553390593 2.8300
0.8857 0.0148 -0.866025403784 0.433012701892 -0.250000000000 2.8300
0.8900 0.0148 -0.866025403784 0.433012701892 0.250000000000 2.8300
0.8942 0.0148 -0.866025403784 0.482962913145 -0.129409522551 2.8300
0.8929 0.0148 -0.866025403784 0.482962913145 0.129409522551 2.8300
0.9031 0.0148 -0.866025403784 0.500000000000 0.000000000000 2.8300
0.9014 0.0148 -0.819152044289 -0.573576436351 0.000000000000 2.8300
0.8881 0.0148 -0.819152044289 -0.554032293222 -0.148452505550 2.8300
0.8897 0.0148 -0.819152044289 -0.554032293222 0.148452505550 2.8300
0.8840 0.0148 -0.819152044289 -0.496731764892 -0.286788218176 2.8300
0.8783 0.0148 -0.819152044289 -0.496731764892 0.286788218176 2.8300
0.8618 0.0148 -0.819152044289 -0.405579787673 -0.405579787673 2.8300
0.8605 0.0148 -0.819152044289 -0.405579787673 0.405579787673 2.8300
0.8515 0.0148 -0.819152044289 -0.286788218176 -0.496731764892 2.8300
0.8479 0.0148 -0.819152044289 -0.286788218176 0.496731764892 2.8300
0.8403 0.0148 -0.819152044289 -0.148452505550 -0.554032293222 2.8300
0.8374 0.0148 -0.819152044289 -0.148452505550 0.554032293222 2.8300
0.8403 0.0148 -0.819152044289 0.000000000000 -0.573576436351 2.8300
0.8403 0.0148 -0.819152044289 0.000000000000 0.573576436351 2.8300
0.8368 0.0148 -0.819152044289 0.148452505550 -0.554032293222 2.8300
0.8406 0.0148 -0.819152044289 0.148452505550 0.554032293222 2.8300
0.8476 0.0148 -0.819152044289 0.286788218176 -0.496731764892 2.8300
0.8521 0.0148 -0.819152044289 0.286788218176 0.496731764892 2.8300
0.8609 0.0148 -0.819152044289 0.405579787673 -0.405579787673 2.8300
0.8622 0.0148 -0.819152044289 0.405579787673 0.405579787673 2.8300
0.8786 0.0148 -0.819152044289 0.496731764892 -0.286788218176 2.8300
0.8841 0.0148 -0.819152044289 0.496731764892 0.286788218176 2.8300
0.8897 0.0148 -0.819152044289 0.554032293222 -0.148452505550 2.8300
0.8880 0.0148 -0.819152044289 0.554032293222 0.148452505550 2.8300
0.9014 0.0148 -0.819152044289 0.573576436351 0.000000000000 2.8300
0.8996 0.0148 -0.766044443119 -0.642787609687 0.000000000000 2.8300
0.8829 0.0148 -0.766044443119 -0.620885153015 -0.166365675343 2.8300
0.8850 0.0148 -0.766044443119 -0.620885153015 0.166365675343 2.8300
0.8777 0.0148 -0.766044443119 -0.556670399226 -0.321393804843 2.8300
0.8707 0.0148 -0.766044443119 -0.556670399226 0.321393804843 2.8300
0.8500 0.0148 -0.766044443119 -0.454519477672 -0.454519477672 2.8300
0.8483 0.0148 -0.766044443119 -0.454519477672 0.454519477672 2.8300
0.8370 0.0148 -0.766044443119 -0.321393804843 -0.556670399226 2.8300
0.8324 0.0148 -0.766044443119 -0.321393804843 0.556670399226 2.8300
0.8229 0.0148 -0.766044443119 -0.166365675343 -0.620885153015 2.8300
0.8192 0.0148 -0.766044443119 -0.166365675343 0.620885153015 2.8300
0.8229 0.0148 -0.766044443119 0.000000000000 -0.642787609687 2.8300
0.8228 0.0148 -0.766044443119 0.000000011415 0.642787609687 2.8300
0.8185 0.0148 -0.766044443119 0.166365675343 -0.620885153015 2.8300
0.8232 0.0148 -0.766044443119 0.166365675343 0.620885153015 2.8300
0.8321 0.0148 -0.766044443119 0.321393804843 -0.556670399226 2.8300
0.8376 0.0148 -0.766044443119 0.321393804843 0.556670399226 2.8300
0.8487 0.0148 -0.766044443119 0.454519477672 -0.454519477672 2.8300
0.8504 0.0148 -0.766044443119 0.454519477672 0.454519477672 2.8300
0.8709 0.0148 -0.766044443119 0.556670399226 -0.321393804843 2.8300
0.8779 0.0148 -0.766044443119 0.556670399226 0.321393804843 2.8300
0.8849 0.0148 -0.766044443119 0.620885153015 -0.166365675343 2.8300
0.8828 0.0148 -0.766044443119 0.620885153015 0.166365675343 2.8300
0.8996 0.0148 -0.766044443119 0.642787609687 0.000000000000 2.8300
0.8977 0.0148 -0.707106781187 -0.707106781187 0.000000000000 2.8300
0.8775 0.0148 -0.707106781187 -0.683012701892 -0.183012701892 2.8300
0.8800 0.0148 -0.707106781187 -0.683012701892 0.183012701892 2.8300
0.8713 0.0148 -0.707106781187 -0.612372435696 -0.353553390593 2.8300
0.8628 0.0148 -0.707106781187 -0.612372435696 0.353553390593 2.8300
0.8377 0.0148 -0.707106781187 -0.500000000000 -0.500000000000 2.8300
0.8357 0.0148 -0.707106781187 -0.500000000000 0.500000000000 2.8300
0.8221 0.0148 -0.707106781187 -0.353553390593 -0.612372435696 2.8300
0.8164 0.0148 -0.707106781187 -0.353553390593 0.612372435696 2.8300
0.8050 0.0148 -0.707106781187 -0.183012701892 -0.683012701892 2.8300
0.8004 0.0148 -0.707106781187 -0.183012701892 0.683012701892 2.8300
0.8049 0.0148 -0.707106781187 -0.000000010537 -0.707106781187 2.8300
0.8048 0.0148 -0.707106781187 0.000000010537 0.707106781187 2.8300
0.7997 0.0148 -0.707106781187 0.183012701892 -0.683012701892 2.8300
0.8053 0.0148 -0.707106781187 0.183012701892 0.683012701892 2.8300
0.8160 0.0148 -0.707106781187 0.353553390593 -0.612372435696 2.8300
0.8227 0.0148 -0.707106781187 0.353553390593 0.612372435696 2.8300
0.8361 0.0148 -0.707106781187 0.500000000000 -0.500000000000 2.8300
0.8382 0.0148 -0.707106781187 0.500000000000 0.500000000000 2.8300
0.8630 0.0148 -0.707106781187 0.612372435696 -0.353553390593 2.8300
0.8715 0.0148 -0.707106781187 0.612372435696 0.353553390593 2.8300
0.8800 0.0148 -0.707106781187 0.683012701892 -0.183012701892 2.8300
0.8774 0.0148 -0.707106781187 0.683012701892 0.183012701892 2.8300
0.8978 0.0148 -0.707106781187 0.707106781187 0.000000000000 2.8300
0.8959 0.0148 -0.642787609687 -0.766044443119 0.000000000000 2.8300
0.8721 0.0148 -0.642787609687 -0.739942111694 -0.198266891274 2.8300
0.8751 0.0148 -0.642787609687 -0.739942111694 0.198266891274 2.8300
0.8649 0.0148 -0.642787609687 -0.663413948169 -0.383022221559 2.8300
0.8548 0.0148 -0.642787609687 -0.663413948169 0.383022221559 2.8300
0.8255 0.0148 -0.642787609687 -0.541675220420 -0.541675220420 2.8300
0.8231 0.0148 -0.642787609687 -0.541675220420 0.541675220420 2.8300
0.8072 0.0148 -0.642787609687 -0.383022221559 -0.663413948169 2.8300
0.8004 0.0148 -0.642787609687 -0.383022221559 0.663413948169 2.8300
0.7871 0.0148 -0.642787609687 -0.198266891274 -0.739942111694 2.8300
0.7816 0.0148 -0.642787609687 -0.198266891274 0.739942111694 2.8300
0.7869 0.0148 -0.642787609687 -0.000000009578 -0.766044443119 2.8300
0.7869 0.0148 -0.642787609687 0.000000000000 0.766044443119 2.8300
0.7809 0.0148 -0.642787609687 0.198266891274 -0.739942111694 2.8300
0.7873 0.0148 -0.642787609687 0.198266891274 0.739942111694 2.8300
0.8000 0.0148 -0.642787609687 0.383022221559 -0.663413948169 2.8300
0.8077 0.0148 -0.642787609687 0.383022221559 0.663413948169 2.8300
0.8235 0.0148 -0.642787609687 0.541675220420 -0.541675220420 2.8300
0.8259 0.0148 -0.642787609687 0.541675220420 0.541675220420 2.8300
0.8551 0.0148 -0.642787609687 0.663413948169 -0.383022221559 2.8300
0.8650 0.0148 -0.642787609687 0.663413948169 0.383022221559 2.8300
0.8751 0.0148 -0.642787609687 0.739942111694 -0.198266891274 2.8300
0.8720 0.0148 -0.642787609687 0.739942111694 0.198266891274 2.8300
0.8959 0.0148 -0.642787609687 0.766044443119 0.000000000000 2.8300
0.8941 0.0148 -0.573576436351 -0.819152044289 0.000000000000 2.8300
0.8669 0.0148 -0.573576436351 -0.791240115236 -0.212012149897 2.8300
0.8703 0.0148 -0.573576436351 -0.791240115236 0.212012149897 2.8300
0.8586 0.0148 -0.573576436351 -0.709406479916 -0.409576022144 2.8300
0.8472 0.0148 -0.573576436351 -0.709406479916 0.409576022144 2.8300
0.8136 0.0148 -0.573576436351 -0.579227965340 -0.579227965340 2.8300
0.8109 0.0148 -0.573576436351 -0.579227965340 0.579227965340 2.8300
0.7927 0.0148 -0.573576436351 -0.409576022144 -0.709406479916 2.8300
0.7848 0.0148 -0.573576436351 -0.409576022144 0.709406479916 2.8300
0.7697 0.0148 -0.573576436351 -0.212012149897 -0.791240115236 2.8300
0.7633 0.0148 -0.573576436351 -0.212012149897 0.791240115236 2.8300
0.7695 0.0148 -0.573576436351 -0.000000000000 -0.819152044289 2.8300
0.7694 0.0148 -0.573576436351 0.000000000000 0.819152044289 2.8300
0.7627 0.0148 -0.573576436351 0.212012149897 -0.791240115236 2.8300
0.7699 0.0148 -0.573576436351 0.212012149897 0.791240115236 2.8300
0.7845 0.0148 -0.573576436351 0.409576022144 -0.709406479916 2.8300
0.7932 0.0148 -0.573576436351 0.409576022144 0.709406479916 2.8300
0.8113 0.0148 -0.573576436351 0.579227965340 -0.579227965340 2.8300
0.8140 0.0148 -0.573576436351 0.579227965340 0.579227965340 2.8300
0.8474 0.0148 -0.573576436351 0.709406479916 -0.409576022144 2.8300
0.8588 0.0148 -0.573576436351 0.709406479916 0.409576022144 2.8300
0.8703 0.0148 -0.573576436351 0.791240115236 -0.212012149897 2.8300
0.8668 0.0148 -0.573576436351 0.791240115236 0.212012149897 2.8300
0.8941 0.0148 -0.573576436351 0.819152044289 0.000000000000 2.8300
0.8924 0.0148 -0.500000000000 -0.866025403784 0.000000000000 2.8300
0.8620 0.0148 -0.500000000000 -0.836516303738 -0.224143868042 2.8300
0.8658 0.0148 -0.500000000000 -0.836516303738 0.224143868042 2.8300
0.8528 0.0148 -0.500000000000 -0.750000000000 -0.433012701892 2.8300
0.8400 0.0148 -0.500000000000 -0.750000000000 0.433012701892 2.8300
0.8025 0.0148 -0.500000000000 -0.612372435696 -0.612372435696 2.8300
0.7995 0.0148 -0.500000000000 -0.612372435696 0.612372435696 2.8300
0.7791 0.0148 -0.500000000000 -0.433012701892 -0.750000000000 2.8300
0.7702 0.0148 -0.500000000000 -0.433012701892 0.750000000000 2.8300
0.7534 0.0148 -0.500000000000 -0.224143868042 -0.836516303738 2.8300
0.7462 0.0148 -0.500000000000 -0.224143868042 0.836516303738 2.8300
0.7531 0.0148 -0.500000000000 -0.000000000000 -0.866025403784 2.8300
0.7531 0.0148 -0.500000000000 0.000000007451 0.866025403784 2.8300
0.7456 0.0148 -0.500000000000 0.224143868042 -0.836516303738 2.8300
0.7536 0.0148 -0.500000000000 0.224143868042 0.836516303738 2.8300
0.7700 0.0148 -0.500000000000 0.433012701892 -0.750000000000 2.8300
0.7796 0.0148 -0.500000000000 0.433012701892 0.750000000000 2.8300
0.7999 0.0148 -0.500000000000 0.612372435696 -0.612372435696 2.8300
0.8029 0.0148 -0.500000000000 0.612372435696 0.612372435696 2.8300
0.8402 0.0148 -0.500000000000 0.750000000000 -0.433012701892 2.8300
0.8530 0.0148 -0.500000000000 0.750000000000 0.433012701892 2.8300
0.8658 0.0148 -0.500000000000 0.836516303738 -0.224143868042 2.8300
0.8619 0.0148 -0.500000000000 0.836516303738 0.224143868042 2.8300
0.8924 0.0148 -0.500000000000 0.866025403784 0.000000000000 2.8300
0.8909 0.0148 -0.422618261741 -0.906307787037 0.000000000000 2.8300
0.8576 0.0148 -0.422618261741 -0.875426098066 -0.234569716010 2.8300
0.8618 0.0148 -0.422618261741 -0.875426098066 0.234569716010 2.8300
0.8475 0.0148 -0.422618261741 -0.784885567221 -0.453153893518 2.8300
0.8335 0.0148 -0.422618261741 -0.784885567221 0.453153893518 2.8300
0.7925 0.0148 -0.422618261741 -0.640856382056 -0.640856382056 2.8300
0.7891 0.0148 -0.422618261741 -0.640856382056 0.640856382056 2.8300
0.7669 0.0148 -0.422618261741 -0.453153893518 -0.784885567221 2.8300
0.7571 0.0148 -0.422618261741 -0.453153893518 0.784885567221 2.8300
0.7387 0.0148 -0.422618261741 -0.234569716010 -0.875426098066 2.8300
0.7307 0.0148 -0.422618261741 -0.234569716010 0.875426098066 2.8300
0.7383 0.0148 -0.422618261741 -0.000000000000 -0.906307787037 2.8300
0.7383 0.0148 -0.422618261741 0.000000006298 0.906307787037 2.8300
0.7301 0.0148 -0.422618261741 0.234569716010 -0.875426098066 2.8300
0.7389 0.0148 -0.422618261741 0.234569716010 0.875426098066 2.8300
0.7568 0.0148 -0.422618261741 0.453153893518 -0.784885567221 2.8300
0.7673 0.0148 -0.422618261741 0.453153893518 0.784885567221 2.8300
0.7895 0.0148 -0.422618261741 0.640856382056 -0.640856382056 2.8300
0.7928 0.0148 -0.422618261741 0.640856382056 0.640856382056 2.8300
0.8337 0.0148 -0.422618261741 0.784885567221 -0.453153893518 2.8300
0.8477 0.0148 -0.422618261741 0.784885567221 0.453153893518 2.8300
0.8617 0.0148 -0.422618261741 0.875426098066 -0.234569716010 2.8300
0.8575 0.0148 -0.422618261741 0.875426098066 0.234569716010 2.8300
0.8909 0.0148 -0.422618261741 0.906307787037 0.000000000000 2.8300
0.8896 0.0148 -0.342020143326 -0.939692620786 0.000000000000 2.8300
0.8538 0.0148 -0.342020143326 -0.907673371190 -0.243210346802 2.8300
0.8583 0.0148 -0.342020143326 -0.907673371190 0.243210346802 2.8300
0.8430 0.0148 -0.342020143326 -0.813797681349 -0.469846310393 2.8300
0.8279 0.0148 -0.342020143326 -0.813797681349 0.469846310393 2.8300
0.7838 0.0148 -0.342020143326 -0.664463024389 -0.664463024389 2.8300
0.7802 0.0148 -0.342020143326 -0.664463024389 0.664463024389 2.8300
0.7563 0.0148 -0.342020143326 -0.469846310393 -0.813797681349 2.8300
0.7457 0.0148 -0.342020143326 -0.469846310393 0.813797681349 2.8300
0.7260 0.0148 -0.342020143326 -0.243210346802 -0.907673371190 2.8300
0.7173 0.0148 -0.342020143326 -0.243210346802 0.907673371190 2.8300
0.7256 0.0148 -0.342020143326 -0.000000000000 -0.939692620786 2.8300
0.7255 0.0148 -0.342020143326 0.000000000000 0.939692620786 2.8300
0.7168 0.0148 -0.342020143326 0.243210346802 -0.907673371190 2.8300
0.7261 0.0148 -0.342020143326 0.243210346802 0.907673371190 2.8300
0.7455 0.0148 -0.342020143326 0.469846310393 -0.813797681349 2.8300
0.7567 0.0148 -0.342020143326 0.469846310393 0.813797681349 2.8300
0.7805 0.0148 -0.342020143326 0.664463024389 -0.664463024389 2.8300
0.7841 0.0148 -0.342020143326 0.664463024389 0.664463024389 2.8300
0.8281 0.0148 -0.342020143326 0.813797681349 -0.469846310393 2.8300
0.8431 0.0148 -0.342020143326 0.813797681349 0.469846310393 2.8300
0.8583 0.0148 -0.342020143326 0.907673371190 -0.243210346802 2.8300
0.8537 0.0148 -0.342020143326 0.907673371190 0.243210346802 2.8300
0.8896 0.0148 -0.342020143326 0.939692620786 0.000000000000 2.8300
0.8885 0.0148 -0.258819045103 -0.965925826289 0.000000000000 2.8300
0.8507 0.0148 -0.258819045103 -0.933012701892 -0.250000000000 2.8300
0.8554 0.0148 -0.258819045103 -0.933012701892 0.250000000000 2.8300
0.8393 0.0148 -0.258819045103 -0.836516303738 -0.482962913145 2.8300
0.8234 0.0148 -0.258819045103 -0.836516303738 0.482962913145 2.8300
0.7768 0.0148 -0.258819045103 -0.683012701892 -0.683012701892 2.8300
0.7730 0.0148 -0.258819045103 -0.683012701892 0.683012701892 2.8300
0.7478 0.0148 -0.258819045103 -0.482962913145 -0.836516303738 2.8300
0.7364 0.0148 -0.258819045103 -0.482962913145 0.836516303738 2.8300
0.7156 0.0148 -0.258819045103 -0.250000000000 -0.933012701892 2.8300
0.7064 0.0148 -0.258819045103 -0.250000000000 0.933012701892 2.8300
0.7152 0.0148 -0.258819045103 -0.000000000000 -0.965925826289 2.8300
0.7152 0.0148 -0.258819045103 0.000000003857 0.965925826289 2.8300
0.7060 0.0148 -0.258819045103 0.250000000000 -0.933012701892 2.8300
0.7158 0.0148 -0.258819045103 0.250000000000 0.933012701892 2.8300
0.7363 0.0148 -0.258819045103 0.482962913145 -0.836516303738 2.8300
0.7480 0.0148 -0.258819045103 0.482962913145 0.836516303738 2.8300
0.7732 0.0148 -0.258819045103 0.683012701892 -0.683012701892 2.8300
0.7770 0.0148 -0.258819045103 0.683012701892 0.683012701892 2.8300
0.8235 0.0148 -0.258819045103 0.836516303738 -0.482962913145 2.8300
0.8394 0.0148 -0.258819045103 0.836516303738 0.482962913145 2.8300
0.8554 0.0148 -0.258819045103 0.933012701892 -0.250000000000 2.8300
0.8506 0.0148 -0.258819045103 0.933012701892 0.250000000000 2.8300
0.8885 0.0148 -0.258819045103 0.965925826289 0.000000000000 2.8300
0.8877 0.0148 -0.173648177667 -0.984807753012 0.000000000000 2.8300
0.8484 0.0148 -0.173648177667 -0.951251242564 -0.254887002244 2.8300
0.8534 0.0148 -0.173648177667 -0.951251242564 0.254887002244 2.8300
0.8366 0.0148 -0.173648177667 -0.852868531952 -0.492403876506 2.8300
0.8200 0.0148 -0.173648177667 -0.852868531952 0.492403876506 2.8300
0.7716 0.0148 -0.173648177667 -0.696364240320 -0.696364240320 2.8300
0.7677 0.0148 -0.173648177667 -0.696364240320 0.696364240320 2.8300
0.7415 0.0148 -0.173648177667 -0.492403876506 -0.852868531952 2.8300
0.7296 0.0148 -0.173648177667 -0.492403876506 0.852868531952 2.8300
0.7081 0.0148 -0.173648177667 -0.254887002244 -0.951251242564 2.8300
0.6984 0.0148 -0.173648177667 -0.254887002244 0.951251242564 2.8300
0.7076 0.0148 -0.173648177667 -0.000000000000 -0.984807753012 2.8300
0.7076 0.0148 -0.173648177667 0.000000002588 0.984807753012 2.8300
0.6981 0.0148 -0.173648177667 0.254887002244 -0.951251242564 2.8300
0.7082 0.0148 -0.173648177667 0.254887002244 0.951251242564 2.8300
0.7295 0.0148 -0.173648177667 0.492403876506 -0.852868531952 2.8300
0.7417 0.0148 -0.173648177667 0.492403876506 0.852868531952 2.8300
0.7679 0.0148 -0.173648177667 0.696364240320 -0.696364240320 2.8300
0.7718 0.0148 -0.173648177667 0.696364240320 0.696364240320 2.8300
0.8201 0.0148 -0.173648177667 0.852868531952 -0.492403876506 2.8300
0.8366 0.0148 -0.173648177667 0.852868531952 0.492403876506 2.8300
0.8533 0.0148 -0.173648177667 0.951251242564 -0.254887002244 2.8300
0.8483 0.0148 -0.173648177667 0.951251242564 0.254887002244 2.8300
0.8877 0.0148 -0.173648177667 0.984807753012 0.000000000000 2.8300
0.8872 0.0148 -0.087155742748 -0.996194698092 0.000000000000 2.8300
0.8470 0.0148 -0.087155742748 -0.962250186899 -0.257834160496 2.8300
0.8521 0.0148 -0.087155742748 -0.962250186899 0.257834160496 2.8300
0.8349 0.0148 -0.087155742748 -0.862729915663 -0.498097349046 2.8300
0.8180 0.0148 -0.087155742748 -0.862729915663 0.498097349046 2.8300
0.7685 0.0148 -0.087155742748 -0.704416026403 -0.704416026403 2.8300
0.7645 0.0148 -0.087155742748 -0.704416026403 0.704416026403 2.8300
0.7376 0.0148 -0.087155742748 -0.498097349046 -0.862729915663 2.8300
0.7254 0.0148 -0.087155742748 -0.498097349046 0.862729915663 2.8300
0.7034 0.0148 -0.087155742748 -0.257834160496 -0.962250186899 2.8300
0.6934 0.0148 -0.087155742748 -0.257834160496 0.962250186899 2.8300
0.7029 0.0148 -0.087155742748 -0.000000001299 -0.996194698092 2.8300
0.7029 0.0148 -0.087155742748 0.000000000000 0.996194698092 2.8300
0.6933 0.0148 -0.087155742748 0.257834160496 -0.962250186899 2.8300
0.7035 0.0148 -0.087155742748 0.257834160496 0.962250186899 2.8300
0.7254 0.0148 -0.087155742748 0.498097349046 -0.862729915663 2.8300
0.7377 0.0148 -0.087155742748 0.498097349046 0.862729915663 2.8300
0.7646 0.0148 -0.087155742748 0.704416026403 -0.704416026403 2.8300
0.7686 0.0148 -0.087155742748 0.704416026403 0.704416026403 2.8300
0.8181 0.0148 -0.087155742748 0.862729915663 -0.498097349046 2.8300
0.8349 0.0148 -0.087155742748 0.862729915663 0.498097349046 2.8300
0.8521 0.0148 -0.087155742748 0.962250186899 -0.257834160496 2.8300
0.8470 0.0148 -0.087155742748 0.962250186899 0.257834160496 2.8300
0.8873 0.0148 -0.087155742748 0.996194698092 0.000000000000 2.8300
0.8871 0.0148 0.000000000000 -1.000000000000 0.000000000000 2.8300
0.8465 0.0148 0.000000000000 -0.965925826289 -0.258819045103 2.8300
0.8516 0.0148 0.000000000000 -0.965925826289 0.258819045103 2.8300
0.8344 0.0148 0.000000000000 -0.866025403784 -0.500000000000 2.8300
0.8173 0.0148 0.000000000000 -0.866025403784 0.500000000000 2.8300
0.7675 0.0148 0.000000000000 -0.707106781187 -0.707106781187 2.8300
0.7634 0.0148 0.000000000000 -0.707106781187 0.707106781187 2.8300
0.7364 0.0148 0.000000000000 -0.500000000000 -0.866025403784 2.8300
0.7240 0.0148 0.000000000000 -0.500000000000 0.866025403784 2.8300
0.7019 0.0148 0.000000000000 -0.258819045103 -0.965925826289 2.8300
0.6917 0.0148 0.000000000000 -0.258819045103 0.965925826289 2.8300
0.7013 0.0148 0.000000000000 0.000000000000 -1.000000000000 2.8300
0.7013 0.0148 0.000000000000 0.000000000000 1.000000000000 2.8300
0.6917 0.0148 0.000000000000 0.258819045103 -0.965925826289 2.8300
0.7019 0.0148 0.000000000000 0.258819045103 0.965925826289 2.8300
0.7240 0.0148 0.000000000000 0.500000000000 -0.866025403784 2.8300
0.7364 0.0148 0.000000000000 0.500000000000 0.866025403784 2.8300
0.7634 0.0148 0.000000000000 0.707106781187 -0.707106781187 2.8300
0.7675 0.0148 0.000000000000 0.707106781187 0.707106781187 2.8300
0.8173 0.0148 0.000000000000 0.866025403784 -0.500000000000 2.8300
0.8344 0.0148 0.000000000000 0.866025403784 0.500000000000 2.8300
0.8516 0.0148 0.000000000000 0.965925826289 -0.258819045103 2.8300
0.8465 0.0148 0.000000000000 0.965925826289 0.258819045103 2.8300
0.8871 0.0148 0.000000000000 1.000000000000 0.000000000000 2.8300
0.8873 0.0148 0.087155742748 -0.996194698092 0.000000000000 2.8300
0.8470 0.0148 0.087155742748 -0.962250186899 -0.257834160496 2.8300
0.8521 0.0148 0.087155742748 -0.962250186899 0.257834160496 2.8300
0.8349 0.0148 0.087155742748 -0.862729915663 -0.498097349046 2.8300
0.8181 0.0148 0.087155742748 -0.862729915663 0.498097349046 2.8300
0.7686 0.0148 0.087155742748 -0.704416026403 -0.704416026403 2.8300
0.7646 0.0148 0.087155742748 -0.704416026403 0.704416026403 2.8300
0.7377 0.0148 0.087155742748 -0.498097349046 -0.862729915663 2.8300
0.7254 0.0148 0.087155742748 -0.498097349046 0.862729915663 2.8300
0.7035 0.0148 0.087155742748 -0.257834160496 -0.962250186899 2.8300
0.6933 0.0148 0.087155742748 -0.257834160496 0.962250186899 2.8300
0.7029 0.0148 0.087155742748 0.000000000000 -0.996194698092 2.8300
0.7029 0.0148 0.087155742748 0.000000001299 0.996194698092 2.8300
0.6934 0.0148 0.087155742748 0.257834160496 -0.962250186899 2.8300
0.7034 0.0148 0.087155742748 0.257834160496 0.962250186899 2.8300
0.7254 0.0148 0.087155742748 0.498097349046 -0.862729915663 2.8300
0.7376 0.0148 0.087155742748 0.498097349046 0.862729915663 2.8300
0.7645 0.0148 0.087155742748 0.704416026403 -0.704416026403 2.8300
0.7685 0.0148 0.087155742748 0.704416026403 0.704416026403 2.8300
0.8180 0.0148 0.087155742748 0.862729915663 -0.498097349046 2.8300
0.8349 0.0148 0.087155742748 0.862729915663 0.498097349046 2.8300
0.8521 0.0148 0.087155742748 0.962250186899 -0.257834160496 2.8300
0.8470 0.0148 0.087155742748 0.962250186899 0.257834160496 2.8300
0.8872 0.0148 0.087155742748 0.996194698092 0.000000000000 2.8300
0.8877 0.0148 0.173648177667 -0.984807753012 0.000000000000 2.8300
0.8483 0.0148 0.173648177667 -0.951251242564 -0.254887002244 2.8300
0.8533 0.0148 0.173648177667 -0.951251242564 0.254887002244 2.8300
0.8366 0.0148 0.173648177667 -0.852868531952 -0.492403876506 2.8300
0.8201 0.0148 0.173648177667 -0.852868531952 0.492403876506 2.8300
0.7718 0.0148 0.173648177667 -0.696364240320 -0.696364240320 2.8300
0.7679 0.0148 0.173648177667 -0.696364240320 0.696364240320 2.8300
0.7417 0.0148 0.173648177667 -0.492403876506 -0.852868531952 2.8300
0.7295 0.0148 0.173648177667 -0.492403876506 0.852868531952 2.8300
0.7082 0.0148 0.173648177667 -0.254887002244 -0.951251242564 2.8300
0.6981 0.0148 0.173648177667 -0.254887002244 0.951251242564 2.8300
0.7076 0.0148 0.173648177667 -0.000000002588 -0.984807753012 2.8300
0.7076 0.0148 0.173648177667 0.000000000000 0.984807753012 2.8300
0.6984 0.0148 0.173648177667 0.254887002244 -0.951251242564 2.8300
0.7081 0.0148 0.173648177667 0.254887002244 0.951251242564 2.8300
0.7296 0.0148 0.173648177667 0.492403876506 -0.852868531952 2.8300
0.7415 0.0148 0.173648177667 0.492403876506 0.852868531952 2.8300
0.7677 0.0148 0.173648177667 0.696364240320 -0.696364240320 2.8300
0.7716 0.0148 0.173648177667 0.696364240320 0.696364240320 2.8300
0.8200 0.0148 0.173648177667 0.852868531952 -0.492403876506 2.8300
0.8366 0.0148 0.173648177667 0.852868531952 0.492403876506 2.8300
0.8534 0.0148 0.173648177667 0.951251242564 -0.254887002244 2.8300
0.8484 0.0148 0.173648177667 0.951251242564 0.254887002244 2.8300
0.8877 0.0148 0.173648177667 0.984807753012 0.000000000000 2.8300
0.8885 0.0148 0.258819045103 -0.965925826289 0.000000000000 2.8300
0.8506 0.0148 0.258819045103 -0.933012701892 -0.250000000000 2.8300
0.8554 0.0148 0.258819045103 -0.933012701892 0.250000000000 2.8300
0.8394 0.0148 0.258819045103 -0.836516303738 -0.482962913145 2.8300
0.8235 0.0148 0.258819045103 -0.836516303738 0.482962913145 2.8300
0.7770 0.0148 0.258819045103 -0.683012701892 -0.683012701892 2.8300
0.7732 0.0148 0.258819045103 -0.683012701892 0.683012701892 2.8300
0.7480 0.0148 0.258819045103 -0.482962913145 -0.836516303738 2.8300
0.7363 0.0148 0.258819045103 -0.482962913145 0.836516303738 2.8300
0.7158 0.0148 0.258819045103 -0.250000000000 -0.933012701892 2.8300
0.7060 0.0148 0.258819045103 -0.250000000000 0.933012701892 2.8300
0.7152 0.0148 0.258819045103 -0.000000003857 -0.965925826289 2.8300
0.7152 0.0148 0.258819045103 0.000000000000 0.965925826289 2.8300
0.7064 0.0148 0.258819045103 0.250000000000 -0.933012701892 2.8300
0.7156 0.0148 0.258819045103 0.250000000000 0.933012701892 2.8300
0.7364 0.0148 0.258819045103 0.482962913145 -0.836516303738 2.8300
0.7478 0.0148 0.258819045103 0.482962913145 0.836516303738 2.8300
0.7730 0.0148 0.258819045103 0.683012701892 -0.683012701892 2.8300
0.7768 0.0148 0.258819045103 0.683012701892 0.683012701892 2.8300
0.8234 0.0148 0.258819045103 0.836516303738 -0.482962913145 2.8300
0.8393 0.0148 0.258819045103 0.836516303738 0.482962913145 2.8300
0.8554 0.0148 0.258819045103 0.933012701892 -0.250000000000 2.8300
0.8507 0.0148 0.258819045103 0.933012701892 0.250000000000 2.8300
0.8885 0.0148 0.258819045103 0.965925826289 0.000000000000 2.8300
0.8896 0.0148 0.342020143326 -0.939692620786 0.000000000000 2.8300
0.8537 0.0148 0.342020143326 -0.907673371190 -0.243210346802 2.8300
0.8583 0.0148 0.342020143326 -0.907673371190 0.243210346802 2.8300
0.8431 0.0148 0.342020143326 -0.813797681349 -0.469846310393 2.8300
0.8281 0.0148 0.342020143326 -0.813797681349 0.469846310393 2.8300
0.7841 0.0148 0.342020143326 -0.664463024389 -0.664463024389 2.8300
0.7805 0.0148 0.342020143326 -0.664463024389 0.664463024389 2.8300
0.7567 0.0148 0.342020143326 -0.469846310393 -0.813797681349 2.8300
0.7455 0.0148 0.342020143326 -0.469846310393 0.813797681349 2.8300
0.7261 0.0148 0.342020143326 -0.243210346802 -0.907673371190 2.8300
0.7168 0.0148 0.342020143326 -0.243210346802 0.907673371190 2.8300
0.7255 0.0148 0.342020143326 0.000000000000 -0.939692620786 2.8300
0.7256 0.0148 0.342020143326 0.000000000000 0.939692620786 2.8300
0.7173 0.0148 0.342020143326 0.243210346802 -0.907673371190 2.8300
0.7260 0.0148 0.342020143326 0.243210346802 0.907673371190 2.8300
0.7457 0.0148 0.342020143326 0.469846310393 -0.813797681349 2.8300
0.7563 0.0148 0.342020143326 0.469846310393 0.813797681349 2.8300
0.7802 0.0148 0.342020143326 0.664463024389 -0.664463024389 2.8300
0.7838 0.0148 0.342020143326 0.664463024389 0.664463024389 2.8300
0.8279 0.0148 0.342020143326 0.813797681349 -0.469846310393 2.8300
0.8430 0.0148 0.342020143326 0.813797681349 0.469846310393 2.8300
0.8583 0.0148 0.342020143326 0.907673371190 -0.243210346802 2.8300
0.8538 0.0148 0.342020143326 0.907673371190 0.243210346802 2.8300
0.8896 0.0148 0.342020143326 0.939692620786 0.000000000000 2.8300
0.8909 0.0148 0.422618261741 -0.906307787037 0.000000000000 2.8300
0.8575 0.0148 0.422618261741 -0.875426098066 -0.234569716010 2.8300
0.8617 0.0148 0.422618261741 -0.875426098066 0.234569716010 2.8300
0.8477 0.0148 0.422618261741 -0.784885567221 -0.453153893518 2.8300
0.8337 0.0148 0.422618261741 -0.784885567221 0.453153893518 2.8300
0.7928 0.0148 0.422618261741 -0.640856382056 -0.640856382056 2.8300
0.7895 0.0148 0.422618261741 -0.640856382056 0.640856382056 2.8300
0.7673 0.0148 0.422618261741 -0.453153893518 -0.784885567221 2.8300
0.7568 0.0148 0.422618261741 -0.453153893518 0.784885567221 2.8300
0.7389 0.0148 0.422618261741 -0.234569716010 -0.875426098066 2.8300
0.7301 0.0148 0.422618261741 -0.234569716010 0.875426098066 2.8300
0.7383 0.0148 0.422618261741 -0.000000006298 -0.906307787037 2.8300
0.7383 0.0148 0.422618261741 0.000000000000 0.906307787037 2.8300
0.7307 0.0148 0.422618261741 0.234569716010 -0.875426098066 2.8300
0.7387 0.0148 0.422618261741 0.234569716010 0.875426098066 2.8300
0.7571 0.0148 0.422618261741 0.453153893518 -0.784885567221 2.8300
0.7669 0.0148 0.422618261741 0.453153893518 0.784885567221 2.8300
0.7891 0.0148 0.422618261741 0.640856382056 -0.640856382056 2.8300
0.7925 0.0148 0.422618261741 0.640856382056 0.640856382056 2.8300
0.8335 0.0148 0.422618261741 0.784885567221 -0.453153893518 2.8300
0.8475 0.0148 0.422618261741 0.784885567221 0.453153893518 2.8300
0.8618 0.0148 0.422618261741 0.875426098066 -0.234569716010 2.8300
0.8576 0.0148 0.422618261741 0.875426098066 0.234569716010 2.8300
0.8909 0.0148 0.422618261741 0.906307787037 0.000000000000 2.8300
0.8924 0.0148 0.500000000000 -0.866025403784 0.000000000000 2.8300
0.8619 0.0148 0.500000000000 -0.836516303738 -0.224143868042 2.8300
0.8658 0.0148 0.500000000000 -0.836516303738 0.224143868042 2.8300
0.8530 0.0148 0.500000000000 -0.750000000000 -0.433012701892 2.8300
0.8402 0.0148 0.500000000000 -0.750000000000 0.433012701892 2.8300
0.8029 0.0148 0.500000000000 -0.612372435696 -0.612372435696 2.8300
0.7999 0.0148 0.500000000000 -0.612372435696 0.612372435696 2.8300
0.7796 0.0148 0.500000000000 -0.433012701892 -0.750000000000 2.8300
0.7700 0.0148 0.500000000000 -0.433012701892 0.750000000000 2.8300
0.7536 0.0148 0.500000000000 -0.224143868042 -0.836516303738 2.8300
0.7456 0.0148 0.500000000000 -0.224143868042 0.836516303738 2.8300
0.7531 0.0148 0.500000000000 -0.000000007451 -0.866025403784 2.8300
0.7531 0.0148 0.500000000000 0.000000000000 0.866025403784 2.8300
0.7462 0.0148 0.500000000000 0.224143868042 -0.836516303738 2.8300
0.7534 0.0148 0.500000000000 0.224143868042 0.836516303738 2.8300
0.7702 0.0148 0.500000000000 0.433012701892 -0.750000000000 2.8300
0.7791 0.0148 0.500000000000 0.433012701892 0.750000000000 2.8300
0.7995 0.0148 0.500000000000 0.612372435696 -0.612372435696 2.8300
0.8025 0.0148 0.500000000000 0.612372435696 0.612372435696 2.8300
0.8400 0.0148 0.500000000000 0.750000000000 -0.433012701892 2.8300
0.8528 0.0148 0.500000000000 0.750000000000 0.433012701892 2.8300
0.8658 0.0148 0.500000000000 0.836516303738 -0.224143868042 2.8300
0.8620 0.0148 0.500000000000 0.836516303738 0.224143868042 2.8300
0.8924 0.0148 0.500000000000 0.866025403784 0.000000000000 2.8300
0.8941 0.0148 0.573576436351 -0.819152044289 0.000000000000 2.8300
0.8668 0.0148 0.573576436351 -0.791240115236 -0.212012149897 2.8300
0.8703 0.0148 0.573576436351 -0.791240115236 0.212012149897 2.8300
0.8588 0.0148 0.573576436351 -0.709406479916 -0.409576022144 2.8300
0.8474 0.0148 0.573576436351 -0.709406479916 0.409576022144 2.8300
0.8140 0.0148 0.573576436351 -0.579227965340 -0.579227965340 2.8300
0.8113 0.0148 0.573576436351 -0.579227965340 0.579227965340 2.8300
0.7932 0.0148 0.573576436351 -0.409576022144 -0.709406479916 2.8300
0.7845 0.0148 0.573576436351 -0.409576022144 0.709406479916 2.8300
0.7699 0.0148 0.573576436351 -0.212012149897 -0.791240115236 2.8300
0.7627 0.0148 0.573576436351 -0.212012149897 0.791240115236 2.8300
0.7694 0.0148 0.573576436351 0.000000000000 -0.819152044289 2.8300
0.7695 0.0148 0.573576436351 0.000000000000 0.819152044289 2.8300
0.7633 0.0148 0.573576436351 0.212012149897 -0.791240115236 2.8300
0.7697 0.0148 0.573576436351 0.212012149897 0.791240115236 2.8300
0.7848 0.0148 0.573576436351 0.409576022144 -0.709406479916 2.8300
0.7927 0.0148 0.573576436351 0.409576022144 0.709406479916 2.8300
0.8109 0.0148 0.573576436351 0.579227965340 -0.579227965340 2.8300
0.8136 0.0148 0.573576436351 0.579227965340 0.579227965340 2.8300
0.8472 0.0148 0.573576436351 0.709406479916 -0.409576022144 2.8300
0.8586 0.0148 0.573576436351 0.709406479916 0.409576022144 2.8300
0.8703 0.0148 0.573576436351 0.791240115236 -0.212012149897 2.8300
0.8669 0.0148 0.573576436351 0.791240115236 0.212012149897 2.8300
0.8941 0.0148 0.573576436351 0.819152044289 0.000000000000 2.8300
0.8959 0.0148 0.642787609687 -0.766044443119 0.000000000000 2.8300
0.8720 0.0148 0.642787609687 -0.739942111694 -0.198266891274 2.8300
0.8751 0.0148 0.642787609687 -0.739942111694 0.198266891274 2.8300
0.8650 0.0148 0.642787609687 -0.663413948169 -0.383022221559 2.8300
0.8551 0.0148 0.642787609687 -0.663413948169 0.383022221559 2.8300
0.8259 0.0148 0.642787609687 -0.541675220420 -0.541675220420 2.8300
0.8235 0.0148 0.642787609687 -0.541675220420 0.541675220420 2.8300
0.8077 0.0148 0.642787609687 -0.383022221559 -0.663413948169 2.8300
0.8000 0.0148 0.642787609687 -0.383022221559 0.663413948169 2.8300
0.7873 0.0148 0.642787609687 -0.198266891274 -0.739942111694 2.8300
0.7809 0.0148 0.642787609687 -0.198266891274 0.739942111694 2.8300
0.7869 0.0148 0.642787609687 0.000000000000 -0.766044443119 2.8300
0.7869 0.0148 0.642787609687 0.000000009578 0.766044443119 2.8300
0.7816 0.0148 0.642787609687 0.198266891274 -0.739942111694 2.8300
0.7871 0.0148 0.642787609687 0.198266891274 0.739942111694 2.8300
0.8004 0.0148 0.642787609687 0.383022221559 -0.663413948169 2.8300
0.8072 0.0148 0.642787609687 0.383022221559 0.663413948169 2.8300
0.8231 0.0148 0.642787609687 0.541675220420 -0.541675220420 2.8300
0.8255 0.0148 0.642787609687 0.541675220420 0.541675220420 2.8300
0.8548 0.0148 0.642787609687 0.663413948169 -0.383022221559 2.8300
0.8649 0.0148 0.642787609687 0.663413948169 0.383022221559 2.8300
0.8751 0.0148 0.642787609687 0.739942111694 -0.198266891274 2.8300
0.8721 0.0148 0.642787609687 0.739942111694 0.198266891274 2.8300
0.8959 0.0148 0.642787609687 0.766044443119 0.000000000000 2.8300
0.8978 0.0148 0.707106781187 -0.707106781187 0.000000000000 2.8300
0.8774 0.0148 0.707106781187 -0.683012701892 -0.183012701892 2.8300
0.8800 0.0148 0.707106781187 -0.683012701892 0.183012701892 2.8300
0.8715 0.0148 0.707106781187 -0.612372435696 -0.353553390593 2.8300
0.8630 0.0148 0.707106781187 -0.612372435696 0.353553390593 2.8300
0.8382 0.0148 0.707106781187 -0.500000000000 -0.500000000000 2.8300
0.8361 0.0148 0.707106781187 -0.500000000000 0.500000000000 2.8300
0.8227 0.0148 0.707106781187 -0.353553390593 -0.612372435696 2.8300
0.8160 0.0148 0.707106781187 -0.353553390593 0.612372435696 2.8300
0.8053 0.0148 0.707106781187 -0.183012701892 -0.683012701892 2.8300
0.7997 0.0148 0.707106781187 -0.183012701892 0.683012701892 2.8300
0.8048 0.0148 0.707106781187 -0.000000010537 -0.707106781187 2.8300
0.8049 0.0148 0.707106781187 0.000000010537 0.707106781187 2.8300
0.8004 0.0148 0.707106781187 0.183012701892 -0.683012701892 2.8300
0.8050 0.0148 0.707106781187 0.183012701892 0.683012701892 2.8300
0.8164 0.0148 0.707106781187 0.353553390593 -0.612372435696 2.8300
0.8221 0.0148 0.707106781187 0.353553390593 0.612372435696 2.8300
0.8357 0.0148 0.707106781187 0.500000000000 -0.500000000000 2.8300
0.8377 0.0148 0.707106781187 0.500000000000 0.500000000000 2.8300
0.8628 0.0148 0.707106781187 0.612372435696 -0.353553390593 2.8300
0.8713 0.0148 0.707106781187 0.612372435696 0.353553390593 2.8300
0.8800 0.0148 0.707106781187 0.683012701892 -0.183012701892 2.8300
0.8775 0.0148 0.707106781187 0.683012701892 0.183012701892 2.8300
0.8977 0.0148 0.707106781187 0.707106781187 0.000000000000 2.8300
0.8996 0.0148 0.766044443119 -0.642787609687 0.000000000000 2.8300
0.8828 0.0148 0.766044443119 -0.620885153015 -0.166365675343 2.8300
0.8849 0.0148 0.766044443119 -0.620885153015 0.166365675343 2.8300
0.8779 0.0148 0.766044443119 -0.556670399226 -0.321393804843 2.8300
0.8709 0.0148 0.766044443119 -0.556670399226 0.321393804843 2.8300
0.8504 0.0148 0.766044443119 -0.454519477672 -0.454519477672 2.8300
0.8487 0.0148 0.766044443119 -0.454519477672 0.454519477672 2.8300
0.8376 0.0148 0.766044443119 -0.321393804843 -0.556670399226 2.8300
0.8321 0.0148 0.766044443119 -0.321393804843 0.556670399226 2.8300
0.8232 0.0148 0.766044443119 -0.166365675343 -0.620885153015 2.8300
0.8185 0.0148 0.766044443119 -0.166365675343 0.620885153015 2.8300
0.8228 0.0148 0.766044443119 -0.000000011415 -0.642787609687 2.8300
0.8229 0.0148 0.766044443119 0.000000000000 0.642787609687 2.8300
0.8192 0.0148 0.766044443119 0.166365675343 -0.620885153015 2.8300
0.8229 0.0148 0.766044443119 0.166365675343 0.620885153015 2.8300
0.8324 0.0148 0.766044443119 0.321393804843 -0.556670399226 2.8300
0.8370 0.0148 0.766044443119 0.321393804843 0.556670399226 2.8300
0.8483 0.0148 0.766044443119 0.454519477672 -0.454519477672 2.8300
0.8500 0.0148 0.766044443119 0.454519477672 0.454519477672 2.8300
0.8707 0.0148 0.766044443119 0.556670399226 -0.321393804843 2.8300
0.8777 0.0148 0.766044443119 0.556670399226 0.321393804843 2.8300
0.8850 0.0148 0.766044443119 0.620885153015 -0.166365675343 2.8300
0.8829 0.0148 0.766044443119 0.620885153015 0.166365675343 2.8300
0.8996 0.0148 0.766044443119 0.642787609687 0.000000000000 2.8300
0.9014 0.0148 0.819152044289 -0.573576436351 0.000000000000 2.8300
0.8880 0.0148 0.819152044289 -0.554032293222 -0.148452505550 2.8300
0.8897 0.0148 0.819152044289 -0.554032293222 0.148452505550 2.8300
0.8841 0.0148 0.819152044289 -0.496731764892 -0.286788218176 2.8300
0.8786 0.0148 0.819152044289 -0.496731764892 0.286788218176 2.8300
0.8622 0.0148 0.819152044289 -0.405579787673 -0.405579787673 2.8300
0.8609 0.0148 0.819152044289 -0.405579787673 0.405579787673 2.8300
0.8521 0.0148 0.819152044289 -0.286788218176 -0.496731764892 2.8300
0.8476 0.0148 0.819152044289 -0.286788218176 0.496731764892 2.8300
0.8406 0.0148 0.819152044289 -0.148452505550 -0.554032293222 2.8300
0.8368 0.0148 0.819152044289 -0.148452505550 0.554032293222 2.8300
0.8403 0.0148 0.819152044289 0.000000000000 -0.573576436351 2.8300
0.8403 0.0148 0.819152044289 0.000000000000 0.573576436351 2.8300
0.8374 0.0148 0.819152044289 0.148452505550 -0.554032293222 2.8300
0.8403 0.0148 0.819152044289 0.148452505550 0.554032293222 2.8300
0.8479 0.0148 0.819152044289 0.286788218176 -0.496731764892 2.8300
0.8515 0.0148 0.819152044289 0.286788218176 0.496731764892 2.8300
0.8605 0.0148 0.819152044289 0.405579787673 -0.405579787673 2.8300
0.8618 0.0148 0.819152044289 0.405579787673 0.405579787673 2.8300
0.8783 0.0148 0.819152044289 0.496731764892 -0.286788218176 2.8300
0.8840 0.0148 0.819152044289 0.496731764892 0.286788218176 2.8300
0.8897 0.0148 0.819152044289 0.554032293222 -0.148452505550 2.8300
0.8881 0.0148 0.819152044289 0.554032293222 0.148452505550 2.8300
0.9014 0.0148 0.819152044289 0.573576436351 0.000000000000 2.8300
0.9031 0.0148 0.866025403784 -0.500000000000 0.000000000000 2.8300
0.8929 0.0148 0.866025403784 -0.482962913145 -0.129409522551 2.8300
0.8942 0.0148 0.866025403784 -0.482962913145 0.129409522551 2.8300
0.8900 0.0148 0.866025403784 -0.433012701892 -0.250000000000 2.8300
0.8857 0.0148 0.866025403784 -0.433012701892 0.250000000000 2.8300
0.8734 0.0148 0.866025403784 -0.353553390593 -0.353553390593 2.8300
0.8724 0.0148 0.866025403784 -0.353553390593 0.353553390593 2.8300
0.8656 0.0148 0.866025403784 -0.250000000000 -0.433012701892 2.8300
0.8622 0.0148 0.866025403784 -0.250000000000 0.433012701892 2.8300
0.8569 0.0148 0.866025403784 -0.129409522551 -0.482962913145 2.8300
0.8539 0.0148 0.866025403784 -0.129409522551 0.482962913145 2.8300
0.8566 0.0148 0.866025403784 -0.000000012905 0.500000000000 2.8300
0.8566 0.0148 0.866025403784 0.000000000000 -0.500000000000 2.8300
0.8545 0.0148 0.866025403784 0.129409522551 -0.482962913145 2.8300
0.8567 0.0148 0.866025403784 0.129409522551 0.482962913145 2.8300
0.8624 0.0148 0.866025403784 0.250000000000 -0.433012701892 2.8300
0.8652 0.0148 0.866025403784 0.250000000000 0.433012701892 2.8300
0.8720 0.0148 0.866025403784 0.353553390593 -0.353553390593 2.8300
0.8730 0.0148 0.866025403784 0.353553390593 0.353553390593 2.8300
0.8855 0.0148 0.866025403784 0.433012701892 -0.250000000000 2.8300
0.8898 0.0148 0.866025403784 0.433012701892 0.250000000000 2.8300
0.8942 0.0148 0.866025403784 0.482962913145 -0.129409522551 2.8300
0.8930 0.0148 0.866025403784 0.482962913145 0.129409522551 2.8300
0.9030 0.0148 0.866025403784 0.500000000000 0.000000000000 2.8300
0.9046 0.0148 0.906307787037 -0.422618261741 0.000000000000 2.8300
0.8973 0.0148 0.906307787037 -0.408217893677 -0.109381654947 2.8300
0.8982 0.0148 0.906307787037 -0.408217893677 0.109381654947 2.8300
0.8952 0.0148 0.906307787037 -0.365998150771 -0.211309130870 2.8300
0.8922 0.0148 0.906307787037 -0.365998150771 0.211309130870 2.8300
0.8834 0.0148 0.906307787037 -0.298836238730 -0.298836238730 2.8300
0.8827 0.0148 0.906307787037 -0.298836238730 0.298836238730 2.8300
0.8779 0.0148 0.906307787037 -0.211309130870 -0.365998150771 2.8300
0.8753 0.0148 0.906307787037 -0.211309130870 0.365998150771 2.8300
0.8716 0.0148 0.906307787037 -0.109381654947 -0.408217893677 2.8300
0.8694 0.0148 0.906307787037 -0.109381654947 0.408217893677 2.8300
0.8714 0.0148 0.906307787037 0.000000000000 -0.422618261741 2.8300
0.8714 0.0148 0.906307787037 0.000000000000 0.422618261741 2.8300
0.8700 0.0148 0.906307787037 0.109381654947 -0.408217893677 2.8300
0.8714 0.0148 0.906307787037 0.109381654947 0.408217893677 2.8300
0.8756 0.0148 0.906307787037 0.211309130870 -0.365998150771 2.8300
0.8775 0.0148 0.906307787037 0.211309130870 0.365998150771 2.8300
0.8823 0.0148 0.906307787037 0.298836238730 -0.298836238730 2.8300
0.8831 0.0148 0.906307787037 0.298836238730 0.298836238730 2.8300
0.8920 0.0148 0.906307787037 0.365998150771 -0.211309130870 2.8300
0.8951 0.0148 0.906307787037 0.365998150771 0.211309130870 2.8300
0.8983 0.0148 0.906307787037 0.408217893677 -0.109381654947 2.8300
0.8974 0.0148 0.906307787037 0.408217893677 0.109381654947 2.8300
0.9046 0.0148 0.906307787037 0.422618261741 0.000000000000 2.8300
0.9059 0.0148 0.939692620786 -0.342020143326 0.000000000000 2.8300
0.9011 0.0148 0.939692620786 -0.330366089549 -0.088521326901 2.8300
0.9017 0.0148 0.939692620786 -0.330366089549 0.088521326901 2.8300
0.8998 0.0148 0.939692620786 -0.296198132726 -0.171010071663 2.8300
0.8978 0.0148 0.939692620786 -0.296198132726 0.171010071663 2.8300
0.8921 0.0148 0.939692620786 -0.241844762648 -0.241844762648 2.8300
0.8916 0.0148 0.939692620786 -0.241844762648 0.241844762648 2.8300
0.8885 0.0148 0.939692620786 -0.171010071663 -0.296198132726 2.8300
0.8867 0.0148 0.939692620786 -0.171010071663 0.296198132726 2.8300
0.8843 0.0148 0.939692620786 -0.088521326901 -0.330366089549 2.8300
0.8828 0.0148 0.939692620786 -0.088521326901 0.330366089549 2.8300
0.8842 0.0148 0.939692620786 0.000000000000 -0.342020143326 2.8300
0.8842 0.0148 0.939692620786 0.000000000000 0.342020143326 2.8300
0.8833 0.0148 0.939692620786 0.088521326901 -0.330366089549 2.8300
0.8842 0.0148 0.939692620786 0.088521326901 0.330366089549 2.8300
0.8869 0.0148 0.939692620786 0.171010071663 -0.296198132726 2.8300
0.8881 0.0148 0.939692620786 0.171010071663 0.296198132726 2.8300
0.8913 0.0148 0.939692620786 0.241844762648 -0.241844762648 2.8300
0.8918 0.0148 0.939692620786 0.241844762648 0.241844762648 2.8300
0.8977 0.0148 0.939692620786 0.296198132726 -0.171010071663 2.8300
0.8997 0.0148 0.939692620786 0.296198132726 0.171010071663 2.8300
0.9018 0.0148 0.939692620786 0.330366089549 -0.088521326901 2.8300
0.9012 0.0148 0.939692620786 0.330366089549 0.088521326901 2.8300
0.9059 0.0148 0.939692620786 0.342020143326 0.000000000000 2.8300
0.9070 0.0148 0.965925826289 -0.258819045103 0.000000000000 2.8300
0.9042 0.0148 0.965925826289 -0.250000000000 -0.066987298108 2.8300
0.9046 0.0148 0.965925826289 -0.250000000000 0.066987298108 2.8300
0.9035 0.0148 0.965925826289 -0.224143868042 -0.129409522551 2.8300
0.9024 0.0148 0.965925826289 -0.224143868042 0.129409522551 2.8300
0.8991 0.0148 0.965925826289 -0.183012701892 -0.183012701892 2.8300
0.8988 0.0148 0.965925826289 -0.183012701892 0.183012701892 2.8300
0.8970 0.0148 0.965925826289 -0.129409522551 -0.224143868042 2.8300
0.8960 0.0148 0.965925826289 -0.129409522551 0.224143868042 2.8300
0.8946 0.0148 0.965925826289 -0.066987298108 -0.250000000000 2.8300
0.8937 0.0148 0.965925826289 -0.066987298108 0.250000000000 2.8300
0.8945 0.0148 0.965925826289 0.000000000000 -0.258819045103 2.8300
0.8945 0.0148 0.965925826289 0.000000000000 0.258819045103 2.8300
0.8941 0.0148 0.965925826289 0.066987298108 -0.250000000000 2.8300
0.8945 0.0148 0.965925826289 0.066987298108 0.250000000000 2.8300
0.8961 0.0148 0.965925826289 0.129409522551 -0.224143868042 2.8300
0.8967 0.0148 0.965925826289 0.129409522551 0.224143868042 2.8300
0.8986 0.0148 0.965925826289 0.183012701892 -0.183012701892 2.8300
0.8989 0.0148 0.965925826289 0.183012701892 0.183012701892 2.8300
0.9022 0.0148 0.965925826289 0.224143868042 -0.129409522551 2.8300
0.9034 0.0148 0.965925826289 0.224143868042 0.129409522551 2.8300
0.9046 0.0148 0.965925826289 0.250000000000 -0.066987298108 2.8300
0.9043 0.0148 0.965925826289 0.250000000000 0.066987298108 2.8300
0.9070 0.0148 0.965925826289 0.258819045103 0.000000000000 2.8300
0.9078 0.0148 0.984807753012 -0.173648177667 0.000000000000 2.8300
0.9065 0.0148 0.984807753012 -0.167731259497 -0.044943455528 2.8300
0.9067 0.0148 0.984807753012 -0.167731259497 0.044943455528 2.8300
0.9062 0.0148 0.984807753012 -0.150383733180 -0.086824088833 2.8300
0.9057 0.0148 0.984807753012 -0.150383733180 0.086824088833 2.8300
0.9042 0.0148 0.984807753012 -0.122787803969 -0.122787803969 2.8300
0.9041 0.0148 0.984807753012 -0.122787803969 0.122787803969 2.8300
0.9033 0.0148 0.984807753012 -0.086824088833 -0.150383733180 2.8300
0.9028 0.0148 0.984807753012 -0.086824088833 0.150383733180 2.8300
0.9022 0.0148 0.984807753012 -0.044943455528 -0.167731259497 2.8300
0.9017 0.0148 0.984807753012 -0.044943455528 0.167731259497 2.8300
0.9022 0.0148 0.984807753012 0.000000000000 -0.173648177667 2.8300
0.9022 0.0148 0.984807753012 0.000000000000 0.173648177667 2.8300
0.9020 0.0148 0.984807753012 0.044943455528 -0.167731259497 2.8300
0.9021 0.0148 0.984807753012 0.044943455528 0.167731259497 2.8300
0.9029 0.0148 0.984807753012 0.086824088833 -0.150383733180 2.8300
0.9031 0.0148 0.984807753012 0.086824088833 0.150383733180 2.8300
0.9039 0.0148 0.984807753012 0.122787803969 -0.122787803969 2.8300
0.9041 0.0148 0.984807753012 0.122787803969 0.122787803969 2.8300
0.9056 0.0148 0.984807753012 0.150383733180 -0.086824088833 2.8300
0.9061 0.0148 0.984807753012 0.150383733180 0.086824088833 2.8300
0.9067 0.0148 0.984807753012 0.167731259497 -0.044943455528 2.8300
0.9065 0.0148 0.984807753012 0.167731259497 0.044943455528 2.8300
0.9077 0.0148 0.984807753012 0.173648177667 0.000000000000 2.8300
0.9082 0.0148 0.996194698092 -0.087155742748 0.000000000000 2.8300
0.9079 0.0148 0.996194698092 -0.084185982829 -0.022557566113 2.8300
0.9080 0.0148 0.996194698092 -0.084185982829 0.022557566113 2.8300
0.9079 0.0148 0.996194698092 -0.075479087305 -0.043577871374 2.8300
0.9077 0.0148 0.996194698092 -0.075479087305 0.043577871374 2.8300
0.9074 0.0148 0.996194698092 -0.061628416716 -0.061628416716 2.8300
0.9073 0.0148 0.996194698092 -0.061628416716 0.061628416716 2.8300
0.9071 0.0148 0.996194698092 -0.043577871374 -0.075479087305 2.8300
0.9070 0.0148 0.996194698092 -0.043577871374 0.075479087305 2.8300
0.9069 0.0148 0.996194698092 -0.022557566113 -0.084185982829 2.8300
0.9067 0.0148 0.996194698092 -0.022557566113 0.084185982829 2.8300
0.9068 0.0148 0.996194698092 -0.000000014844 0.087155742748 2.8300
0.9068 0.0148 0.996194698092 0.000000000000 -0.087155742748 2.8300
0.9068 0.0148 0.996194698092 0.022557566113 -0.084185982829 2.8300
0.9068 0.0148 0.996194698092 0.022557566113 0.084185982829 2.8300
0.9070 0.0148 0.996194698092 0.043577871374 -0.075479087305 2.8300
0.9070 0.0148 0.996194698092 0.043577871374 0.075479087305 2.8300
0.9073 0.0148 0.996194698092 0.061628416716 -0.061628416716 2.8300
0.9073 0.0148 0.996194698092 0.061628416716 0.061628416716 2.8300
0.9077 0.0148 0.996194698092 0.075479087305 -0.043577871374 2.8300
0.9078 0.0148 0.996194698092 0.075479087305 0.043577871374 2.8300
0.9080 0.0148 0.996194698092 0.084185982829 -0.022557566113 2.8300
0.9079 0.0148 0.996194698092 0.084185982829 0.022557566113 2.8300
0.9082 0.0148 0.996194698092 0.087155742748 0.000000000000 2.8300
0.9084 0.0148 1.000000000000 0.000000000000 0.000000000000 2.8300
