0.5553 0.0091 -1.000000000000 0.000000000000 0.000000000000 2.0000
0.5551 0.0091 -0.996194698092 -0.087155742748 0.000000000000 2.0000
0.5550 0.0091 -0.996194698092 -0.084185982829 -0.022557566113 2.0000
0.5550 0.0091 -0.996194698092 -0.084185982829 0.022557566113 2.0000
0.5549 0.0091 -0.996194698092 -0.075479087305 -0.043577871374 2.0000
0.5548 0.0091 -0.996194698092 -0.075479087305 0.043577871374 2.0000
0.5546 0.0091 -0.996194698092 -0.061628416716 -0.061628416716 2.0000
0.5546 0.0091 -0.996194698092 -0.061628416716 0.061628416716 2.0000
0.5544 0.0091 -0.996194698092 -0.043577871374 -0.075479087305 2.0000
0.5545 0.0091 -0.996194698092 -0.043577871374 0.075479087305 2.0000
0.5543 0.0091 -0.996194698092 -0.022557566113 -0.084185982829 2.0000
0.5543 0.0091 -0.996194698092 -0.022557566113 0.084185982829 2.0000
0.5543 0.0091 -0.996194698092 0.000000000000 -0.087155742748 2.0000
0.5543 0.0091 -0.996194698092 0.000000000000 0.087155742748 2.0000
0.5543 0.0091 -0.996194698092 0.022557566113 -0.084185982829 2.0000
0.5544 0.0091 -0.996194698092 0.022557566113 0.084185982829 2.0000
0.5545 0.0091 -0.996194698092 0.043577871374 -0.075479087305 2.0000
0.5544 0.0091 -0.996194698092 0.043577871374 0.075479087305 2.0000
0.5546 0.0091 -0.996194698092 0.061628416716 -0.061628416716 2.0000
0.5546 0.0091 -0.996194698092 0.061628416716 0.061628416716 2.0000
0.5548 0.0091 -0.996194698092 0.075479087305 -0.043577871374 2.0000
0.5549 0.0091 -0.996194698092 0.075479087305 0.043577871374 2.0000
0.5550 0.0091 -0.996194698092 0.084185982829 -0.022557566113 2.0000
0.5551 0.0091 -0.996194698092 0.084185982829 0.022557566113 2.0000
0.5551 0.0091 -0.996194698092 0.087155742748 0.000000000000 2.0000
0.5546 0.0091 -0.984807753012 -0.173648177667 0.000000000000 2.0000
0.5543 0.0091 -0.984807753012 -0.167731259497 -0.044943455528 2.0000
0.5542 0.0091 -0.984807753012 -0.167731259497 0.044943455528 2.0000
0.5538 0.0091 -0.984807753012 -0.150383733180 -0.086824088833 2.0000
0.5534 0.0091 -0.984807753012 -0.150383733180 0.086824088833 2.0000
0.5524 0.0091 -0.984807753012 -0.122787803969 -0.122787803969 2.0000
0.5524 0.0091 -0.984807753012 -0.122787803969 0.122787803969 2.0000
0.5518 0.0091 -0.984807753012 -0.086824088833 -0.150383733180 2.0000
0.5520 0.0091 -0.984807753012 -0.086824088833 0.150383733180 2.0000
0.5515 0.0091 -0.984807753012 -0.044943455528 -0.167731259497 2.0000
0.5513 0.0091 -0.984807753012 -0.044943455528 0.167731259497 2.0000
0.5513 0.0091 -0.984807753012 0.000000000000 -0.173648177667 2.0000
0.5513 0.0091 -0.984807753012 0.000000000000 0.173648177667 2.0000
0.5514 0.0091 -0.984807753012 0.044943455528 -0.167731259497 2.0000
0.5516 0.0091 -0.984807753012 0.044943455528 0.167731259497 2.0000
0.5519 0.0091 -0.984807753012 0.086824088833 -0.150383733180 2.0000
0.5519 0.0091 -0.984807753012 0.086824088833 0.150383733180 2.0000
0.5524 0.0091 -0.984807753012 0.122787803969 -0.122787803969 2.0000
0.5524 0.0091 -0.984807753012 0.122787803969 0.122787803969 2.0000
0.5534 0.0091 -0.984807753012 0.150383733180 -0.086824088833 2.0000
0.5538 0.0091 -0.984807753012 0.150383733180 0.086824088833 2.0000
0.5542 0.0091 -0.984807753012 0.167731259497 -0.044943455528 2.0000
0.5543 0.0091 -0.984807753012 0.167731259497 0.044943455528 2.0000
0.5546 0.0091 -0.984807753012 0.173648177667 0.000000000000 2.0000
0.5537 0.0091 -0.965925826289 -0.258819045103 0.000000000000 2.0000
0.5531 0.0091 -0.965925826289 -0.250000000000 -0.066987298108 2.0000
0.5529 0.0091 -0.965925826289 -0.250000000000 0.066987298108 2.0000
0.5520 0.0091 -0.965925826289 -0.224143868042 -0.129409522551 2.0000
0.5512 0.0091 -0.965925826289 -0.224143868042 0.129409522551 2.0000
0.5489 0.0091 -0.965925826289 -0.183012701892 -0.183012701892 2.0000
0.5488 0.0091 -0.965925826289 -0.183012701892 0.183012701892 2.0000
0.5476 0.0091 -0.965925826289 -0.129409522551 -0.224143868042 2.0000
0.5479 0.0091 -0.965925826289 -0.129409522551 0.224143868042 2.0000
0.5468 0.0091 -0.965925826289 -0.066987298108 -0.250000000000 2.0000
0.5464 0.0091 -0.965925826289 -0.066987298108 0.250000000000 2.0000
0.5464 0.0091 -0.965925826289 0.000000000000 0.258819045103 2.0000
0.5465 0.0091 -0.965925826289 0.000000014393 -0.258819045103 2.0000
0.5466 0.0091 -0.965925826289 0.066987298108 -0.250000000000 2.0000
0.5470 0.0091 -0.965925826289 0.066987298108 0.250000000000 2.0000
0.5479 0.0091 -0.965925826289 0.129409522551 -0.224143868042 2.0000
0.5476 0.0091 -0.965925826289 0.129409522551 0.224143868042 2.0000
0.5489 0.0091 -0.965925826289 0.183012701892 -0.183012701892 2.0000
0.5489 0.0091 -0.965925826289 0.183012701892 0.183012701892 2.0000
0.5511 0.0091 -0.965925826289 0.224143868042 -0.129409522551 2.0000
0.5520 0.0091 -0.965925826289 0.224143868042 0.129409522551 2.0000
0.5529 0.0091 -0.965925826289 0.250000000000 -0.066987298108 2.0000
0.5531 0.0091 -0.965925826289 0.250000000000 0.066987298108 2.0000
0.5537 0.0091 -0.965925826289 0.258819045103 0.000000000000 2.0000
0.5525 0.0091 -0.939692620786 -0.342020143326 0.000000000000 2.0000
0.5514 0.0091 -0.939692620786 -0.330366089549 -0.088521326901 2.0000
0.5511 0.0091 -0.939692620786 -0.330366089549 0.088521326901 2.0000
0.5495 0.0091 -0.939692620786 -0.296198132726 -0.171010071663 2.0000
0.5481 0.0091 -0.939692620786 -0.296198132726 0.171010071663 2.0000
0.5442 0.0091 -0.939692620786 -0.241844762648 -0.241844762648 2.0000
0.5439 0.0091 -0.939692620786 -0.241844762648 0.241844762648 2.0000
0.5418 0.0091 -0.939692620786 -0.171010071663 -0.296198132726 2.0000
0.5424 0.0091 -0.939692620786 -0.171010071663 0.296198132726 2.0000
0.5405 0.0091 -0.939692620786 -0.088521326901 -0.330366089549 2.0000
0.5398 0.0091 -0.939692620786 -0.088521326901 0.330366089549 2.0000
0.5399 0.0091 -0.939692620786 0.000000000000 -0.342020143326 2.0000
0.5398 0.0091 -0.939692620786 0.000000000000 0.342020143326 2.0000
0.5400 0.0091 -0.939692620786 0.088521326901 -0.330366089549 2.0000
0.5407 0.0091 -0.939692620786 0.088521326901 0.330366089549 2.0000
0.5423 0.0091 -0.939692620786 0.171010071663 -0.296198132726 2.0000
0.5419 0.0091 -0.939692620786 0.171010071663 0.296198132726 2.0000
0.5440 0.0091 -0.939692620786 0.241844762648 -0.241844762648 2.0000
0.5441 0.0091 -0.939692620786 0.241844762648 0.241844762648 2.0000
0.5481 0.0091 -0.939692620786 0.296198132726 -0.171010071663 2.0000
0.5496 0.0091 -0.939692620786 0.296198132726 0.171010071663 2.0000
0.5511 0.0091 -0.939692620786 0.330366089549 -0.088521326901 2.0000
0.5515 0.0091 -0.939692620786 0.330366089549 0.088521326901 2.0000
0.5525 0.0091 -0.939692620786 0.342020143326 0.000000000000 2.0000
0.5510 0.0091 -0.906307787037 -0.422618261741 0.000000000000 2.0000
0.5494 0.0091 -0.906307787037 -0.408217893677 -0.109381654947 2.0000
0.5489 0.0091 -0.906307787037 -0.408217893677 0.109381654947 2.0000
0.5464 0.0091 -0.906307787037 -0.365998150771 -0.211309130870 2.0000
0.5443 0.0091 -0.906307787037 -0.365998150771 0.211309130870 2.0000
0.5383 0.0091 -0.906307787037 -0.298836238730 -0.298836238730 2.0000
0.5380 0.0091 -0.906307787037 -0.298836238730 0.298836238730 2.0000
0.5348 0.0091 -0.906307787037 -0.211309130870 -0.365998150771 2.0000
0.5355 0.0091 -0.906307787037 -0.211309130870 0.365998150771 2.0000
0.5328 0.0091 -0.906307787037 -0.109381654947 -0.408217893677 2.0000
0.5316 0.0091 -0.906307787037 -0.109381654947 0.408217893677 2.0000
0.5317 0.0091 -0.906307787037 0.000000000000 -0.422618261741 2.0000
0.5317 0.0091 -0.906307787037 0.000000000000 0.422618261741 2.0000
0.5319 0.0091 -0.906307787037 0.109381654947 -0.408217893677 2.0000
0.5330 0.0091 -0.906307787037 0.109381654947 0.408217893677 2.0000
0.5355 0.0091 -0.906307787037 0.211309130870 -0.365998150771 2.0000
0.5349 0.0091 -0.906307787037 0.211309130870 0.365998150771 2.0000
0.5381 0.0091 -0.906307787037 0.298836238730 -0.298836238730 2.0000
0.5383 0.0091 -0.906307787037 0.298836238730 0.298836238730 2.0000
0.5442 0.0091 -0.906307787037 0.365998150771 -0.211309130870 2.0000
0.5466 0.0091 -0.906307787037 0.365998150771 0.211309130870 2.0000
0.5489 0.0091 -0.906307787037 0.408217893677 -0.109381654947 2.0000
0.5494 0.0091 -0.906307787037 0.408217893677 0.109381654947 2.0000
0.5510 0.0091 -0.906307787037 0.422618261741 0.000000000000 2.0000
0.5493 0.0091 -0.866025403784 -0.500000000000 0.000000000000 2.0000
0.5470 0.0091 -0.866025403784 -0.482962913145 -0.129409522551 2.0000
0.5463 0.0091 -0.866025403784 -0.482962913145 0.129409522551 2.0000
0.5429 0.0091 -0.866025403784 -0.433012701892 -0.250000000000 2.0000
0.5399 0.0091 -0.866025403784 -0.433012701892 0.250000000000 2.0000
0.5315 0.0091 -0.866025403784 -0.353553390593 -0.353553390593 2.0000
0.5311 0.0091 -0.866025403784 -0.353553390593 0.353553390593 2.0000
0.5266 0.0091 -0.866025403784 -0.250000000000 -0.433012701892 2.0000
0.5276 0.0091 -0.866025403784 -0.250000000000 0.433012701892 2.0000
0.5238 0.0091 -0.866025403784 -0.129409522551 -0.482962913145 2.0000
0.5222 0.0091 -0.866025403784 -0.129409522551 0.482962913145 2.0000
0.5223 0.0091 -0.866025403784 0.000000000000 -0.500000000000 2.0000
0.5222 0.0091 -0.866025403784 0.000000000000 0.500000000000 2.0000
0.5225 0.0091 -0.866025403784 0.129409522551 -0.482962913145 2.0000
0.5240 0.0091 -0.866025403784 0.129409522551 0.482962913145 2.0000
0.5276 0.0091 -0.866025403784 0.250000000000 -0.433012701892 2.0000
0.5267 0.0091 -0.866025403784 0.250000000000 0.433012701892 2.0000
0.5312 0.0091 -0.866025403784 0.353553390593 -0.353553390593 2.0000
0.5315 0.0091 -0.866025403784 0.353553390593 0.353553390593 2.0000
0.5398 0.0091 -0.866025403784 0.433012701892 -0.250000000000 2.0000
0.5430 0.0091 -0.866025403784 0.433012701892 0.250000000000 2.0000
0.5463 0.0091 -0.866025403784 0.482962913145 -0.129409522551 2.0000
0.5471 0.0091 -0.866025403784 0.482962913145 0.129409522551 2.0000
0.5493 0.0091 -0.866025403784 0.500000000000 0.000000000000 2.0000
0.5474 0.0091 -0.819152044289 -0.573576436351 0.000000000000 2.0000
0.5444 0.0091 -0.819152044289 -0.554032293222 -0.148452505550 2.0000
0.5434 0.0091 -0.819152044289 -0.554032293222 0.148452505550 2.0000
0.5390 0.0091 -0.819152044289 -0.496731764892 -0.286788218176 2.0000
0.5350 0.0091 -0.819152044289 -0.496731764892 0.286788218176 2.0000
0.5240 0.0091 -0.819152044289 -0.405579787673 -0.405579787673 2.0000
0.5234 0.0091 -0.819152044289 -0.405579787673 0.405579787673 2.0000
0.5175 0.0091 -0.819152044289 -0.286788218176 -0.496731764892 2.0000
0.5189 0.0091 -0.819152044289 -0.286788218176 0.496731764892 2.0000
0.5139 0.0091 -0.819152044289 -0.148452505550 -0.554032293222 2.0000
0.5118 0.0091 -0.819152044289 -0.148452505550 0.554032293222 2.0000
0.5119 0.0091 -0.819152044289 0.000000000000 -0.573576436351 2.0000
0.5118 0.0091 -0.819152044289 0.000000000000 0.573576436351 2.0000
0.5121 0.0091 -0.819152044289 0.148452505550 -0.554032293222 2.0000
0.5141 0.0091 -0.819152044289 0.148452505550 0.554032293222 2.0000
0.5188 0.0091 -0.819152044289 0.286788218176 -0.496731764892 2.0000
0.5176 0.0091 -0.819152044289 0.286788218176 0.496731764892 2.0000
0.5236 0.0091 -0.819152044289 0.405579787673 -0.405579787673 2.0000
0.5240 0.0091 -0.819152044289 0.405579787673 0.405579787673 2.0000
0.5350 0.0091 -0.819152044289 0.496731764892 -0.286788218176 2.0000
0.5392 0.0091 -0.819152044289 0.496731764892 0.286788218176 2.0000
0.5434 0.0091 -0.819152044289 0.554032293222 -0.148452505550 2.0000
0.5445 0.0091 -0.819152044289 0.554032293222 0.148452505550 2.0000
0.5474 0.0091 -0.819152044289 0.573576436351 0.000000000000 2.0000
0.5454 0.0091 -0.766044443119 -0.642787609687 0.000000000000 2.0000
0.5416 0.0091 -0.766044443119 -0.620885153015 -0.166365675343 2.0000
0.5404 0.0091 -0.766044443119 -0.620885153015 0.166365675343 2.0000
0.5349 0.0091 -0.766044443119 -0.556670399226 -0.321393804843 2.0000
0.5298 0.0091 -0.766044443119 -0.556670399226 0.321393804843 2.0000
0.5160 0.0091 -0.766044443119 -0.454519477672 -0.454519477672 2.0000
0.5153 0.0091 -0.766044443119 -0.454519477672 0.454519477672 2.0000
0.5079 0.0091 -0.766044443119 -0.321393804843 -0.556670399226 2.0000
0.5096 0.0091 -0.766044443119 -0.321393804843 0.556670399226 2.0000
0.5033 0.0091 -0.766044443119 -0.166365675343 -0.620885153015 2.0000
0.5007 0.0091 -0.766044443119 -0.166365675343 0.620885153015 2.0000
0.5008 0.0091 -0.766044443119 0.000000000000 -0.642787609687 2.0000
0.5007 0.0091 -0.766044443119 0.000000000000 0.642787609687 2.0000
0.5010 0.0091 -0.766044443119 0.166365675343 -0.620885153015 2.0000
0.5036 0.0091 -0.766044443119 0.166365675343 0.620885153015 2.0000
0.5095 0.0091 -0.766044443119 0.321393804843 -0.556670399226 2.0000
0.5080 0.0091 -0.766044443119 0.321393804843 0.556670399226 2.0000
0.5154 0.0091 -0.766044443119 0.454519477672 -0.454519477672 2.0000
0.5159 0.0091 -0.766044443119 0.454519477672 0.454519477672 2.0000
0.5298 0.0091 -0.766044443119 0.556670399226 -0.321393804843 2.0000
0.5350 0.0091 -0.766044443119 0.556670399226 0.321393804843 2.0000
0.5404 0.0091 -0.766044443119 0.620885153015 -0.166365675343 2.0000
0.5417 0.0091 -0.766044443119 0.620885153015 0.166365675343 2.0000
0.5453 0.0091 -0.766044443119 0.642787609687 0.000000000000 2.0000
0.5433 0.0091 -0.707106781187 -0.707106781187 0.000000000000 2.0000
0.5387 0.0091 -0.707106781187 -0.683012701892 -0.183012701892 2.0000
0.5373 0.0091 -0.707106781187 -0.683012701892 0.183012701892 2.0000
0.5306 0.0091 -0.707106781187 -0.612372435696 -0.353553390593 2.0000
0.5245 0.0091 -0.707106781187 -0.612372435696 0.353553390593 2.0000
0.5077 0.0091 -0.707106781187 -0.500000000000 -0.500000000000 2.0000
0.5069 0.0091 -0.707106781187 -0.500000000000 0.500000000000 2.0000
0.4979 0.0091 -0.707106781187 -0.353553390593 -0.612372435696 2.0000
0.5000 0.0091 -0.707106781187 -0.353553390593 0.612372435696 2.0000
0.4924 0.0091 -0.707106781187 -0.183012701892 -0.683012701892 2.0000
0.4893 0.0091 -0.707106781187 -0.183012701892 0.683012701892 2.0000
0.4893 0.0091 -0.707106781187 0.000000010537 -0.707106781187 2.0000
0.4892 0.0091 -0.707106781187 0.000000010537 0.707106781187 2.0000
0.4896 0.0091 -0.707106781187 0.183012701892 -0.683012701892 2.0000
0.4927 0.0091 -0.707106781187 0.183012701892 0.683012701892 2.0000
0.4999 0.0091 -0.707106781187 0.353553390593 -0.612372435696 2.0000
0.4980 0.0091 -0.707106781187 0.353553390593 0.612372435696 2.0000
0.5070 0.0091 -0.707106781187 0.500000000000 -0.500000000000 2.0000
0.5077 0.0091 -0.707106781187 0.500000000000 0.500000000000 2.0000
0.5244 0.0091 -0.707106781187 0.612372435696 -0.353553390593 2.0000
0.5307 0.0091 -0.707106781187 0.612372435696 0.353553390593 2.0000
0.5373 0.0091 -0.707106781187 0.683012701892 -0.183012701892 2.0000
0.5388 0.0091 -0.707106781187 0.683012701892 0.183012701892 2.0000
0.5432 0.0091 -0.707106781187 0.707106781187 0.000000000000 2.0000
0.5412 0.0091 -0.642787609687 -0.766044443119 0.000000000000 2.0000
0.5359 0.0091 -0.642787609687 -0.739942111694 -0.198266891274 2.0000
0.5342 0.0091 -0.642787609687 -0.739942111694 0.198266891274 2.0000
0.5263 0.0091 -0.642787609687 -0.663413948169 -0.383022221559 2.0000
0.5191 0.0091 -0.642787609687 -0.663413948169 0.383022221559 2.0000
0.4994 0.0091 -0.642787609687 -0.541675220420 -0.541675220420 2.0000
0.4985 0.0091 -0.642787609687 -0.541675220420 0.541675220420 2.0000
0.4879 0.0091 -0.642787609687 -0.383022221559 -0.663413948169 2.0000
0.4903 0.0091 -0.642787609687 -0.383022221559 0.663413948169 2.0000
0.4815 0.0091 -0.642787609687 -0.198266891274 -0.739942111694 2.0000
0.4778 0.0091 -0.642787609687 -0.198266891274 0.739942111694 2.0000
0.4778 0.0091 -0.642787609687 0.000000000000 -0.766044443119 2.0000
0.4777 0.0091 -0.642787609687 0.000000009578 0.766044443119 2.0000
0.4781 0.0091 -0.642787609687 0.198266891274 -0.739942111694 2.0000
0.4818 0.0091 -0.642787609687 0.198266891274 0.739942111694 2.0000
0.4903 0.0091 -0.642787609687 0.383022221559 -0.663413948169 2.0000
0.4881 0.0091 -0.642787609687 0.383022221559 0.663413948169 2.0000
0.4986 0.0091 -0.642787609687 0.541675220420 -0.541675220420 2.0000
0.4994 0.0091 -0.642787609687 0.541675220420 0.541675220420 2.0000
0.5190 0.0091 -0.642787609687 0.663413948169 -0.383022221559 2.0000
0.5265 0.0091 -0.642787609687 0.663413948169 0.383022221559 2.0000
0.5342 0.0091 -0.642787609687 0.739942111694 -0.198266891274 2.0000
0.5359 0.0091 -0.642787609687 0.739942111694 0.198266891274 2.0000
0.5412 0.0091 -0.642787609687 0.766044443119 0.000000000000 2.0000
0.5392 0.0091 -0.573576436351 -0.819152044289 0.000000000000 2.0000
0.5331 0.0091 -0.573576436351 -0.791240115236 -0.212012149897 2.0000
0.5311 0.0091 -0.573576436351 -0.791240115236 0.212012149897 2.0000
0.5222 0.0091 -0.573576436351 -0.709406479916 -0.409576022144 2.0000
0.5139 0.0091 -0.573576436351 -0.709406479916 0.409576022144 2.0000
0.4914 0.0091 -0.573576436351 -0.579227965340 -0.579227965340 2.0000
0.4904 0.0091 -0.573576436351 -0.579227965340 0.579227965340 2.0000
0.4783 0.0091 -0.573576436351 -0.409576022144 -0.709406479916 2.0000
0.4810 0.0091 -0.573576436351 -0.409576022144 0.709406479916 2.0000
0.4709 0.0091 -0.573576436351 -0.212012149897 -0.791240115236 2.0000
0.4667 0.0091 -0.573576436351 -0.212012149897 0.791240115236 2.0000
0.4667 0.0091 -0.573576436351 -0.000000000000 -0.819152044289 2.0000
0.4666 0.0091 -0.573576436351 0.000000000000 0.819152044289 2.0000
0.4670 0.0091 -0.573576436351 0.212012149897 -0.791240115236 2.0000
0.4712 0.0091 -0.573576436351 0.212012149897 0.791240115236 2.0000
0.4810 0.0091 -0.573576436351 0.409576022144 -0.709406479916 2.0000
0.4784 0.0091 -0.573576436351 0.409576022144 0.709406479916 2.0000
0.4905 0.0091 -0.573576436351 0.579227965340 -0.579227965340 2.0000
0.4914 0.0091 -0.573576436351 0.579227965340 0.579227965340 2.0000
0.5138 0.0091 -0.573576436351 0.709406479916 -0.409576022144 2.0000
0.5223 0.0091 -0.573576436351 0.709406479916 0.409576022144 2.0000
0.5311 0.0091 -0.573576436351 0.791240115236 -0.212012149897 2.0000
0.5332 0.0091 -0.573576436351 0.791240115236 0.212012149897 2.0000
0.5391 0.0091 -0.573576436351 0.819152044289 0.000000000000 2.0000
0.5373 0.0091 -0.500000000000 -0.866025403784 0.000000000000 2.0000
0.5305 0.0091 -0.500000000000 -0.836516303738 -0.224143868042 2.0000
0.5283 0.0091 -0.500000000000 -0.836516303738 0.224143868042 2.0000
0.5183 0.0091 -0.500000000000 -0.750000000000 -0.433012701892 2.0000
0.5090 0.0091 -0.500000000000 -0.750000000000 0.433012701892 2.0000
0.4839 0.0091 -0.500000000000 -0.612372435696 -0.612372435696 2.0000
0.4827 0.0091 -0.500000000000 -0.612372435696 0.612372435696 2.0000
0.4692 0.0091 -0.500000000000 -0.433012701892 -0.750000000000 2.0000
0.4723 0.0091 -0.500000000000 -0.433012701892 0.750000000000 2.0000
0.4610 0.0091 -0.500000000000 -0.224143868042 -0.836516303738 2.0000
0.4563 0.0091 -0.500000000000 -0.224143868042 0.836516303738 2.0000
0.4563 0.0091 -0.500000000000 -0.000000000000 -0.866025403784 2.0000
0.4562 0.0091 -0.500000000000 0.000000000000 0.866025403784 2.0000
0.4566 0.0091 -0.500000000000 0.224143868042 -0.836516303738 2.0000
0.4613 0.0091 -0.500000000000 0.224143868042 0.836516303738 2.0000
0.4722 0.0091 -0.500000000000 0.433012701892 -0.750000000000 2.0000
0.4693 0.0091 -0.500000000000 0.433012701892 0.750000000000 2.0000
0.4829 0.0091 -0.500000000000 0.612372435696 -0.612372435696 2.0000
0.4839 0.0091 -0.500000000000 0.612372435696 0.612372435696 2.0000
0.5090 0.0091 -0.500000000000 0.750000000000 -0.433012701892 2.0000
0.5184 0.0091 -0.500000000000 0.750000000000 0.433012701892 2.0000
0.5283 0.0091 -0.500000000000 0.836516303738 -0.224143868042 2.0000
0.5305 0.0091 -0.500000000000 0.836516303738 0.224143868042 2.0000
0.5372 0.0091 -0.500000000000 0.866025403784 0.000000000000 2.0000
0.5355 0.0091 -0.422618261741 -0.906307787037 0.000000000000 2.0000
0.5281 0.0091 -0.422618261741 -0.875426098066 -0.234569716010 2.0000
0.5257 0.0091 -0.422618261741 -0.875426098066 0.234569716010 2.0000
0.5148 0.0091 -0.422618261741 -0.784885567221 -0.453153893518 2.0000
0.5046 0.0091 -0.422618261741 -0.784885567221 0.453153893518 2.0000
0.4771 0.0091 -0.422618261741 -0.640856382056 -0.640856382056 2.0000
0.4758 0.0091 -0.422618261741 -0.640856382056 0.640856382056 2.0000
0.4611 0.0091 -0.422618261741 -0.453153893518 -0.784885567221 2.0000
0.4644 0.0091 -0.422618261741 -0.453153893518 0.784885567221 2.0000
0.4521 0.0091 -0.422618261741 -0.234569716010 -0.875426098066 2.0000
0.4469 0.0091 -0.422618261741 -0.234569716010 0.875426098066 2.0000
0.4468 0.0091 -0.422618261741 -0.000000000000 -0.906307787037 2.0000
0.4467 0.0091 -0.422618261741 0.000000000000 0.906307787037 2.0000
0.4472 0.0091 -0.422618261741 0.234569716010 -0.875426098066 2.0000
0.4523 0.0091 -0.422618261741 0.234569716010 0.875426098066 2.0000
0.4643 0.0091 -0.422618261741 0.453153893518 -0.784885567221 2.0000
0.4612 0.0091 -0.422618261741 0.453153893518 0.784885567221 2.0000
0.4759 0.0091 -0.422618261741 0.640856382056 -0.640856382056 2.0000
0.4771 0.0091 -0.422618261741 0.640856382056 0.640856382056 2.0000
0.5046 0.0091 -0.422618261741 0.784885567221 -0.453153893518 2.0000
0.5149 0.0091 -0.422618261741 0.784885567221 0.453153893518 2.0000
0.5257 0.0091 -0.422618261741 0.875426098066 -0.234569716010 2.0000
0.5282 0.0091 -0.422618261741 0.875426098066 0.234569716010 2.0000
0.5355 0.0091 -0.422618261741 0.906307787037 0.000000000000 2.0000
0.5340 0.0091 -0.342020143326 -0.939692620786 0.000000000000 2.0000
0.5261 0.0091 -0.342020143326 -0.907673371190 -0.243210346802 2.0000
0.5235 0.0091 -0.342020143326 -0.907673371190 0.243210346802 2.0000
0.5117 0.0091 -0.342020143326 -0.813797681349 -0.469846310393 2.0000
0.5008 0.0091 -0.342020143326 -0.813797681349 0.469846310393 2.0000
0.4712 0.0091 -0.342020143326 -0.664463024389 -0.664463024389 2.0000
0.4699 0.0091 -0.342020143326 -0.664463024389 0.664463024389 2.0000
0.4540 0.0091 -0.342020143326 -0.469846310393 -0.813797681349 2.0000
0.4575 0.0091 -0.342020143326 -0.469846310393 0.813797681349 2.0000
0.4443 0.0091 -0.342020143326 -0.243210346802 -0.907673371190 2.0000
0.4388 0.0091 -0.342020143326 -0.243210346802 0.907673371190 2.0000
0.4387 0.0091 -0.342020143326 -0.000000005096 -0.939692620786 2.0000
0.4386 0.0091 -0.342020143326 0.000000005096 0.939692620786 2.0000
0.4390 0.0091 -0.342020143326 0.243210346802 -0.907673371190 2.0000
0.4445 0.0091 -0.342020143326 0.243210346802 0.907673371190 2.0000
0.4575 0.0091 -0.342020143326 0.469846310393 -0.813797681349 2.0000
0.4541 0.0091 -0.342020143326 0.469846310393 0.813797681349 2.0000
0.4700 0.0091 -0.342020143326 0.664463024389 -0.664463024389 2.0000
0.4712 0.0091 -0.342020143326 0.664463024389 0.664463024389 2.0000
0.5008 0.0091 -0.342020143326 0.813797681349 -0.469846310393 2.0000
0.5118 0.0091 -0.342020143326 0.813797681349 0.469846310393 2.0000
0.5235 0.0091 -0.342020143326 0.907673371190 -0.243210346802 2.0000
0.5261 0.0091 -0.342020143326 0.907673371190 0.243210346802 2.0000
0.5340 0.0091 -0.342020143326 0.939692620786 0.000000000000 2.0000
0.5328 0.0091 -0.258819045103 -0.965925826289 0.000000000000 2.0000
0.5244 0.0091 -0.258819045103 -0.933012701892 -0.250000000000 2.0000
0.5217 0.0091 -0.258819045103 -0.933012701892 0.250000000000 2.0000
0.5093 0.0091 -0.258819045103 -0.836516303738 -0.482962913145 2.0000
0.4977 0.0091 -0.258819045103 -0.836516303738 0.482962913145 2.0000
0.4665 0.0091 -0.258819045103 -0.683012701892 -0.683012701892 2.0000
0.4651 0.0091 -0.258819045103 -0.683012701892 0.683012701892 2.0000
0.4483 0.0091 -0.258819045103 -0.482962913145 -0.836516303738 2.0000
0.4520 0.0091 -0.258819045103 -0.482962913145 0.836516303738 2.0000
0.4381 0.0091 -0.258819045103 -0.250000000000 -0.933012701892 2.0000
0.4323 0.0091 -0.258819045103 -0.250000000000 0.933012701892 2.0000
0.4321 0.0091 -0.258819045103 -0.000000000000 -0.965925826289 2.0000
0.4320 0.0091 -0.258819045103 0.000000000000 0.965925826289 2.0000
0.4324 0.0091 -0.258819045103 0.250000000000 -0.933012701892 2.0000
0.4382 0.0091 -0.258819045103 0.250000000000 0.933012701892 2.0000
0.4520 0.0091 -0.258819045103 0.482962913145 -0.836516303738 2.0000
0.4483 0.0091 -0.258819045103 0.482962913145 0.836516303738 2.0000
0.4651 0.0091 -0.258819045103 0.683012701892 -0.683012701892 2.0000
0.4664 0.0091 -0.258819045103 0.683012701892 0.683012701892 2.0000
0.4977 0.0091 -0.258819045103 0.836516303738 -0.482962913145 2.0000
0.5094 0.0091 -0.258819045103 0.836516303738 0.482962913145 2.0000
0.5217 0.0091 -0.258819045103 0.933012701892 -0.250000000000 2.0000
0.5245 0.0091 -0.258819045103 0.933012701892 0.250000000000 2.0000
0.5328 0.0091 -0.258819045103 0.965925826289 0.000000000000 2.0000
0.5320 0.0091 -0.173648177667 -0.984807753012 0.000000000000 2.0000
0.5232 0.0091 -0.173648177667 -0.951251242564 -0.254887002244 2.0000
0.5204 0.0091 -0.173648177667 -0.951251242564 0.254887002244 2.0000
0.5075 0.0091 -0.173648177667 -0.852868531952 -0.492403876506 2.0000
0.4954 0.0091 -0.173648177667 -0.852868531952 0.492403876506 2.0000
0.4630 0.0091 -0.173648177667 -0.696364240320 -0.696364240320 2.0000
0.4615 0.0091 -0.173648177667 -0.696364240320 0.696364240320 2.0000
0.4441 0.0091 -0.173648177667 -0.492403876506 -0.852868531952 2.0000
0.4479 0.0091 -0.173648177667 -0.492403876506 0.852868531952 2.0000
0.4335 0.0091 -0.173648177667 -0.254887002244 -0.951251242564 2.0000
0.4274 0.0091 -0.173648177667 -0.254887002244 0.951251242564 2.0000
0.4272 0.0091 -0.173648177667 -0.000000000000 -0.984807753012 2.0000
0.4271 0.0091 -0.173648177667 0.000000000000 0.984807753012 2.0000
0.4275 0.0091 -0.173648177667 0.254887002244 -0.951251242564 2.0000
0.4336 0.0091 -0.173648177667 0.254887002244 0.951251242564 2.0000
0.4479 0.0091 -0.173648177667 0.492403876506 -0.852868531952 2.0000
0.4441 0.0091 -0.173648177667 0.492403876506 0.852868531952 2.0000
0.4616 0.0091 -0.173648177667 0.696364240320 -0.696364240320 2.0000
0.4629 0.0091 -0.173648177667 0.696364240320 0.696364240320 2.0000
0.4954 0.0091 -0.173648177667 0.852868531952 -0.492403876506 2.0000
0.5075 0.0091 -0.173648177667 0.852868531952 0.492403876506 2.0000
0.5204 0.0091 -0.173648177667 0.951251242564 -0.254887002244 2.0000
0.5233 0.0091 -0.173648177667 0.951251242564 0.254887002244 2.0000
0.5319 0.0091 -0.173648177667 0.984807753012 0.000000000000 2.0000
0.5314 0.0091 -0.087155742748 -0.996194698092 0.000000000000 2.0000
0.5225 0.0091 -0.087155742748 -0.962250186899 -0.257834160496 2.0000
0.5195 0.0091 -0.087155742748 -0.962250186899 0.257834160496 2.0000
0.5064 0.0091 -0.087155742748 -0.862729915663 -0.498097349046 2.0000
0.4940 0.0091 -0.087155742748 -0.862729915663 0.498097349046 2.0000
0.4608 0.0091 -0.087155742748 -0.704416026403 -0.704416026403 2.0000
0.4593 0.0091 -0.087155742748 -0.704416026403 0.704416026403 2.0000
0.4415 0.0091 -0.087155742748 -0.498097349046 -0.862729915663 2.0000
0.4454 0.0091 -0.087155742748 -0.498097349046 0.862729915663 2.0000
0.4307 0.0091 -0.087155742748 -0.257834160496 -0.962250186899 2.0000
0.4245 0.0091 -0.087155742748 -0.257834160496 0.962250186899 2.0000
0.4242 0.0091 -0.087155742748 -0.000000000000 -0.996194698092 2.0000
0.4242 0.0091 -0.087155742748 0.000000001299 0.996194698092 2.0000
0.4245 0.0091 -0.087155742748 0.257834160496 -0.962250186899 2.0000
0.4307 0.0091 -0.087155742748 0.257834160496 0.962250186899 2.0000
0.4454 0.0091 -0.087155742748 0.498097349046 -0.862729915663 2.0000
0.4415 0.0091 -0.087155742748 0.498097349046 0.862729915663 2.0000
0.4594 0.0091 -0.087155742748 0.704416026403 -0.704416026403 2.0000
0.4608 0.0091 -0.087155742748 0.704416026403 0.704416026403 2.0000
0.4940 0.0091 -0.087155742748 0.862729915663 -0.498097349046 2.0000
0.5064 0.0091 -0.087155742748 0.862729915663 0.498097349046 2.0000
0.5195 0.0091 -0.087155742748 0.962250186899 -0.257834160496 2.0000
0.5225 0.0091 -0.087155742748 0.962250186899 0.257834160496 2.0000
0.5314 0.0091 -0.087155742748 0.996194698092 0.000000000000 2.0000
0.4232 0.0091 -0.000000011546 0.000000009420 1.000000000000 2.0000
0.5312 0.0091 0.000000000000 -1.000000000000 0.000000000000 2.0000
0.5223 0.0091 0.000000000000 -0.965925826289 -0.258819045103 2.0000
0.5193 0.0091 0.000000000000 -0.965925826289 0.258819045103 2.0000
0.5060 0.0091 0.000000000000 -0.866025403784 -0.500000000000 2.0000
0.4936 0.0091 0.000000000000 -0.866025403784 0.500000000000 2.0000
0.4601 0.0091 0.000000000000 -0.707106781187 -0.707106781187 2.0000
0.4586 0.0091 0.000000000000 -0.707106781187 0.707106781187 2.0000
0.4406 0.0091 0.000000000000 -0.500000000000 -0.866025403784 2.0000
0.4446 0.0091 0.000000000000 -0.500000000000 0.866025403784 2.0000
0.4297 0.0091 0.000000000000 -0.258819045103 -0.965925826289 2.0000
0.4235 0.0091 0.000000000000 -0.258819045103 0.965925826289 2.0000
0.4235 0.0091 0.000000000000 0.258819045103 -0.965925826289 2.0000
0.4297 0.0091 0.000000000000 0.258819045103 0.965925826289 2.0000
0.4446 0.0091 0.000000000000 0.500000000000 -0.866025403784 2.0000
0.4406 0.0091 0.000000000000 0.500000000000 0.866025403784 2.0000
0.4586 0.0091 0.000000000000 0.707106781187 -0.707106781187 2.0000
0.4601 0.0091 0.000000000000 0.707106781187 0.707106781187 2.0000
0.4936 0.0091 0.000000000000 0.866025403784 -0.500000000000 2.0000
0.5060 0.0091 0.000000000000 0.866025403784 0.500000000000 2.0000
0.5193 0.0091 0.000000000000 0.965925826289 -0.258819045103 2.0000
0.5223 0.0091 0.000000000000 0.965925826289 0.258819045103 2.0000
0.5312 0.0091 0.000000000000 1.000000000000 0.000000000000 2.0000
0.4232 0.0091 0.000000011546 -0.000000009420 -1.000000000000 2.0000
0.5314 0.0091 0.087155742748 -0.996194698092 0.000000000000 2.0000
0.5225 0.0091 0.087155742748 -0.962250186899 -0.257834160496 2.0000
0.5195 0.0091 0.087155742748 -0.962250186899 0.257834160496 2.0000
0.5064 0.0091 0.087155742748 -0.862729915663 -0.498097349046 2.0000
0.4940 0.0091 0.087155742748 -0.862729915663 0.498097349046 2.0000
0.4608 0.0091 0.087155742748 -0.704416026403 -0.704416026403 2.0000
0.4594 0.0091 0.087155742748 -0.704416026403 0.704416026403 2.0000
0.4415 0.0091 0.087155742748 -0.498097349046 -0.862729915663 2.0000
0.4454 0.0091 0.087155742748 -0.498097349046 0.862729915663 2.0000
0.4307 0.0091 0.087155742748 -0.257834160496 -0.962250186899 2.0000
0.4245 0.0091 0.087155742748 -0.257834160496 0.962250186899 2.0000
0.4242 0.0091 0.087155742748 -0.000000001299 -0.996194698092 2.0000
0.4242 0.0091 0.087155742748 0.000000000000 0.996194698092 2.0000
0.4245 0.0091 0.087155742748 0.257834160496 -0.962250186899 2.0000
0.4307 0.0091 0.087155742748 0.257834160496 0.962250186899 2.0000
0.4454 0.0091 0.087155742748 0.498097349046 -0.862729915663 2.0000
0.4415 0.0091 0.087155742748 0.498097349046 0.862729915663 2.0000
0.4593 0.0091 0.087155742748 0.704416026403 -0.704416026403 2.0000
0.4608 0.0091 0.087155742748 0.704416026403 0.704416026403 2.0000
0.4940 0.0091 0.087155742748 0.862729915663 -0.498097349046 2.0000
0.5064 0.0091 0.087155742748 0.862729915663 0.498097349046 2.0000
0.5195 0.0091 0.087155742748 0.962250186899 -0.257834160496 2.0000
0.5225 0.0091 0.087155742748 0.962250186899 0.257834160496 2.0000
0.5314 0.0091 0.087155742748 0.996194698092 0.000000000000 2.0000
0.5319 0.0091 0.173648177667 -0.984807753012 0.000000000000 2.0000
0.5233 0.0091 0.173648177667 -0.951251242564 -0.254887002244 2.0000
0.5204 0.0091 0.173648177667 -0.951251242564 0.254887002244 2.0000
0.5075 0.0091 0.173648177667 -0.852868531952 -0.492403876506 2.0000
0.4954 0.0091 0.173648177667 -0.852868531952 0.492403876506 2.0000
0.4629 0.0091 0.173648177667 -0.696364240320 -0.696364240320 2.0000
0.4616 0.0091 0.173648177667 -0.696364240320 0.696364240320 2.0000
0.4441 0.0091 0.173648177667 -0.492403876506 -0.852868531952 2.0000
0.4479 0.0091 0.173648177667 -0.492403876506 0.852868531952 2.0000
0.4336 0.0091 0.173648177667 -0.254887002244 -0.951251242564 2.0000
0.4275 0.0091 0.173648177667 -0.254887002244 0.951251242564 2.0000
0.4271 0.0091 0.173648177667 0.000000000000 -0.984807753012 2.0000
0.4272 0.0091 0.173648177667 0.000000000000 0.984807753012 2.0000
0.4274 0.0091 0.173648177667 0.254887002244 -0.951251242564 2.0000
0.4335 0.0091 0.173648177667 0.254887002244 0.951251242564 2.0000
0.4479 0.0091 0.173648177667 0.492403876506 -0.852868531952 2.0000
0.4441 0.0091 0.173648177667 0.492403876506 0.852868531952 2.0000
0.4615 0.0091 0.173648177667 0.696364240320 -0.696364240320 2.0000
0.4630 0.0091 0.173648177667 0.696364240320 0.696364240320 2.0000
0.4954 0.0091 0.173648177667 0.852868531952 -0.492403876506 2.0000
0.5075 0.0091 0.173648177667 0.852868531952 0.492403876506 2.0000
0.5204 0.0091 0.173648177667 0.951251242564 -0.254887002244 2.0000
0.5232 0.0091 0.173648177667 0.951251242564 0.254887002244 2.0000
0.5320 0.0091 0.173648177667 0.984807753012 0.000000000000 2.0000
0.5328 0.0091 0.258819045103 -0.965925826289 0.000000000000 2.0000
0.5245 0.0091 0.258819045103 -0.933012701892 -0.250000000000 2.0000
0.5217 0.0091 0.258819045103 -0.933012701892 0.250000000000 2.0000
0.5094 0.0091 0.258819045103 -0.836516303738 -0.482962913145 2.0000
0.4977 0.0091 0.258819045103 -0.836516303738 0.482962913145 2.0000
0.4664 0.0091 0.258819045103 -0.683012701892 -0.683012701892 2.0000
0.4651 0.0091 0.258819045103 -0.683012701892 0.683012701892 2.0000
0.4483 0.0091 0.258819045103 -0.482962913145 -0.836516303738 2.0000
0.4520 0.0091 0.258819045103 -0.482962913145 0.836516303738 2.0000
0.4382 0.0091 0.258819045103 -0.250000000000 -0.933012701892 2.0000
0.4324 0.0091 0.258819045103 -0.250000000000 0.933012701892 2.0000
0.4320 0.0091 0.258819045103 0.000000000000 -0.965925826289 2.0000
0.4321 0.0091 0.258819045103 0.000000000000 0.965925826289 2.0000
0.4323 0.0091 0.258819045103 0.250000000000 -0.933012701892 2.0000
0.4381 0.0091 0.258819045103 0.250000000000 0.933012701892 2.0000
0.4520 0.0091 0.258819045103 0.482962913145 -0.836516303738 2.0000
0.4483 0.0091 0.258819045103 0.482962913145 0.836516303738 2.0000
0.4651 0.0091 0.258819045103 0.683012701892 -0.683012701892 2.0000
0.4665 0.0091 0.258819045103 0.683012701892 0.683012701892 2.0000
0.4977 0.0091 0.258819045103 0.836516303738 -0.482962913145 2.0000
0.5093 0.0091 0.258819045103 0.836516303738 0.482962913145 2.0000
0.5217 0.0091 0.258819045103 0.933012701892 -0.250000000000 2.0000
0.5244 0.0091 0.258819045103 0.933012701892 0.250000000000 2.0000
0.5328 0.0091 0.258819045103 0.965925826289 0.000000000000 2.0000
0.5340 0.0091 0.342020143326 -0.939692620786 0.000000000000 2.0000
0.5261 0.0091 0.342020143326 -0.907673371190 -0.243210346802 2.0000
0.5235 0.0091 0.342020143326 -0.907673371190 0.243210346802 2.0000
0.5118 0.0091 0.342020143326 -0.813797681349 -0.469846310393 2.0000
0.5008 0.0091 0.342020143326 -0.813797681349 0.469846310393 2.0000
0.4712 0.0091 0.342020143326 -0.664463024389 -0.664463024389 2.0000
0.4700 0.0091 0.342020143326 -0.664463024389 0.664463024389 2.0000
0.4541 0.0091 0.342020143326 -0.469846310393 -0.813797681349 2.0000
0.4575 0.0091 0.342020143326 -0.469846310393 0.813797681349 2.0000
0.4445 0.0091 0.342020143326 -0.243210346802 -0.907673371190 2.0000
0.4390 0.0091 0.342020143326 -0.243210346802 0.907673371190 2.0000
0.4386 0.0091 0.342020143326 -0.000000005096 -0.939692620786 2.0000
0.4387 0.0091 0.342020143326 0.000000005096 0.939692620786 2.0000
0.4388 0.0091 0.342020143326 0.243210346802 -0.907673371190 2.0000
0.4443 0.0091 0.342020143326 0.243210346802 0.907673371190 2.0000
0.4575 0.0091 0.342020143326 0.469846310393 -0.813797681349 2.0000
0.4540 0.0091 0.342020143326 0.469846310393 0.813797681349 2.0000
0.4699 0.0091 0.342020143326 0.664463024389 -0.664463024389 2.0000
0.4712 0.0091 0.342020143326 0.664463024389 0.664463024389 2.0000
0.5008 0.0091 0.342020143326 0.813797681349 -0.469846310393 2.0000
0.5117 0.0091 0.342020143326 0.813797681349 0.469846310393 2.0000
0.5235 0.0091 0.342020143326 0.907673371190 -0.243210346802 2.0000
0.5261 0.0091 0.342020143326 0.907673371190 0.243210346802 2.0000
0.5340 0.0091 0.342020143326 0.939692620786 0.000000000000 2.0000
0.5355 0.0091 0.422618261741 -0.906307787037 0.000000000000 2.0000
0.5282 0.0091 0.422618261741 -0.875426098066 -0.234569716010 2.0000
0.5257 0.0091 0.422618261741 -0.875426098066 0.234569716010 2.0000
0.5149 0.0091 0.422618261741 -0.784885567221 -0.453153893518 2.0000
0.5046 0.0091 0.422618261741 -0.784885567221 0.453153893518 2.0000
0.4771 0.0091 0.422618261741 -0.640856382056 -0.640856382056 2.0000
0.4759 0.0091 0.422618261741 -0.640856382056 0.640856382056 2.0000
0.4612 0.0091 0.422618261741 -0.453153893518 -0.784885567221 2.0000
0.4643 0.0091 0.422618261741 -0.453153893518 0.784885567221 2.0000
0.4523 0.0091 0.422618261741 -0.234569716010 -0.875426098066 2.0000
0.4472 0.0091 0.422618261741 -0.234569716010 0.875426098066 2.0000
0.4467 0.0091 0.422618261741 0.000000000000 -0.906307787037 2.0000
0.4468 0.0091 0.422618261741 0.000000000000 0.906307787037 2.0000
0.4469 0.0091 0.422618261741 0.234569716010 -0.875426098066 2.0000
0.4521 0.0091 0.422618261741 0.234569716010 0.875426098066 2.0000
0.4644 0.0091 0.422618261741 0.453153893518 -0.784885567221 2.0000
0.4611 0.0091 0.422618261741 0.453153893518 0.784885567221 2.0000
0.4758 0.0091 0.422618261741 0.640856382056 -0.640856382056 2.0000
0.4771 0.0091 0.422618261741 0.640856382056 0.640856382056 2.0000
0.5046 0.0091 0.422618261741 0.784885567221 -0.453153893518 2.0000
0.5148 0.0091 0.422618261741 0.784885567221 0.453153893518 2.0000
0.5257 0.0091 0.422618261741 0.875426098066 -0.234569716010 2.0000
0.5281 0.0091 0.422618261741 0.875426098066 0.234569716010 2.0000
0.5355 0.0091 0.422618261741 0.906307787037 0.000000000000 2.0000
0.5372 0.0091 0.500000000000 -0.866025403784 0.000000000000 2.0000
0.5305 0.0091 0.500000000000 -0.836516303738 -0.224143868042 2.0000
0.5283 0.0091 0.500000000000 -0.836516303738 0.224143868042 2.0000
0.5184 0.0091 0.500000000000 -0.750000000000 -0.433012701892 2.0000
0.5090 0.0091 0.500000000000 -0.750000000000 0.433012701892 2.0000
0.4839 0.0091 0.500000000000 -0.612372435696 -0.612372435696 2.0000
0.4829 0.0091 0.500000000000 -0.612372435696 0.612372435696 2.0000
0.4693 0.0091 0.500000000000 -0.433012701892 -0.750000000000 2.0000
0.4722 0.0091 0.500000000000 -0.433012701892 0.750000000000 2.0000
0.4613 0.0091 0.500000000000 -0.224143868042 -0.836516303738 2.0000
0.4566 0.0091 0.500000000000 -0.224143868042 0.836516303738 2.0000
0.4562 0.0091 0.500000000000 0.000000000000 -0.866025403784 2.0000
0.4563 0.0091 0.500000000000 0.000000000000 0.866025403784 2.0000
0.4563 0.0091 0.500000000000 0.224143868042 -0.836516303738 2.0000
0.4610 0.0091 0.500000000000 0.224143868042 0.836516303738 2.0000
0.4723 0.0091 0.500000000000 0.433012701892 -0.750000000000 2.0000
0.4692 0.0091 0.500000000000 0.433012701892 0.750000000000 2.0000
0.4827 0.0091 0.500000000000 0.612372435696 -0.612372435696 2.0000
0.4839 0.0091 0.500000000000 0.612372435696 0.612372435696 2.0000
0.5090 0.0091 0.500000000000 0.750000000000 -0.433012701892 2.0000
0.5183 0.0091 0.500000000000 0.750000000000 0.433012701892 2.0000
0.5283 0.0091 0.500000000000 0.836516303738 -0.224143868042 2.0000
0.5305 0.0091 0.500000000000 0.836516303738 0.224143868042 2.0000
0.5373 0.0091 0.500000000000 0.866025403784 0.000000000000 2.0000
0.5391 0.0091 0.573576436351 -0.819152044289 0.000000000000 2.0000
0.5332 0.0091 0.573576436351 -0.791240115236 -0.212012149897 2.0000
0.5311 0.0091 0.573576436351 -0.791240115236 0.212012149897 2.0000
0.5223 0.0091 0.573576436351 -0.709406479916 -0.409576022144 2.0000
0.5138 0.0091 0.573576436351 -0.709406479916 0.409576022144 2.0000
0.4914 0.0091 0.573576436351 -0.579227965340 -0.579227965340 2.0000
0.4905 0.0091 0.573576436351 -0.579227965340 0.579227965340 2.0000
0.4784 0.0091 0.573576436351 -0.409576022144 -0.709406479916 2.0000
0.4810 0.0091 0.573576436351 -0.409576022144 0.709406479916 2.0000
0.4712 0.0091 0.573576436351 -0.212012149897 -0.791240115236 2.0000
0.4670 0.0091 0.573576436351 -0.212012149897 0.791240115236 2.0000
0.4666 0.0091 0.573576436351 0.000000000000 -0.819152044289 2.0000
0.4667 0.0091 0.573576436351 0.000000000000 0.819152044289 2.0000
0.4667 0.0091 0.573576436351 0.212012149897 -0.791240115236 2.0000
0.4709 0.0091 0.573576436351 0.212012149897 0.791240115236 2.0000
0.4810 0.0091 0.573576436351 0.409576022144 -0.709406479916 2.0000
0.4783 0.0091 0.573576436351 0.409576022144 0.709406479916 2.0000
0.4904 0.0091 0.573576436351 0.579227965340 -0.579227965340 2.0000
0.4914 0.0091 0.573576436351 0.579227965340 0.579227965340 2.0000
0.5139 0.0091 0.573576436351 0.709406479916 -0.409576022144 2.0000
0.5222 0.0091 0.573576436351 0.709406479916 0.409576022144 2.0000
0.5311 0.0091 0.573576436351 0.791240115236 -0.212012149897 2.0000
0.5331 0.0091 0.573576436351 0.791240115236 0.212012149897 2.0000
0.5392 0.0091 0.573576436351 0.819152044289 0.000000000000 2.0000
0.5412 0.0091 0.642787609687 -0.766044443119 0.000000000000 2.0000
0.5359 0.0091 0.642787609687 -0.739942111694 -0.198266891274 2.0000
0.5342 0.0091 0.642787609687 -0.739942111694 0.198266891274 2.0000
0.5265 0.0091 0.642787609687 -0.663413948169 -0.383022221559 2.0000
0.5190 0.0091 0.642787609687 -0.663413948169 0.383022221559 2.0000
0.4994 0.0091 0.642787609687 -0.541675220420 -0.541675220420 2.0000
0.4986 0.0091 0.642787609687 -0.541675220420 0.541675220420 2.0000
0.4881 0.0091 0.642787609687 -0.383022221559 -0.663413948169 2.0000
0.4903 0.0091 0.642787609687 -0.383022221559 0.663413948169 2.0000
0.4818 0.0091 0.642787609687 -0.198266891274 -0.739942111694 2.0000
0.4781 0.0091 0.642787609687 -0.198266891274 0.739942111694 2.0000
0.4777 0.0091 0.642787609687 -0.000000009578 -0.766044443119 2.0000
0.4778 0.0091 0.642787609687 0.000000000000 0.766044443119 2.0000
0.4778 0.0091 0.642787609687 0.198266891274 -0.739942111694 2.0000
0.4815 0.0091 0.642787609687 0.198266891274 0.739942111694 2.0000
0.4903 0.0091 0.642787609687 0.383022221559 -0.663413948169 2.0000
0.4879 0.0091 0.642787609687 0.383022221559 0.663413948169 2.0000
0.4985 0.0091 0.642787609687 0.541675220420 -0.541675220420 2.0000
0.4994 0.0091 0.642787609687 0.541675220420 0.541675220420 2.0000
0.5191 0.0091 0.642787609687 0.663413948169 -0.383022221559 2.0000
0.5263 0.0091 0.642787609687 0.663413948169 0.383022221559 2.0000
0.5342 0.0091 0.642787609687 0.739942111694 -0.198266891274 2.0000
0.5359 0.0091 0.642787609687 0.739942111694 0.198266891274 2.0000
0.5412 0.0091 0.642787609687 0.766044443119 0.000000000000 2.0000
0.5432 0.0091 0.707106781187 -0.707106781187 0.000000000000 2.0000
0.5388 0.0091 0.707106781187 -0.683012701892 -0.183012701892 2.0000
0.5373 0.0091 0.707106781187 -0.683012701892 0.183012701892 2.0000
0.5307 0.0091 0.707106781187 -0.612372435696 -0.353553390593 2.0000
0.5244 0.0091 0.707106781187 -0.612372435696 0.353553390593 2.0000
0.5077 0.0091 0.707106781187 -0.500000000000 -0.500000000000 2.0000
0.5070 0.0091 0.707106781187 -0.500000000000 0.500000000000 2.0000
0.4980 0.0091 0.707106781187 -0.353553390593 -0.612372435696 2.0000
0.4999 0.0091 0.707106781187 -0.353553390593 0.612372435696 2.0000
0.4927 0.0091 0.707106781187 -0.183012701892 -0.683012701892 2.0000
0.4896 0.0091 0.707106781187 -0.183012701892 0.683012701892 2.0000
0.4892 0.0091 0.707106781187 -0.000000010537 -0.707106781187 2.0000
0.4893 0.0091 0.707106781187 -0.000000010537 0.707106781187 2.0000
0.4893 0.0091 0.707106781187 0.183012701892 -0.683012701892 2.0000
0.4924 0.0091 0.707106781187 0.183012701892 0.683012701892 2.0000
0.5000 0.0091 0.707106781187 0.353553390593 -0.612372435696 2.0000
0.4979 0.0091 0.707106781187 0.353553390593 0.612372435696 2.0000
0.5069 0.0091 0.707106781187 0.500000000000 -0.500000000000 2.0000
0.5077 0.0091 0.707106781187 0.500000000000 0.500000000000 2.0000
0.5245 0.0091 0.707106781187 0.612372435696 -0.353553390593 2.0000
0.5306 0.0091 0.707106781187 0.612372435696 0.353553390593 2.0000
0.5373 0.0091 0.707106781187 0.683012701892 -0.183012701892 2.0000
0.5387 0.0091 0.707106781187 0.683012701892 0.183012701892 2.0000
0.5433 0.0091 0.707106781187 0.707106781187 0.000000000000 2.0000
0.5453 0.0091 0.766044443119 -0.642787609687 0.000000000000 2.0000
0.5417 0.0091 0.766044443119 -0.620885153015 -0.166365675343 2.0000
0.5404 0.0091 0.766044443119 -0.620885153015 0.166365675343 2.0000
0.5350 0.0091 0.766044443119 -0.556670399226 -0.321393804843 2.0000
0.5298 0.0091 0.766044443119 -0.556670399226 0.321393804843 2.0000
0.5159 0.0091 0.766044443119 -0.454519477672 -0.454519477672 2.0000
0.5154 0.0091 0.766044443119 -0.454519477672 0.454519477672 2.0000
0.5080 0.0091 0.766044443119 -0.321393804843 -0.556670399226 2.0000
0.5095 0.0091 0.766044443119 -0.321393804843 0.556670399226 2.0000
0.5036 0.0091 0.766044443119 -0.166365675343 -0.620885153015 2.0000
0.5010 0.0091 0.766044443119 -0.166365675343 0.620885153015 2.0000
0.5007 0.0091 0.766044443119 0.000000000000 -0.642787609687 2.0000
0.5008 0.0091 0.766044443119 0.000000000000 0.642787609687 2.0000
0.5007 0.0091 0.766044443119 0.166365675343 -0.620885153015 2.0000
0.5033 0.0091 0.766044443119 0.166365675343 0.620885153015 2.0000
0.5096 0.0091 0.766044443119 0.321393804843 -0.556670399226 2.0000
0.5079 0.0091 0.766044443119 0.321393804843 0.556670399226 2.0000
0.5153 0.0091 0.766044443119 0.454519477672 -0.454519477672 2.0000
0.5160 0.0091 0.766044443119 0.454519477672 0.454519477672 2.0000
0.5298 0.0091 0.766044443119 0.556670399226 -0.321393804843 2.0000
0.5349 0.0091 0.766044443119 0.556670399226 0.321393804843 2.0000
0.5404 0.0091 0.766044443119 0.620885153015 -0.166365675343 2.0000
0.5416 0.0091 0.766044443119 0.620885153015 0.166365675343 2.0000
0.5454 0.0091 0.766044443119 0.642787609687 0.000000000000 2.0000
0.5474 0.0091 0.819152044289 -0.573576436351 0.000000000000 2.0000
0.5445 0.0091 0.819152044289 -0.554032293222 -0.148452505550 2.0000
0.5434 0.0091 0.819152044289 -0.554032293222 0.148452505550 2.0000
0.5392 0.0091 0.819152044289 -0.496731764892 -0.286788218176 2.0000
0.5350 0.0091 0.819152044289 -0.496731764892 0.286788218176 2.0000
0.5240 0.0091 0.819152044289 -0.405579787673 -0.405579787673 2.0000
0.5236 0.0091 0.819152044289 -0.405579787673 0.405579787673 2.0000
0.5176 0.0091 0.819152044289 -0.286788218176 -0.496731764892 2.0000
0.5188 0.0091 0.819152044289 -0.286788218176 0.496731764892 2.0000
0.5141 0.0091 0.819152044289 -0.148452505550 -0.554032293222 2.0000
0.5121 0.0091 0.819152044289 -0.148452505550 0.554032293222 2.0000
0.5118 0.0091 0.819152044289 0.000000000000 -0.573576436351 2.0000
0.5119 0.0091 0.819152044289 0.000000000000 0.573576436351 2.0000
0.5118 0.0091 0.819152044289 0.148452505550 -0.554032293222 2.0000
0.5139 0.0091 0.819152044289 0.148452505550 0.554032293222 2.0000
0.5189 0.0091 0.819152044289 0.286788218176 -0.496731764892 2.0000
0.5175 0.0091 0.819152044289 0.286788218176 0.496731764892 2.0000
0.5234 0.0091 0.819152044289 0.405579787673 -0.405579787673 2.0000
0.5240 0.0091 0.819152044289 0.405579787673 0.405579787673 2.0000
0.5350 0.0091 0.819152044289 0.496731764892 -0.286788218176 2.0000
0.5390 0.0091 0.819152044289 0.496731764892 0.286788218176 2.0000
0.5434 0.0091 0.819152044289 0.554032293222 -0.148452505550 2.0000
0.5444 0.0091 0.819152044289 0.554032293222 0.148452505550 2.0000
0.5474 0.0091 0.819152044289 0.573576436351 0.000000000000 2.0000
0.5493 0.0091 0.866025403784 -0.500000000000 0.000000000000 2.0000
0.5471 0.0091 0.866025403784 -0.482962913145 -0.129409522551 2.0000
0.5463 0.0091 0.866025403784 -0.482962913145 0.129409522551 2.0000
0.5430 0.0091 0.866025403784 -0.433012701892 -0.250000000000 2.0000
0.5398 0.0091 0.866025403784 -0.433012701892 0.250000000000 2.0000
0.5315 0.0091 0.866025403784 -0.353553390593 -0.353553390593 2.0000
0.5312 0.0091 0.866025403784 -0.353553390593 0.353553390593 2.0000
0.5267 0.0091 0.866025403784 -0.250000000000 -0.433012701892 2.0000
0.5276 0.0091 0.866025403784 -0.250000000000 0.433012701892 2.0000
0.5240 0.0091 0.866025403784 -0.129409522551 -0.482962913145 2.0000
0.5225 0.0091 0.866025403784 -0.129409522551 0.482962913145 2.0000
0.5222 0.0091 0.866025403784 0.000000000000 -0.500000000000 2.0000
0.5223 0.0091 0.866025403784 0.000000000000 0.500000000000 2.0000
0.5222 0.0091 0.866025403784 0.129409522551 -0.482962913145 2.0000
0.5238 0.0091 0.866025403784 0.129409522551 0.482962913145 2.0000
0.5276 0.0091 0.866025403784 0.250000000000 -0.433012701892 2.0000
0.5266 0.0091 0.866025403784 0.250000000000 0.433012701892 2.0000
0.5311 0.0091 0.866025403784 0.353553390593 -0.353553390593 2.0000
0.5315 0.0091 0.866025403784 0.353553390593 0.353553390593 2.0000
0.5399 0.0091 0.866025403784 0.433012701892 -0.250000000000 2.0000
0.5429 0.0091 0.866025403784 0.433012701892 0.250000000000 2.0000
0.5463 0.0091 0.866025403784 0.482962913145 -0.129409522551 2.0000
0.5470 0.0091 0.866025403784 0.482962913145 0.129409522551 2.0000
0.5493 0.0091 0.866025403784 0.500000000000 0.000000000000 2.0000
0.5510 0.0091 0.906307787037 -0.422618261741 0.000000000000 2.0000
0.5494 0.0091 0.906307787037 -0.408217893677 -0.109381654947 2.0000
0.5489 0.0091 0.906307787037 -0.408217893677 0.109381654947 2.0000
0.5466 0.0091 0.906307787037 -0.365998150771 -0.211309130870 2.0000
0.5442 0.0091 0.906307787037 -0.365998150771 0.211309130870 2.0000
0.5383 0.0091 0.906307787037 -0.298836238730 -0.298836238730 2.0000
0.5381 0.0091 0.906307787037 -0.298836238730 0.298836238730 2.0000
0.5349 0.0091 0.906307787037 -0.211309130870 -0.365998150771 2.0000
0.5355 0.0091 0.906307787037 -0.211309130870 0.365998150771 2.0000
0.5330 0.0091 0.906307787037 -0.109381654947 -0.408217893677 2.0000
0.5319 0.0091 0.906307787037 -0.109381654947 0.408217893677 2.0000
0.5317 0.0091 0.906307787037 0.000000000000 -0.422618261741 2.0000
0.5317 0.0091 0.906307787037 0.000000000000 0.422618261741 2.0000
0.5316 0.0091 0.906307787037 0.109381654947 -0.408217893677 2.0000
0.5328 0.0091 0.906307787037 0.109381654947 0.408217893677 2.0000
0.5355 0.0091 0.906307787037 0.211309130870 -0.365998150771 2.0000
0.5348 0.0091 0.906307787037 0.211309130870 0.365998150771 2.0000
0.5380 0.0091 0.906307787037 0.298836238730 -0.298836238730 2.0000
0.5383 0.0091 0.906307787037 0.298836238730 0.298836238730 2.0000
0.5443 0.0091 0.906307787037 0.365998150771 -0.211309130870 2.0000
0.5464 0.0091 0.906307787037 0.365998150771 0.211309130870 2.0000
0.5489 0.0091 0.906307787037 0.408217893677 -0.109381654947 2.0000
0.5494 0.0091 0.906307787037 0.408217893677 0.109381654947 2.0000
0.5510 0.0091 0.906307787037 0.422618261741 0.000000000000 2.0000
0.5525 0.0091 0.939692620786 -0.342020143326 0.000000000000 2.0000
0.5515 0.0091 0.939692620786 -0.330366089549 -0.088521326901 2.0000
0.5511 0.0091 0.939692620786 -0.330366089549 0.088521326901 2.0000
0.5496 0.0091 0.939692620786 -0.296198132726 -0.171010071663 2.0000
0.5481 0.0091 0.939692620786 -0.296198132726 0.171010071663 2.0000
0.5441 0.0091 0.939692620786 -0.241844762648 -0.241844762648 2.0000
0.5440 0.0091 0.939692620786 -0.241844762648 0.241844762648 2.0000
0.5419 0.0091 0.939692620786 -0.171010071663 -0.296198132726 2.0000
0.5423 0.0091 0.939692620786 -0.171010071663 0.296198132726 2.0000
0.5407 0.0091 0.939692620786 -0.088521326901 -0.330366089549 2.0000
0.5400 0.0091 0.939692620786 -0.088521326901 0.330366089549 2.0000
0.5398 0.0091 0.939692620786 0.000000000000 -0.342020143326 2.0000
0.5399 0.0091 0.939692620786 0.000000000000 0.342020143326 2.0000
0.5398 0.0091 0.939692620786 0.088521326901 -0.330366089549 2.0000
0.5405 0.0091 0.939692620786 0.088521326901 0.330366089549 2.0000
0.5424 0.0091 0.939692620786 0.171010071663 -0.296198132726 2.0000
0.5418 0.0091 0.939692620786 0.171010071663 0.296198132726 2.0000
0.5439 0.0091 0.939692620786 0.241844762648 -0.241844762648 2.0000
0.5442 0.0091 0.939692620786 0.241844762648 0.241844762648 2.0000
0.5481 0.0091 0.939692620786 0.296198132726 -0.171010071663 2.0000
0.5495 0.0091 0.939692620786 0.296198132726 0.171010071663 2.0000
0.5511 0.0091 0.939692620786 0.330366089549 -0.088521326901 2.0000
0.5514 0.0091 0.939692620786 0.330366089549 0.088521326901 2.0000
0.5525 0.0091 0.939692620786 0.342020143326 0.000000000000 2.0000
0.5537 0.0091 0.965925826289 -0.258819045103 0.000000000000 2.0000
0.5531 0.0091 0.965925826289 -0.250000000000 -0.066987298108 2.0000
0.5529 0.0091 0.965925826289 -0.250000000000 0.066987298108 2.0000
0.5520 0.0091 0.965925826289 -0.224143868042 -0.129409522551 2.0000
0.5511 0.0091 0.965925826289 -0.224143868042 0.129409522551 2.0000
0.5489 0.0091 0.965925826289 -0.183012701892 -0.183012701892 2.0000
0.5489 0.0091 0.965925826289 -0.183012701892 0.183012701892 2.0000
0.5476 0.0091 0.965925826289 -0.129409522551 -0.224143868042 2.0000
0.5479 0.0091 0.965925826289 -0.129409522551 0.224143868042 2.0000
0.5470 0.0091 0.965925826289 -0.066987298108 -0.250000000000 2.0000
0.5466 0.0091 0.965925826289 -0.066987298108 0.250000000000 2.0000
0.5465 0.0091 0.965925826289 -0.000000014393 0.258819045103 2.0000
0.5464 0.0091 0.965925826289 0.000000000000 -0.258819045103 2.0000
0.5464 0.0091 0.965925826289 0.066987298108 -0.250000000000 2.0000
0.5468 0.0091 0.965925826289 0.066987298108 0.250000000000 2.0000
0.5479 0.0091 0.965925826289 0.129409522551 -0.224143868042 2.0000
0.5476 0.0091 0.965925826289 0.129409522551 0.224143868042 2.0000
0.5488 0.0091 0.965925826289 0.183012701892 -0.183012701892 2.0000
0.5489 0.0091 0.965925826289 0.183012701892 0.183012701892 2.0000
0.5512 0.0091 0.965925826289 0.224143868042 -0.129409522551 2.0000
0.5520 0.0091 0.965925826289 0.224143868042 0.129409522551 2.0000
0.5529 0.0091 0.965925826289 0.250000000000 -0.066987298108 2.0000
0.5531 0.0091 0.965925826289 0.250000000000 0.066987298108 2.0000
0.5537 0.0091 0.965925826289 0.258819045103 0.000000000000 2.0000
0.5546 0.0091 0.984807753012 -0.173648177667 0.000000000000 2.0000
0.5543 0.0091 0.984807753012 -0.167731259497 -0.044943455528 2.0000
0.5542 0.0091 0.984807753012 -0.167731259497 0.044943455528 2.0000
0.5538 0.0091 0.984807753012 -0.150383733180 -0.086824088833 2.0000
0.5534 0.0091 0.984807753012 -0.150383733180 0.086824088833 2.0000
0.5524 0.0091 0.984807753012 -0.122787803969 -0.122787803969 2.0000
0.5524 0.0091 0.984807753012 -0.122787803969 0.122787803969 2.0000
0.5519 0.0091 0.984807753012 -0.086824088833 -0.150383733180 2.0000
0.5519 0.0091 0.984807753012 -0.086824088833 0.150383733180 2.0000
0.5516 0.0091 0.984807753012 -0.044943455528 -0.167731259497 2.0000
0.5514 0.0091 0.984807753012 -0.044943455528 0.167731259497 2.0000
0.5513 0.0091 0.984807753012 0.000000000000 -0.173648177667 2.0000
0.5513 0.0091 0.984807753012 0.000000000000 0.173648177667 2.0000
0.5513 0.0091 0.984807753012 0.044943455528 -0.167731259497 2.0000
0.5515 0.0091 0.984807753012 0.044943455528 0.167731259497 2.0000
0.5520 0.0091 0.984807753012 0.086824088833 -0.150383733180 2.0000
0.5518 0.0091 0.984807753012 0.086824088833 0.150383733180 2.0000
0.5524 0.0091 0.984807753012 0.122787803969 -0.122787803969 2.0000
0.5524 0.0091 0.984807753012 0.122787803969 0.122787803969 2.0000
0.5534 0.0091 0.984807753012 0.150383733180 -0.086824088833 2.0000
0.5538 0.0091 0.984807753012 0.150383733180 0.086824088833 2.0000
0.5542 0.0091 0.984807753012 0.167731259497 -0.044943455528 2.0000
0.5543 0.0091 0.984807753012 0.167731259497 0.044943455528 2.0000
0.5546 0.0091 0.984807753012 0.173648177667 0.000000000000 2.0000
0.5551 0.0091 0.996194698092 -0.087155742748 0.000000000000 2.0000
0.5551 0.0091 0.996194698092 -0.084185982829 -0.022557566113 2.0000
0.5550 0.0091 0.996194698092 -0.084185982829 0.022557566113 2.0000
0.5549 0.0091 0.996194698092 -0.075479087305 -0.043577871374 2.0000
0.5548 0.0091 0.996194698092 -0.075479087305 0.043577871374 2.0000
0.5546 0.0091 0.996194698092 -0.061628416716 -0.061628416716 2.0000
0.5546 0.0091 0.996194698092 -0.061628416716 0.061628416716 2.0000
0.5544 0.0091 0.996194698092 -0.043577871374 -0.075479087305 2.0000
0.5545 0.0091 0.996194698092 -0.043577871374 0.075479087305 2.0000
0.5544 0.0091 0.996194698092 -0.022557566113 -0.084185982829 2.0000
0.5543 0.0091 0.996194698092 -0.022557566113 0.084185982829 2.0000
0.5543 0.0091 0.996194698092 0.000000000000 -0.087155742748 2.0000
0.5543 0.0091 0.996194698092 0.000000000000 0.087155742748 2.0000
0.5543 0.0091 0.996194698092 0.022557566113 -0.084185982829 2.0000
0.5543 0.0091 0.996194698092 0.022557566113 0.084185982829 2.0000
0.5545 0.0091 0.996194698092 0.043577871374 -0.075479087305 2.0000
0.5544 0.0091 0.996194698092 0.043577871374 0.075479087305 2.0000
0.5546 0.0091 0.996194698092 0.061628416716 -0.061628416716 2.0000
0.5546 0.0091 0.996194698092 0.061628416716 0.061628416716 2.0000
0.5548 0.0091 0.996194698092 0.075479087305 -0.043577871374 2.0000
0.5549 0.0091 0.996194698092 0.075479087305 0.043577871374 2.0000
0.5550 0.0091 0.996194698092 0.084185982829 -0.022557566113 2.0000
0.5550 0.0091 0.996194698092 0.084185982829 0.022557566113 2.0000
0.5551 0.0091 0.996194698092 0.087155742748 0.000000000000 2.0000
0.5553 0.0091 1.000000000000 0.000000000000 0.000000000000 2.0000
