0.9435 -1.000000000000 0.000000000000 0.000000000000
0.9431 -0.996194698092 -0.087155742748 0.000000000000
0.9431 -0.996194698092 -0.084185982829 -0.022557566113
0.9431 -0.996194698092 -0.084185982829 0.022557566113
0.9430 -0.996194698092 -0.075479087305 -0.043577871374
0.9429 -0.996194698092 -0.075479087305 0.043577871374
0.9422 -0.996194698092 -0.061628416716 -0.061628416716
0.9422 -0.996194698092 -0.061628416716 0.061628416716
0.9423 -0.996194698092 -0.043577871374 -0.075479087305
0.9423 -0.996194698092 -0.043577871374 0.075479087305
0.9418 -0.996194698092 -0.022557566113 -0.084185982829
0.9417 -0.996194698092 -0.022557566113 0.084185982829
0.9417 -0.996194698092 0.000000000000 -0.087155742748
0.9418 -0.996194698092 0.000000000000 0.087155742748
0.9418 -0.996194698092 0.022557566113 -0.084185982829
0.9419 -0.996194698092 0.022557566113 0.084185982829
0.9422 -0.996194698092 0.043577871374 -0.075479087305
0.9424 -0.996194698092 0.043577871374 0.075479087305
0.9423 -0.996194698092 0.061628416716 -0.061628416716
0.9423 -0.996194698092 0.061628416716 0.061628416716
0.9429 -0.996194698092 0.075479087305 -0.043577871374
0.9430 -0.996194698092 0.075479087305 0.043577871374
0.9430 -0.996194698092 0.084185982829 -0.022557566113
0.9431 -0.996194698092 0.084185982829 0.022557566113
0.9431 -0.996194698092 0.087155742748 0.000000000000
0.9420 -0.984807753012 -0.173648177667 0.000000000000
0.9418 -0.984807753012 -0.167731259497 -0.044943455528
0.9417 -0.984807753012 -0.167731259497 0.044943455528
0.9414 -0.984807753012 -0.150383733180 -0.086824088833
0.9410 -0.984807753012 -0.150383733180 0.086824088833
0.9386 -0.984807753012 -0.122787803969 -0.122787803969
0.9384 -0.984807753012 -0.122787803969 0.122787803969
0.9390 -0.984807753012 -0.086824088833 -0.150383733180
0.9386 -0.984807753012 -0.086824088833 0.150383733180
0.9369 -0.984807753012 -0.044943455528 -0.167731259497
0.9365 -0.984807753012 -0.044943455528 0.167731259497
0.9365 -0.984807753012 0.000000000000 -0.173648177667
0.9366 -0.984807753012 0.000000014675 0.173648177667
0.9367 -0.984807753012 0.044943455528 -0.167731259497
0.9372 -0.984807753012 0.044943455528 0.167731259497
0.9384 -0.984807753012 0.086824088833 -0.150383733180
0.9390 -0.984807753012 0.086824088833 0.150383733180
0.9386 -0.984807753012 0.122787803969 -0.122787803969
0.9387 -0.984807753012 0.122787803969 0.122787803969
0.9411 -0.984807753012 0.150383733180 -0.086824088833
0.9414 -0.984807753012 0.150383733180 0.086824088833
0.9417 -0.984807753012 0.167731259497 -0.044943455528
0.9418 -0.984807753012 0.167731259497 0.044943455528
0.9420 -0.984807753012 0.173648177667 0.000000000000
0.9402 -0.965925826289 -0.258819045103 0.000000000000
0.9397 -0.965925826289 -0.250000000000 -0.066987298108
0.9396 -0.965925826289 -0.250000000000 0.066987298108
0.9389 -0.965925826289 -0.224143868042 -0.129409522551
0.9381 -0.965925826289 -0.224143868042 0.129409522551
0.9326 -0.965925826289 -0.183012701892 -0.183012701892
0.9323 -0.965925826289 -0.183012701892 0.183012701892
0.9335 -0.965925826289 -0.129409522551 -0.224143868042
0.9325 -0.965925826289 -0.129409522551 0.224143868042
0.9290 -0.965925826289 -0.066987298108 -0.250000000000
0.9281 -0.965925826289 -0.066987298108 0.250000000000
0.9280 -0.965925826289 0.000000000000 -0.258819045103
0.9282 -0.965925826289 0.000000014393 0.258819045103
0.9282 -0.965925826289 0.066987298108 -0.250000000000
0.9294 -0.965925826289 0.066987298108 0.250000000000
0.9322 -0.965925826289 0.129409522551 -0.224143868042
0.9336 -0.965925826289 0.129409522551 0.224143868042
0.9326 -0.965925826289 0.183012701892 -0.183012701892
0.9328 -0.965925826289 0.183012701892 0.183012701892
0.9381 -0.965925826289 0.224143868042 -0.129409522551
0.9389 -0.965925826289 0.224143868042 0.129409522551
0.9395 -0.965925826289 0.250000000000 -0.066987298108
0.9398 -0.965925826289 0.250000000000 0.066987298108
0.9402 -0.965925826289 0.258819045103 0.000000000000
0.9378 -0.939692620786 -0.342020143326 0.000000000000
0.9369 -0.939692620786 -0.330366089549 -0.088521326901
0.9366 -0.939692620786 -0.330366089549 0.088521326901
0.9354 -0.939692620786 -0.296198132726 -0.171010071663
0.9340 -0.939692620786 -0.296198132726 0.171010071663
0.9246 -0.939692620786 -0.241844762648 -0.241844762648
0.9241 -0.939692620786 -0.241844762648 0.241844762648
0.9260 -0.939692620786 -0.171010071663 -0.296198132726
0.9242 -0.939692620786 -0.171010071663 0.296198132726
0.9183 -0.939692620786 -0.088521326901 -0.330366089549
0.9166 -0.939692620786 -0.088521326901 0.330366089549
0.9165 -0.939692620786 0.000000000000 -0.342020143326
0.9168 -0.939692620786 0.000000000000 0.342020143326
0.9168 -0.939692620786 0.088521326901 -0.330366089549
0.9187 -0.939692620786 0.088521326901 0.330366089549
0.9239 -0.939692620786 0.171010071663 -0.296198132726
0.9262 -0.939692620786 0.171010071663 0.296198132726
0.9244 -0.939692620786 0.241844762648 -0.241844762648
0.9248 -0.939692620786 0.241844762648 0.241844762648
0.9341 -0.939692620786 0.296198132726 -0.171010071663
0.9354 -0.939692620786 0.296198132726 0.171010071663
0.9365 -0.939692620786 0.330366089549 -0.088521326901
0.9370 -0.939692620786 0.330366089549 0.088521326901
0.9377 -0.939692620786 0.342020143326 0.000000000000
0.9348 -0.906307787037 -0.422618261741 0.000000000000
0.9335 -0.906307787037 -0.408217893677 -0.109381654947
0.9330 -0.906307787037 -0.408217893677 0.109381654947
0.9312 -0.906307787037 -0.365998150771 -0.211309130870
0.9290 -0.906307787037 -0.365998150771 0.211309130870
0.9146 -0.906307787037 -0.298836238730 -0.298836238730
0.9139 -0.906307787037 -0.298836238730 0.298836238730
0.9168 -0.906307787037 -0.211309130870 -0.365998150771
0.9140 -0.906307787037 -0.211309130870 0.365998150771
0.9051 -0.906307787037 -0.109381654947 -0.408217893677
0.9025 -0.906307787037 -0.109381654947 0.408217893677
0.9026 -0.906307787037 0.000000000000 0.422618261741
0.9023 -0.906307787037 0.000000013505 -0.422618261741
0.9027 -0.906307787037 0.109381654947 -0.408217893677
0.9056 -0.906307787037 0.109381654947 0.408217893677
0.9136 -0.906307787037 0.211309130870 -0.365998150771
0.9170 -0.906307787037 0.211309130870 0.365998150771
0.9143 -0.906307787037 0.298836238730 -0.298836238730
0.9150 -0.906307787037 0.298836238730 0.298836238730
0.9291 -0.906307787037 0.365998150771 -0.211309130870
0.9311 -0.906307787037 0.365998150771 0.211309130870
0.9329 -0.906307787037 0.408217893677 -0.109381654947
0.9336 -0.906307787037 0.408217893677 0.109381654947
0.9347 -0.906307787037 0.422618261741 0.000000000000
0.9313 -0.866025403784 -0.500000000000 0.000000000000
0.9295 -0.866025403784 -0.482962913145 -0.129409522551
0.9288 -0.866025403784 -0.482962913145 0.129409522551
0.9263 -0.866025403784 -0.433012701892 -0.250000000000
0.9232 -0.866025403784 -0.433012701892 0.250000000000
0.9031 -0.866025403784 -0.353553390593 -0.353553390593
0.9021 -0.866025403784 -0.353553390593 0.353553390593
0.9062 -0.866025403784 -0.250000000000 -0.433012701892
0.9022 -0.866025403784 -0.250000000000 0.433012701892
0.8898 -0.866025403784 -0.129409522551 -0.482962913145
0.8861 -0.866025403784 -0.129409522551 0.482962913145
0.8859 -0.866025403784 0.000000000000 -0.500000000000
0.8863 -0.866025403784 0.000000000000 0.500000000000
0.8864 -0.866025403784 0.129409522551 -0.482962913145
0.8904 -0.866025403784 0.129409522551 0.482962913145
0.9017 -0.866025403784 0.250000000000 -0.433012701892
0.9064 -0.866025403784 0.250000000000 0.433012701892
0.9026 -0.866025403784 0.353553390593 -0.353553390593
0.9035 -0.866025403784 0.353553390593 0.353553390593
0.9233 -0.866025403784 0.433012701892 -0.250000000000
0.9262 -0.866025403784 0.433012701892 0.250000000000
0.9286 -0.866025403784 0.482962913145 -0.129409522551
0.9297 -0.866025403784 0.482962913145 0.129409522551
0.9312 -0.866025403784 0.500000000000 0.000000000000
0.9274 -0.819152044289 -0.573576436351 0.000000000000
0.9251 -0.819152044289 -0.554032293222 -0.148452505550
0.9241 -0.819152044289 -0.554032293222 0.148452505550
0.9208 -0.819152044289 -0.496731764892 -0.286788218176
0.9168 -0.819152044289 -0.496731764892 0.286788218176
0.8904 -0.819152044289 -0.405579787673 -0.405579787673
0.8891 -0.819152044289 -0.405579787673 0.405579787673
0.8944 -0.819152044289 -0.286788218176 -0.496731764892
0.8891 -0.819152044289 -0.286788218176 0.496731764892
0.8729 -0.819152044289 -0.148452505550 -0.554032293222
0.8680 -0.819152044289 -0.148452505550 0.554032293222
0.8677 -0.819152044289 0.000000000000 -0.573576436351
0.8681 -0.819152044289 0.000000000000 0.573576436351
0.8683 -0.819152044289 0.148452505550 -0.554032293222
0.8736 -0.819152044289 0.148452505550 0.554032293222
0.8886 -0.819152044289 0.286788218176 -0.496731764892
0.8946 -0.819152044289 0.286788218176 0.496731764892
0.8896 -0.819152044289 0.405579787673 -0.405579787673
0.8908 -0.819152044289 0.405579787673 0.405579787673
0.9169 -0.819152044289 0.496731764892 -0.286788218176
0.9207 -0.819152044289 0.496731764892 0.286788218176
0.9240 -0.819152044289 0.554032293222 -0.148452505550
0.9253 -0.819152044289 0.554032293222 0.148452505550
0.9273 -0.819152044289 0.573576436351 0.000000000000
0.9233 -0.766044443119 -0.642787609687 0.000000000000
0.9204 -0.766044443119 -0.620885153015 -0.166365675343
0.9192 -0.766044443119 -0.620885153015 0.166365675343
0.9150 -0.766044443119 -0.556670399226 -0.321393804843
0.9100 -0.766044443119 -0.556670399226 0.321393804843
0.8769 -0.766044443119 -0.454519477672 -0.454519477672
0.8753 -0.766044443119 -0.454519477672 0.454519477672
0.8819 -0.766044443119 -0.321393804843 -0.556670399226
0.8751 -0.766044443119 -0.321393804843 0.556670399226
0.8549 -0.766044443119 -0.166365675343 -0.620885153015
0.8488 -0.766044443119 -0.166365675343 0.620885153015
0.8484 -0.766044443119 0.000000000000 -0.642787609687
0.8488 -0.766044443119 0.000000011415 0.642787609687
0.8491 -0.766044443119 0.166365675343 -0.620885153015
0.8556 -0.766044443119 0.166365675343 0.620885153015
0.8746 -0.766044443119 0.321393804843 -0.556670399226
0.8821 -0.766044443119 0.321393804843 0.556670399226
0.8758 -0.766044443119 0.454519477672 -0.454519477672
0.8773 -0.766044443119 0.454519477672 0.454519477672
0.9101 -0.766044443119 0.556670399226 -0.321393804843
0.9149 -0.766044443119 0.556670399226 0.321393804843
0.9190 -0.766044443119 0.620885153015 -0.166365675343
0.9206 -0.766044443119 0.620885153015 0.166365675343
0.9232 -0.766044443119 0.642787609687 0.000000000000
0.9190 -0.707106781187 -0.707106781187 0.000000000000
0.9156 -0.707106781187 -0.683012701892 -0.183012701892
0.9140 -0.707106781187 -0.683012701892 0.183012701892
0.9090 -0.707106781187 -0.612372435696 -0.353553390593
0.9030 -0.707106781187 -0.612372435696 0.353553390593
0.8629 -0.707106781187 -0.500000000000 -0.500000000000
0.8610 -0.707106781187 -0.500000000000 0.500000000000
0.8689 -0.707106781187 -0.353553390593 -0.612372435696
0.8607 -0.707106781187 -0.353553390593 0.612372435696
0.8364 -0.707106781187 -0.183012701892 -0.683012701892
0.8289 -0.707106781187 -0.183012701892 0.683012701892
0.8284 -0.707106781187 0.000000000000 -0.707106781187
0.8288 -0.707106781187 0.000000000000 0.707106781187
0.8292 -0.707106781187 0.183012701892 -0.683012701892
0.8370 -0.707106781187 0.183012701892 0.683012701892
0.8602 -0.707106781187 0.353553390593 -0.612372435696
0.8692 -0.707106781187 0.353553390593 0.612372435696
0.8615 -0.707106781187 0.500000000000 -0.500000000000
0.8634 -0.707106781187 0.500000000000 0.500000000000
0.9031 -0.707106781187 0.612372435696 -0.353553390593
0.9089 -0.707106781187 0.612372435696 0.353553390593
0.9138 -0.707106781187 0.683012701892 -0.183012701892
0.9157 -0.707106781187 0.683012701892 0.183012701892
0.9189 -0.707106781187 0.707106781187 0.000000000000
0.9147 -0.642787609687 -0.766044443119 0.000000000000
0.9108 -0.642787609687 -0.739942111694 -0.198266891274
0.9089 -0.642787609687 -0.739942111694 0.198266891274
0.9030 -0.642787609687 -0.663413948169 -0.383022221559
0.8960 -0.642787609687 -0.663413948169 0.383022221559
0.8490 -0.642787609687 -0.541675220420 -0.541675220420
0.8467 -0.642787609687 -0.541675220420 0.541675220420
0.8560 -0.642787609687 -0.383022221559 -0.663413948169
0.8463 -0.642787609687 -0.383022221559 0.663413948169
0.8178 -0.642787609687 -0.198266891274 -0.739942111694
0.8090 -0.642787609687 -0.198266891274 0.739942111694
0.8089 -0.642787609687 0.000000000000 0.766044443119
0.8085 -0.642787609687 0.000000009578 -0.766044443119
0.8093 -0.642787609687 0.198266891274 -0.739942111694
0.8185 -0.642787609687 0.198266891274 0.739942111694
0.8457 -0.642787609687 0.383022221559 -0.663413948169
0.8562 -0.642787609687 0.383022221559 0.663413948169
0.8472 -0.642787609687 0.541675220420 -0.541675220420
0.8494 -0.642787609687 0.541675220420 0.541675220420
0.8960 -0.642787609687 0.663413948169 -0.383022221559
0.9029 -0.642787609687 0.663413948169 0.383022221559
0.9087 -0.642787609687 0.739942111694 -0.198266891274
0.9109 -0.642787609687 0.739942111694 0.198266891274
0.9147 -0.642787609687 0.766044443119 0.000000000000
0.9106 -0.573576436351 -0.819152044289 0.000000000000
0.9061 -0.573576436351 -0.791240115236 -0.212012149897
0.9039 -0.573576436351 -0.791240115236 0.212012149897
0.8972 -0.573576436351 -0.709406479916 -0.409576022144
0.8891 -0.573576436351 -0.709406479916 0.409576022144
0.8355 -0.573576436351 -0.579227965340 -0.579227965340
0.8328 -0.573576436351 -0.579227965340 0.579227965340
0.8435 -0.573576436351 -0.409576022144 -0.709406479916
0.8323 -0.573576436351 -0.409576022144 0.709406479916
0.7998 -0.573576436351 -0.212012149897 -0.791240115236
0.7897 -0.573576436351 -0.212012149897 0.791240115236
0.7891 -0.573576436351 0.000000000000 -0.819152044289
0.7895 -0.573576436351 0.000000000000 0.819152044289
0.7900 -0.573576436351 0.212012149897 -0.791240115236
0.8005 -0.573576436351 0.212012149897 0.791240115236
0.8318 -0.573576436351 0.409576022144 -0.709406479916
0.8437 -0.573576436351 0.409576022144 0.709406479916
0.8334 -0.573576436351 0.579227965340 -0.579227965340
0.8359 -0.573576436351 0.579227965340 0.579227965340
0.8892 -0.573576436351 0.709406479916 -0.409576022144
0.8971 -0.573576436351 0.709406479916 0.409576022144
0.9037 -0.573576436351 0.791240115236 -0.212012149897
0.9062 -0.573576436351 0.791240115236 0.212012149897
0.9106 -0.573576436351 0.819152044289 0.000000000000
0.9067 -0.500000000000 -0.866025403784 0.000000000000
0.9017 -0.500000000000 -0.836516303738 -0.224143868042
0.8992 -0.500000000000 -0.836516303738 0.224143868042
0.8917 -0.500000000000 -0.750000000000 -0.433012701892
0.8827 -0.500000000000 -0.750000000000 0.433012701892
0.8228 -0.500000000000 -0.612372435696 -0.612372435696
0.8199 -0.500000000000 -0.612372435696 0.612372435696
0.8317 -0.500000000000 -0.433012701892 -0.750000000000
0.8191 -0.500000000000 -0.433012701892 0.750000000000
0.7830 -0.500000000000 -0.224143868042 -0.836516303738
0.7717 -0.500000000000 -0.224143868042 0.836516303738
0.7710 -0.500000000000 0.000000000000 -0.866025403784
0.7714 -0.500000000000 0.000000000000 0.866025403784
0.7720 -0.500000000000 0.224143868042 -0.836516303738
0.7836 -0.500000000000 0.224143868042 0.836516303738
0.8187 -0.500000000000 0.433012701892 -0.750000000000
0.8319 -0.500000000000 0.433012701892 0.750000000000
0.8203 -0.500000000000 0.612372435696 -0.612372435696
0.8232 -0.500000000000 0.612372435696 0.612372435696
0.8828 -0.500000000000 0.750000000000 -0.433012701892
0.8917 -0.500000000000 0.750000000000 0.433012701892
0.8991 -0.500000000000 0.836516303738 -0.224143868042
0.9018 -0.500000000000 0.836516303738 0.224143868042
0.9067 -0.500000000000 0.866025403784 0.000000000000
0.9032 -0.422618261741 -0.906307787037 0.000000000000
0.8977 -0.422618261741 -0.875426098066 -0.234569716010
0.8950 -0.422618261741 -0.875426098066 0.234569716010
0.8868 -0.422618261741 -0.784885567221 -0.453153893518
0.8770 -0.422618261741 -0.784885567221 0.453153893518
0.8114 -0.422618261741 -0.640856382056 -0.640856382056
0.8081 -0.422618261741 -0.640856382056 0.640856382056
0.8211 -0.422618261741 -0.453153893518 -0.784885567221
0.8072 -0.422618261741 -0.453153893518 0.784885567221
0.7678 -0.422618261741 -0.234569716010 -0.875426098066
0.7553 -0.422618261741 -0.234569716010 0.875426098066
0.7546 -0.422618261741 -0.000000000000 -0.906307787037
0.7550 -0.422618261741 0.000000006298 0.906307787037
0.7556 -0.422618261741 0.234569716010 -0.875426098066
0.7683 -0.422618261741 0.234569716010 0.875426098066
0.8068 -0.422618261741 0.453153893518 -0.784885567221
0.8213 -0.422618261741 0.453153893518 0.784885567221
0.8086 -0.422618261741 0.640856382056 -0.640856382056
0.8117 -0.422618261741 0.640856382056 0.640856382056
0.8770 -0.422618261741 0.784885567221 -0.453153893518
0.8867 -0.422618261741 0.784885567221 0.453153893518
0.8949 -0.422618261741 0.875426098066 -0.234569716010
0.8978 -0.422618261741 0.875426098066 0.234569716010
0.9032 -0.422618261741 0.906307787037 0.000000000000
0.9002 -0.342020143326 -0.939692620786 0.000000000000
0.8943 -0.342020143326 -0.907673371190 -0.243210346802
0.8913 -0.342020143326 -0.907673371190 0.243210346802
0.8825 -0.342020143326 -0.813797681349 -0.469846310393
0.8720 -0.342020143326 -0.813797681349 0.469846310393
0.8015 -0.342020143326 -0.664463024389 -0.664463024389
0.7980 -0.342020143326 -0.664463024389 0.664463024389
0.8120 -0.342020143326 -0.469846310393 -0.813797681349
0.7970 -0.342020143326 -0.469846310393 0.813797681349
0.7547 -0.342020143326 -0.243210346802 -0.907673371190
0.7413 -0.342020143326 -0.243210346802 0.907673371190
0.7405 -0.342020143326 -0.000000007208 -0.939692620786
0.7408 -0.342020143326 0.000000000000 0.939692620786
0.7415 -0.342020143326 0.243210346802 -0.907673371190
0.7551 -0.342020143326 0.243210346802 0.907673371190
0.7966 -0.342020143326 0.469846310393 -0.813797681349
0.8121 -0.342020143326 0.469846310393 0.813797681349
0.7984 -0.342020143326 0.664463024389 -0.664463024389
0.8018 -0.342020143326 0.664463024389 0.664463024389
0.8720 -0.342020143326 0.813797681349 -0.469846310393
0.8825 -0.342020143326 0.813797681349 0.469846310393
0.8912 -0.342020143326 0.907673371190 -0.243210346802
0.8944 -0.342020143326 0.907673371190 0.243210346802
0.9002 -0.342020143326 0.939692620786 0.000000000000
0.8978 -0.258819045103 -0.965925826289 0.000000000000
0.8915 -0.258819045103 -0.933012701892 -0.250000000000
0.8884 -0.258819045103 -0.933012701892 0.250000000000
0.8791 -0.258819045103 -0.836516303738 -0.482962913145
0.8679 -0.258819045103 -0.836516303738 0.482962913145
0.7935 -0.258819045103 -0.683012701892 -0.683012701892
0.7899 -0.258819045103 -0.683012701892 0.683012701892
0.8045 -0.258819045103 -0.482962913145 -0.836516303738
0.7886 -0.258819045103 -0.482962913145 0.836516303738
0.7440 -0.258819045103 -0.250000000000 -0.933012701892
0.7298 -0.258819045103 -0.250000000000 0.933012701892
0.7290 -0.258819045103 -0.000000003857 -0.965925826289
0.7293 -0.258819045103 0.000000000000 0.965925826289
0.7300 -0.258819045103 0.250000000000 -0.933012701892
0.7444 -0.258819045103 0.250000000000 0.933012701892
0.7883 -0.258819045103 0.482962913145 -0.836516303738
0.8047 -0.258819045103 0.482962913145 0.836516303738
0.7901 -0.258819045103 0.683012701892 -0.683012701892
0.7937 -0.258819045103 0.683012701892 0.683012701892
0.8680 -0.258819045103 0.836516303738 -0.482962913145
0.8790 -0.258819045103 0.836516303738 0.482962913145
0.8883 -0.258819045103 0.933012701892 -0.250000000000
0.8916 -0.258819045103 0.933012701892 0.250000000000
0.8977 -0.258819045103 0.965925826289 0.000000000000
0.8959 -0.173648177667 -0.984807753012 0.000000000000
0.8895 -0.173648177667 -0.951251242564 -0.254887002244
0.8862 -0.173648177667 -0.951251242564 0.254887002244
0.8765 -0.173648177667 -0.852868531952 -0.492403876506
0.8650 -0.173648177667 -0.852868531952 0.492403876506
0.7876 -0.173648177667 -0.696364240320 -0.696364240320
0.7838 -0.173648177667 -0.696364240320 0.696364240320
0.7991 -0.173648177667 -0.492403876506 -0.852868531952
0.7824 -0.173648177667 -0.492403876506 0.852868531952
0.7362 -0.173648177667 -0.254887002244 -0.951251242564
0.7214 -0.173648177667 -0.254887002244 0.951251242564
0.7206 -0.173648177667 -0.000000000000 -0.984807753012
0.7208 -0.173648177667 0.000000000000 0.984807753012
0.7215 -0.173648177667 0.254887002244 -0.951251242564
0.7365 -0.173648177667 0.254887002244 0.951251242564
0.7823 -0.173648177667 0.492403876506 -0.852868531952
0.7992 -0.173648177667 0.492403876506 0.852868531952
0.7840 -0.173648177667 0.696364240320 -0.696364240320
0.7877 -0.173648177667 0.696364240320 0.696364240320
0.8650 -0.173648177667 0.852868531952 -0.492403876506
0.8765 -0.173648177667 0.852868531952 0.492403876506
0.8861 -0.173648177667 0.951251242564 -0.254887002244
0.8895 -0.173648177667 0.951251242564 0.254887002244
0.8959 -0.173648177667 0.984807753012 0.000000000000
0.8948 -0.087155742748 -0.996194698092 0.000000000000
0.8883 -0.087155742748 -0.962250186899 -0.257834160496
0.8848 -0.087155742748 -0.962250186899 0.257834160496
0.8749 -0.087155742748 -0.862729915663 -0.498097349046
0.8631 -0.087155742748 -0.862729915663 0.498097349046
0.7840 -0.087155742748 -0.704416026403 -0.704416026403
0.7802 -0.087155742748 -0.704416026403 0.704416026403
0.7957 -0.087155742748 -0.498097349046 -0.862729915663
0.7787 -0.087155742748 -0.498097349046 0.862729915663
0.7315 -0.087155742748 -0.257834160496 -0.962250186899
0.7163 -0.087155742748 -0.257834160496 0.962250186899
0.7155 -0.087155742748 -0.000000000000 -0.996194698092
0.7155 -0.087155742748 0.000000000000 0.996194698092
0.7164 -0.087155742748 0.257834160496 -0.962250186899
0.7316 -0.087155742748 0.257834160496 0.962250186899
0.7786 -0.087155742748 0.498097349046 -0.862729915663
0.7958 -0.087155742748 0.498097349046 0.862729915663
0.7803 -0.087155742748 0.704416026403 -0.704416026403
0.7841 -0.087155742748 0.704416026403 0.704416026403
0.8632 -0.087155742748 0.862729915663 -0.498097349046
0.8749 -0.087155742748 0.862729915663 0.498097349046
0.8848 -0.087155742748 0.962250186899 -0.257834160496
0.8883 -0.087155742748 0.962250186899 0.257834160496
0.8948 -0.087155742748 0.996194698092 0.000000000000
0.8945 0.000000000000 -1.000000000000 0.000000000000
0.8878 0.000000000000 -0.965925826289 -0.258819045103
0.8844 0.000000000000 -0.965925826289 0.258819045103
0.8744 0.000000000000 -0.866025403784 -0.500000000000
0.8625 0.000000000000 -0.866025403784 0.500000000000
0.7828 0.000000000000 -0.707106781187 -0.707106781187
0.7790 0.000000000000 -0.707106781187 0.707106781187
0.7946 0.000000000000 -0.500000000000 -0.866025403784
0.7773 0.000000000000 -0.500000000000 0.866025403784
0.7299 0.000000000000 -0.258819045103 -0.965925826289
0.7146 0.000000000000 -0.258819045103 0.965925826289
0.7138 0.000000000000 0.000000000000 -1.000000000000
0.7138 0.000000000000 0.000000000000 1.000000000000
0.7146 0.000000000000 0.258819045103 -0.965925826289
0.7299 0.000000000000 0.258819045103 0.965925826289
0.7773 0.000000000000 0.500000000000 -0.866025403784
0.7946 0.000000000000 0.500000000000 0.866025403784
0.7790 0.000000000000 0.707106781187 -0.707106781187
0.7828 0.000000000000 0.707106781187 0.707106781187
0.8625 0.000000000000 0.866025403784 -0.500000000000
0.8744 0.000000000000 0.866025403784 0.500000000000
0.8844 0.000000000000 0.965925826289 -0.258819045103
0.8878 0.000000000000 0.965925826289 0.258819045103
0.8945 0.000000000000 1.000000000000 0.000000000000
0.8948 0.087155742748 -0.996194698092 0.000000000000
0.8883 0.087155742748 -0.962250186899 -0.257834160496
0.8848 0.087155742748 -0.962250186899 0.257834160496
0.8749 0.087155742748 -0.862729915663 -0.498097349046
0.8632 0.087155742748 -0.862729915663 0.498097349046
0.7841 0.087155742748 -0.704416026403 -0.704416026403
0.7803 0.087155742748 -0.704416026403 0.704416026403
0.7958 0.087155742748 -0.498097349046 -0.862729915663
0.7786 0.087155742748 -0.498097349046 0.862729915663
0.7316 0.087155742748 -0.257834160496 -0.962250186899
0.7164 0.087155742748 -0.257834160496 0.962250186899
0.7155 0.087155742748 0.000000000000 -0.996194698092
0.7155 0.087155742748 0.000000000000 0.996194698092
0.7163 0.087155742748 0.257834160496 -0.962250186899
0.7315 0.087155742748 0.257834160496 0.962250186899
0.7787 0.087155742748 0.498097349046 -0.862729915663
0.7957 0.087155742748 0.498097349046 0.862729915663
0.7802 0.087155742748 0.704416026403 -0.704416026403
0.7840 0.087155742748 0.704416026403 0.704416026403
0.8631 0.087155742748 0.862729915663 -0.498097349046
0.8749 0.087155742748 0.862729915663 0.498097349046
0.8848 0.087155742748 0.962250186899 -0.257834160496
0.8883 0.087155742748 0.962250186899 0.257834160496
0.8948 0.087155742748 0.996194698092 0.000000000000
0.8959 0.173648177667 -0.984807753012 0.000000000000
0.8895 0.173648177667 -0.951251242564 -0.254887002244
0.8861 0.173648177667 -0.951251242564 0.254887002244
0.8765 0.173648177667 -0.852868531952 -0.492403876506
0.8650 0.173648177667 -0.852868531952 0.492403876506
0.7877 0.173648177667 -0.696364240320 -0.696364240320
0.7840 0.173648177667 -0.696364240320 0.696364240320
0.7992 0.173648177667 -0.492403876506 -0.852868531952
0.7823 0.173648177667 -0.492403876506 0.852868531952
0.7365 0.173648177667 -0.254887002244 -0.951251242564
0.7215 0.173648177667 -0.254887002244 0.951251242564
0.7208 0.173648177667 0.000000000000 -0.984807753012
0.7206 0.173648177667 0.000000000000 0.984807753012
0.7214 0.173648177667 0.254887002244 -0.951251242564
0.7362 0.173648177667 0.254887002244 0.951251242564
0.7824 0.173648177667 0.492403876506 -0.852868531952
0.7991 0.173648177667 0.492403876506 0.852868531952
0.7838 0.173648177667 0.696364240320 -0.696364240320
0.7876 0.173648177667 0.696364240320 0.696364240320
0.8650 0.173648177667 0.852868531952 -0.492403876506
0.8765 0.173648177667 0.852868531952 0.492403876506
0.8862 0.173648177667 0.951251242564 -0.254887002244
0.8895 0.173648177667 0.951251242564 0.254887002244
0.8959 0.173648177667 0.984807753012 0.000000000000
0.8977 0.258819045103 -0.965925826289 0.000000000000
0.8916 0.258819045103 -0.933012701892 -0.250000000000
0.8883 0.258819045103 -0.933012701892 0.250000000000
0.8790 0.258819045103 -0.836516303738 -0.482962913145
0.8680 0.258819045103 -0.836516303738 0.482962913145
0.7937 0.258819045103 -0.683012701892 -0.683012701892
0.7901 0.258819045103 -0.683012701892 0.683012701892
0.8047 0.258819045103 -0.482962913145 -0.836516303738
0.7883 0.258819045103 -0.482962913145 0.836516303738
0.7444 0.258819045103 -0.250000000000 -0.933012701892
0.7300 0.258819045103 -0.250000000000 0.933012701892
0.7293 0.258819045103 0.000000000000 -0.965925826289
0.7290 0.258819045103 0.000000003857 0.965925826289
0.7298 0.258819045103 0.250000000000 -0.933012701892
0.7440 0.258819045103 0.250000000000 0.933012701892
0.7886 0.258819045103 0.482962913145 -0.836516303738
0.8045 0.258819045103 0.482962913145 0.836516303738
0.7899 0.258819045103 0.683012701892 -0.683012701892
0.7935 0.258819045103 0.683012701892 0.683012701892
0.8679 0.258819045103 0.836516303738 -0.482962913145
0.8791 0.258819045103 0.836516303738 0.482962913145
0.8884 0.258819045103 0.933012701892 -0.250000000000
0.8915 0.258819045103 0.933012701892 0.250000000000
0.8978 0.258819045103 0.965925826289 0.000000000000
0.9002 0.342020143326 -0.939692620786 0.000000000000
0.8944 0.342020143326 -0.907673371190 -0.243210346802
0.8912 0.342020143326 -0.907673371190 0.243210346802
0.8825 0.342020143326 -0.813797681349 -0.469846310393
0.8720 0.342020143326 -0.813797681349 0.469846310393
0.8018 0.342020143326 -0.664463024389 -0.664463024389
0.7984 0.342020143326 -0.664463024389 0.664463024389
0.8121 0.342020143326 -0.469846310393 -0.813797681349
0.7966 0.342020143326 -0.469846310393 0.813797681349
0.7551 0.342020143326 -0.243210346802 -0.907673371190
0.7415 0.342020143326 -0.243210346802 0.907673371190
0.7408 0.342020143326 0.000000000000 -0.939692620786
0.7405 0.342020143326 0.000000007208 0.939692620786
0.7413 0.342020143326 0.243210346802 -0.907673371190
0.7547 0.342020143326 0.243210346802 0.907673371190
0.7970 0.342020143326 0.469846310393 -0.813797681349
0.8120 0.342020143326 0.469846310393 0.813797681349
0.7980 0.342020143326 0.664463024389 -0.664463024389
0.8015 0.342020143326 0.664463024389 0.664463024389
0.8720 0.342020143326 0.813797681349 -0.469846310393
0.8825 0.342020143326 0.813797681349 0.469846310393
0.8913 0.342020143326 0.907673371190 -0.243210346802
0.8943 0.342020143326 0.907673371190 0.243210346802
0.9002 0.342020143326 0.939692620786 0.000000000000
0.9032 0.422618261741 -0.906307787037 0.000000000000
0.8978 0.422618261741 -0.875426098066 -0.234569716010
0.8949 0.422618261741 -0.875426098066 0.234569716010
0.8867 0.422618261741 -0.784885567221 -0.453153893518
0.8770 0.422618261741 -0.784885567221 0.453153893518
0.8117 0.422618261741 -0.640856382056 -0.640856382056
0.8086 0.422618261741 -0.640856382056 0.640856382056
0.8213 0.422618261741 -0.453153893518 -0.784885567221
0.8068 0.422618261741 -0.453153893518 0.784885567221
0.7683 0.422618261741 -0.234569716010 -0.875426098066
0.7556 0.422618261741 -0.234569716010 0.875426098066
0.7550 0.422618261741 -0.000000006298 -0.906307787037
0.7546 0.422618261741 0.000000000000 0.906307787037
0.7553 0.422618261741 0.234569716010 -0.875426098066
0.7678 0.422618261741 0.234569716010 0.875426098066
0.8072 0.422618261741 0.453153893518 -0.784885567221
0.8211 0.422618261741 0.453153893518 0.784885567221
0.8081 0.422618261741 0.640856382056 -0.640856382056
0.8114 0.422618261741 0.640856382056 0.640856382056
0.8770 0.422618261741 0.784885567221 -0.453153893518
0.8868 0.422618261741 0.784885567221 0.453153893518
0.8950 0.422618261741 0.875426098066 -0.234569716010
0.8977 0.422618261741 0.875426098066 0.234569716010
0.9032 0.422618261741 0.906307787037 0.000000000000
0.9067 0.500000000000 -0.866025403784 0.000000000000
0.9018 0.500000000000 -0.836516303738 -0.224143868042
0.8991 0.500000000000 -0.836516303738 0.224143868042
0.8917 0.500000000000 -0.750000000000 -0.433012701892
0.8828 0.500000000000 -0.750000000000 0.433012701892
0.8232 0.500000000000 -0.612372435696 -0.612372435696
0.8203 0.500000000000 -0.612372435696 0.612372435696
0.8319 0.500000000000 -0.433012701892 -0.750000000000
0.8187 0.500000000000 -0.433012701892 0.750000000000
0.7836 0.500000000000 -0.224143868042 -0.836516303738
0.7720 0.500000000000 -0.224143868042 0.836516303738
0.7714 0.500000000000 0.000000000000 -0.866025403784
0.7710 0.500000000000 0.000000000000 0.866025403784
0.7717 0.500000000000 0.224143868042 -0.836516303738
0.7830 0.500000000000 0.224143868042 0.836516303738
0.8191 0.500000000000 0.433012701892 -0.750000000000
0.8317 0.500000000000 0.433012701892 0.750000000000
0.8199 0.500000000000 0.612372435696 -0.612372435696
0.8228 0.500000000000 0.612372435696 0.612372435696
0.8827 0.500000000000 0.750000000000 -0.433012701892
0.8917 0.500000000000 0.750000000000 0.433012701892
0.8992 0.500000000000 0.836516303738 -0.224143868042
0.9017 0.500000000000 0.836516303738 0.224143868042
0.9067 0.500000000000 0.866025403784 0.000000000000
0.9106 0.573576436351 -0.819152044289 0.000000000000
0.9062 0.573576436351 -0.791240115236 -0.212012149897
0.9037 0.573576436351 -0.791240115236 0.212012149897
0.8971 0.573576436351 -0.709406479916 -0.409576022144
0.8892 0.573576436351 -0.709406479916 0.409576022144
0.8359 0.573576436351 -0.579227965340 -0.579227965340
0.8334 0.573576436351 -0.579227965340 0.579227965340
0.8437 0.573576436351 -0.409576022144 -0.709406479916
0.8318 0.573576436351 -0.409576022144 0.709406479916
0.8005 0.573576436351 -0.212012149897 -0.791240115236
0.7900 0.573576436351 -0.212012149897 0.791240115236
0.7895 0.573576436351 0.000000000000 -0.819152044289
0.7891 0.573576436351 0.000000000000 0.819152044289
0.7897 0.573576436351 0.212012149897 -0.791240115236
0.7998 0.573576436351 0.212012149897 0.791240115236
0.8323 0.573576436351 0.409576022144 -0.709406479916
0.8435 0.573576436351 0.409576022144 0.709406479916
0.8328 0.573576436351 0.579227965340 -0.579227965340
0.8355 0.573576436351 0.579227965340 0.579227965340
0.8891 0.573576436351 0.709406479916 -0.409576022144
0.8972 0.573576436351 0.709406479916 0.409576022144
0.9039 0.573576436351 0.791240115236 -0.212012149897
0.9061 0.573576436351 0.791240115236 0.212012149897
0.9106 0.573576436351 0.819152044289 0.000000000000
0.9147 0.642787609687 -0.766044443119 0.000000000000
0.9109 0.642787609687 -0.739942111694 -0.198266891274
0.9087 0.642787609687 -0.739942111694 0.198266891274
0.9029 0.642787609687 -0.663413948169 -0.383022221559
0.8960 0.642787609687 -0.663413948169 0.383022221559
0.8494 0.642787609687 -0.541675220420 -0.541675220420
0.8472 0.642787609687 -0.541675220420 0.541675220420
0.8562 0.642787609687 -0.383022221559 -0.663413948169
0.8457 0.642787609687 -0.383022221559 0.663413948169
0.8185 0.642787609687 -0.198266891274 -0.739942111694
0.8093 0.642787609687 -0.198266891274 0.739942111694
0.8085 0.642787609687 -0.000000009578 0.766044443119
0.8089 0.642787609687 0.000000000000 -0.766044443119
0.8090 0.642787609687 0.198266891274 -0.739942111694
0.8178 0.642787609687 0.198266891274 0.739942111694
0.8463 0.642787609687 0.383022221559 -0.663413948169
0.8560 0.642787609687 0.383022221559 0.663413948169
0.8467 0.642787609687 0.541675220420 -0.541675220420
0.8490 0.642787609687 0.541675220420 0.541675220420
0.8960 0.642787609687 0.663413948169 -0.383022221559
0.9030 0.642787609687 0.663413948169 0.383022221559
0.9089 0.642787609687 0.739942111694 -0.198266891274
0.9108 0.642787609687 0.739942111694 0.198266891274
0.9147 0.642787609687 0.766044443119 0.000000000000
0.9189 0.707106781187 -0.707106781187 0.000000000000
0.9157 0.707106781187 -0.683012701892 -0.183012701892
0.9138 0.707106781187 -0.683012701892 0.183012701892
0.9089 0.707106781187 -0.612372435696 -0.353553390593
0.9031 0.707106781187 -0.612372435696 0.353553390593
0.8634 0.707106781187 -0.500000000000 -0.500000000000
0.8615 0.707106781187 -0.500000000000 0.500000000000
0.8692 0.707106781187 -0.353553390593 -0.612372435696
0.8602 0.707106781187 -0.353553390593 0.612372435696
0.8370 0.707106781187 -0.183012701892 -0.683012701892
0.8292 0.707106781187 -0.183012701892 0.683012701892
0.8288 0.707106781187 0.000000000000 -0.707106781187
0.8284 0.707106781187 0.000000000000 0.707106781187
0.8289 0.707106781187 0.183012701892 -0.683012701892
0.8364 0.707106781187 0.183012701892 0.683012701892
0.8607 0.707106781187 0.353553390593 -0.612372435696
0.8689 0.707106781187 0.353553390593 0.612372435696
0.8610 0.707106781187 0.500000000000 -0.500000000000
0.8629 0.707106781187 0.500000000000 0.500000000000
0.9030 0.707106781187 0.612372435696 -0.353553390593
0.9090 0.707106781187 0.612372435696 0.353553390593
0.9140 0.707106781187 0.683012701892 -0.183012701892
0.9156 0.707106781187 0.683012701892 0.183012701892
0.9190 0.707106781187 0.707106781187 0.000000000000
0.9232 0.766044443119 -0.642787609687 0.000000000000
0.9206 0.766044443119 -0.620885153015 -0.166365675343
0.9190 0.766044443119 -0.620885153015 0.166365675343
0.9149 0.766044443119 -0.556670399226 -0.321393804843
0.9101 0.766044443119 -0.556670399226 0.321393804843
0.8773 0.766044443119 -0.454519477672 -0.454519477672
0.8758 0.766044443119 -0.454519477672 0.454519477672
0.8821 0.766044443119 -0.321393804843 -0.556670399226
0.8746 0.766044443119 -0.321393804843 0.556670399226
0.8556 0.766044443119 -0.166365675343 -0.620885153015
0.8491 0.766044443119 -0.166365675343 0.620885153015
0.8488 0.766044443119 -0.000000011415 -0.642787609687
0.8484 0.766044443119 0.000000000000 0.642787609687
0.8488 0.766044443119 0.166365675343 -0.620885153015
0.8549 0.766044443119 0.166365675343 0.620885153015
0.8751 0.766044443119 0.321393804843 -0.556670399226
0.8819 0.766044443119 0.321393804843 0.556670399226
0.8753 0.766044443119 0.454519477672 -0.454519477672
0.8769 0.766044443119 0.454519477672 0.454519477672
0.9100 0.766044443119 0.556670399226 -0.321393804843
0.9150 0.766044443119 0.556670399226 0.321393804843
0.9192 0.766044443119 0.620885153015 -0.166365675343
0.9204 0.766044443119 0.620885153015 0.166365675343
0.9233 0.766044443119 0.642787609687 0.000000000000
0.9273 0.819152044289 -0.573576436351 0.000000000000
0.9253 0.819152044289 -0.554032293222 -0.148452505550
0.9240 0.819152044289 -0.554032293222 0.148452505550
0.9207 0.819152044289 -0.496731764892 -0.286788218176
0.9169 0.819152044289 -0.496731764892 0.286788218176
0.8908 0.819152044289 -0.405579787673 -0.405579787673
0.8896 0.819152044289 -0.405579787673 0.405579787673
0.8946 0.819152044289 -0.286788218176 -0.496731764892
0.8886 0.819152044289 -0.286788218176 0.496731764892
0.8736 0.819152044289 -0.148452505550 -0.554032293222
0.8683 0.819152044289 -0.148452505550 0.554032293222
0.8681 0.819152044289 0.000000000000 -0.573576436351
0.8677 0.819152044289 0.000000000000 0.573576436351
0.8680 0.819152044289 0.148452505550 -0.554032293222
0.8729 0.819152044289 0.148452505550 0.554032293222
0.8891 0.819152044289 0.286788218176 -0.496731764892
0.8944 0.819152044289 0.286788218176 0.496731764892
0.8891 0.819152044289 0.405579787673 -0.405579787673
0.8904 0.819152044289 0.405579787673 0.405579787673
0.9168 0.819152044289 0.496731764892 -0.286788218176
0.9208 0.819152044289 0.496731764892 0.286788218176
0.9241 0.819152044289 0.554032293222 -0.148452505550
0.9251 0.819152044289 0.554032293222 0.148452505550
0.9274 0.819152044289 0.573576436351 0.000000000000
0.9312 0.866025403784 -0.500000000000 0.000000000000
0.9297 0.866025403784 -0.482962913145 -0.129409522551
0.9286 0.866025403784 -0.482962913145 0.129409522551
0.9262 0.866025403784 -0.433012701892 -0.250000000000
0.9233 0.866025403784 -0.433012701892 0.250000000000
0.9035 0.866025403784 -0.353553390593 -0.353553390593
0.9026 0.866025403784 -0.353553390593 0.353553390593
0.9064 0.866025403784 -0.250000000000 -0.433012701892
0.9017 0.866025403784 -0.250000000000 0.433012701892
0.8904 0.866025403784 -0.129409522551 -0.482962913145
0.8864 0.866025403784 -0.129409522551 0.482962913145
0.8863 0.866025403784 0.000000000000 -0.500000000000
0.8859 0.866025403784 0.000000000000 0.500000000000
0.8861 0.866025403784 0.129409522551 -0.482962913145
0.8898 0.866025403784 0.129409522551 0.482962913145
0.9022 0.866025403784 0.250000000000 -0.433012701892
0.9062 0.866025403784 0.250000000000 0.433012701892
0.9021 0.866025403784 0.353553390593 -0.353553390593
0.9031 0.866025403784 0.353553390593 0.353553390593
0.9232 0.866025403784 0.433012701892 -0.250000000000
0.9263 0.866025403784 0.433012701892 0.250000000000
0.9288 0.866025403784 0.482962913145 -0.129409522551
0.9295 0.866025403784 0.482962913145 0.129409522551
0.9313 0.866025403784 0.500000000000 0.000000000000
0.9347 0.906307787037 -0.422618261741 0.000000000000
0.9336 0.906307787037 -0.408217893677 -0.109381654947
0.9329 0.906307787037 -0.408217893677 0.109381654947
0.9311 0.906307787037 -0.365998150771 -0.211309130870
0.9291 0.906307787037 -0.365998150771 0.211309130870
0.9150 0.906307787037 -0.298836238730 -0.298836238730
0.9143 0.906307787037 -0.298836238730 0.298836238730
0.9170 0.906307787037 -0.211309130870 -0.365998150771
0.9136 0.906307787037 -0.211309130870 0.365998150771
0.9056 0.906307787037 -0.109381654947 -0.408217893677
0.9027 0.906307787037 -0.109381654947 0.408217893677
0.9023 0.906307787037 -0.000000013505 0.422618261741
0.9026 0.906307787037 0.000000000000 -0.422618261741
0.9025 0.906307787037 0.109381654947 -0.408217893677
0.9051 0.906307787037 0.109381654947 0.408217893677
0.9140 0.906307787037 0.211309130870 -0.365998150771
0.9168 0.906307787037 0.211309130870 0.365998150771
0.9139 0.906307787037 0.298836238730 -0.298836238730
0.9146 0.906307787037 0.298836238730 0.298836238730
0.9290 0.906307787037 0.365998150771 -0.211309130870
0.9312 0.906307787037 0.365998150771 0.211309130870
0.9330 0.906307787037 0.408217893677 -0.109381654947
0.9335 0.906307787037 0.408217893677 0.109381654947
0.9348 0.906307787037 0.422618261741 0.000000000000
0.9377 0.939692620786 -0.342020143326 0.000000000000
0.9370 0.939692620786 -0.330366089549 -0.088521326901
0.9365 0.939692620786 -0.330366089549 0.088521326901
0.9354 0.939692620786 -0.296198132726 -0.171010071663
0.9341 0.939692620786 -0.296198132726 0.171010071663
0.9248 0.939692620786 -0.241844762648 -0.241844762648
0.9244 0.939692620786 -0.241844762648 0.241844762648
0.9262 0.939692620786 -0.171010071663 -0.296198132726
0.9239 0.939692620786 -0.171010071663 0.296198132726
0.9187 0.939692620786 -0.088521326901 -0.330366089549
0.9168 0.939692620786 -0.088521326901 0.330366089549
0.9168 0.939692620786 0.000000000000 -0.342020143326
0.9165 0.939692620786 0.000000000000 0.342020143326
0.9166 0.939692620786 0.088521326901 -0.330366089549
0.9183 0.939692620786 0.088521326901 0.330366089549
0.9242 0.939692620786 0.171010071663 -0.296198132726
0.9260 0.939692620786 0.171010071663 0.296198132726
0.9241 0.939692620786 0.241844762648 -0.241844762648
0.9246 0.939692620786 0.241844762648 0.241844762648
0.9340 0.939692620786 0.296198132726 -0.171010071663
0.9354 0.939692620786 0.296198132726 0.171010071663
0.9366 0.939692620786 0.330366089549 -0.088521326901
0.9369 0.939692620786 0.330366089549 0.088521326901
0.9378 0.939692620786 0.342020143326 0.000000000000
0.9402 0.965925826289 -0.258819045103 0.000000000000
0.9398 0.965925826289 -0.250000000000 -0.066987298108
0.9395 0.965925826289 -0.250000000000 0.066987298108
0.9389 0.965925826289 -0.224143868042 -0.129409522551
0.9381 0.965925826289 -0.224143868042 0.129409522551
0.9328 0.965925826289 -0.183012701892 -0.183012701892
0.9326 0.965925826289 -0.183012701892 0.183012701892
0.9336 0.965925826289 -0.129409522551 -0.224143868042
0.9322 0.965925826289 -0.129409522551 0.224143868042
0.9294 0.965925826289 -0.066987298108 -0.250000000000
0.9282 0.965925826289 -0.066987298108 0.250000000000
0.9282 0.965925826289 -0.000000014393 -0.258819045103
0.9280 0.965925826289 0.000000000000 0.258819045103
0.9281 0.965925826289 0.066987298108 -0.250000000000
0.9290 0.965925826289 0.066987298108 0.250000000000
0.9325 0.965925826289 0.129409522551 -0.224143868042
0.9335 0.965925826289 0.129409522551 0.224143868042
0.9323 0.965925826289 0.183012701892 -0.183012701892
0.9326 0.965925826289 0.183012701892 0.183012701892
0.9381 0.965925826289 0.224143868042 -0.129409522551
0.9389 0.965925826289 0.224143868042 0.129409522551
0.9396 0.965925826289 0.250000000000 -0.066987298108
0.9397 0.965925826289 0.250000000000 0.066987298108
0.9402 0.965925826289 0.258819045103 0.000000000000
0.9420 0.984807753012 -0.173648177667 0.000000000000
0.9418 0.984807753012 -0.167731259497 -0.044943455528
0.9417 0.984807753012 -0.167731259497 0.044943455528
0.9414 0.984807753012 -0.150383733180 -0.086824088833
0.9411 0.984807753012 -0.150383733180 0.086824088833
0.9387 0.984807753012 -0.122787803969 -0.122787803969
0.9386 0.984807753012 -0.122787803969 0.122787803969
0.9390 0.984807753012 -0.086824088833 -0.150383733180
0.9384 0.984807753012 -0.086824088833 0.150383733180
0.9372 0.984807753012 -0.044943455528 -0.167731259497
0.9367 0.984807753012 -0.044943455528 0.167731259497
0.9366 0.984807753012 -0.000000014675 -0.173648177667
0.9365 0.984807753012 0.000000000000 0.173648177667
0.9365 0.984807753012 0.044943455528 -0.167731259497
0.9369 0.984807753012 0.044943455528 0.167731259497
0.9386 0.984807753012 0.086824088833 -0.150383733180
0.9390 0.984807753012 0.086824088833 0.150383733180
0.9384 0.984807753012 0.122787803969 -0.122787803969
0.9386 0.984807753012 0.122787803969 0.122787803969
0.9410 0.984807753012 0.150383733180 -0.086824088833
0.9414 0.984807753012 0.150383733180 0.086824088833
0.9417 0.984807753012 0.167731259497 -0.044943455528
0.9418 0.984807753012 0.167731259497 0.044943455528
0.9420 0.984807753012 0.173648177667 0.000000000000
0.9431 0.996194698092 -0.087155742748 0.000000000000
0.9431 0.996194698092 -0.084185982829 -0.022557566113
0.9430 0.996194698092 -0.084185982829 0.022557566113
0.9430 0.996194698092 -0.075479087305 -0.043577871374
0.9429 0.996194698092 -0.075479087305 0.043577871374
0.9423 0.996194698092 -0.061628416716 -0.061628416716
0.9423 0.996194698092 -0.061628416716 0.061628416716
0.9424 0.996194698092 -0.043577871374 -0.075479087305
0.9422 0.996194698092 -0.043577871374 0.075479087305
0.9419 0.996194698092 -0.022557566113 -0.084185982829
0.9418 0.996194698092 -0.022557566113 0.084185982829
0.9418 0.996194698092 0.000000000000 -0.087155742748
0.9417 0.996194698092 0.000000000000 0.087155742748
0.9417 0.996194698092 0.022557566113 -0.084185982829
0.9418 0.996194698092 0.022557566113 0.084185982829
0.9423 0.996194698092 0.043577871374 -0.075479087305
0.9423 0.996194698092 0.043577871374 0.075479087305
0.9422 0.996194698092 0.061628416716 -0.061628416716
0.9422 0.996194698092 0.061628416716 0.061628416716
0.9429 0.996194698092 0.075479087305 -0.043577871374
0.9430 0.996194698092 0.075479087305 0.043577871374
0.9431 0.996194698092 0.084185982829 -0.022557566113
0.9431 0.996194698092 0.084185982829 0.022557566113
0.9431 0.996194698092 0.087155742748 0.000000000000
0.9435 1.000000000000 0.000000000000 0.000000000000
