1.3094 -1.000000000000 0.000000000000 0.000000000000
1.3092 -0.996194698092 -0.087155742748 0.000000000000
1.3088 -0.996194698092 -0.084185982829 -0.022557566113
1.3089 -0.996194698092 -0.084185982829 0.022557566113
1.3086 -0.996194698092 -0.075479087305 -0.043577871374
1.3083 -0.996194698092 -0.075479087305 0.043577871374
1.3079 -0.996194698092 -0.061628416716 -0.061628416716
1.3080 -0.996194698092 -0.061628416716 0.061628416716
1.3077 -0.996194698092 -0.043577871374 -0.075479087305
1.3076 -0.996194698092 -0.043577871374 0.075479087305
1.3073 -0.996194698092 -0.022557566113 -0.084185982829
1.3072 -0.996194698092 -0.022557566113 0.084185982829
1.3073 -0.996194698092 0.000000000000 -0.087155742748
1.3072 -0.996194698092 0.000000014844 0.087155742748
1.3073 -0.996194698092 0.022557566113 -0.084185982829
1.3073 -0.996194698092 0.022557566113 0.084185982829
1.3075 -0.996194698092 0.043577871374 -0.075479087305
1.3076 -0.996194698092 0.043577871374 0.075479087305
1.3079 -0.996194698092 0.061628416716 -0.061628416716
1.3078 -0.996194698092 0.061628416716 0.061628416716
1.3084 -0.996194698092 0.075479087305 -0.043577871374
1.3086 -0.996194698092 0.075479087305 0.043577871374
1.3089 -0.996194698092 0.084185982829 -0.022557566113
1.3089 -0.996194698092 0.084185982829 0.022557566113
1.3092 -0.996194698092 0.087155742748 0.000000000000
1.3085 -0.984807753012 -0.173648177667 0.000000000000
1.3072 -0.984807753012 -0.167731259497 -0.044943455528
1.3074 -0.984807753012 -0.167731259497 0.044943455528
1.3061 -0.984807753012 -0.150383733180 -0.086824088833
1.3051 -0.984807753012 -0.150383733180 0.086824088833
1.3034 -0.984807753012 -0.122787803969 -0.122787803969
1.3037 -0.984807753012 -0.122787803969 0.122787803969
1.3025 -0.984807753012 -0.086824088833 -0.150383733180
1.3021 -0.984807753012 -0.086824088833 0.150383733180
1.3012 -0.984807753012 -0.044943455528 -0.167731259497
1.3008 -0.984807753012 -0.044943455528 0.167731259497
1.3008 -0.984807753012 0.000000000000 -0.173648177667
1.3007 -0.984807753012 0.000000000000 0.173648177667
1.3011 -0.984807753012 0.044943455528 -0.167731259497
1.3011 -0.984807753012 0.044943455528 0.167731259497
1.3019 -0.984807753012 0.086824088833 -0.150383733180
1.3024 -0.984807753012 0.086824088833 0.150383733180
1.3036 -0.984807753012 0.122787803969 -0.122787803969
1.3032 -0.984807753012 0.122787803969 0.122787803969
1.3052 -0.984807753012 0.150383733180 -0.086824088833
1.3060 -0.984807753012 0.150383733180 0.086824088833
1.3074 -0.984807753012 0.167731259497 -0.044943455528
1.3072 -0.984807753012 0.167731259497 0.044943455528
1.3085 -0.984807753012 0.173648177667 0.000000000000
1.3073 -0.965925826289 -0.258819045103 0.000000000000
1.3045 -0.965925826289 -0.250000000000 -0.066987298108
1.3050 -0.965925826289 -0.250000000000 0.066987298108
1.3020 -0.965925826289 -0.224143868042 -0.129409522551
1.2999 -0.965925826289 -0.224143868042 0.129409522551
1.2959 -0.965925826289 -0.183012701892 -0.183012701892
1.2967 -0.965925826289 -0.183012701892 0.183012701892
1.2940 -0.965925826289 -0.129409522551 -0.224143868042
1.2931 -0.965925826289 -0.129409522551 0.224143868042
1.2912 -0.965925826289 -0.066987298108 -0.250000000000
1.2904 -0.965925826289 -0.066987298108 0.250000000000
1.2903 -0.965925826289 0.000000000000 -0.258819045103
1.2901 -0.965925826289 0.000000014393 0.258819045103
1.2908 -0.965925826289 0.066987298108 -0.250000000000
1.2911 -0.965925826289 0.066987298108 0.250000000000
1.2929 -0.965925826289 0.129409522551 -0.224143868042
1.2939 -0.965925826289 0.129409522551 0.224143868042
1.2966 -0.965925826289 0.183012701892 -0.183012701892
1.2957 -0.965925826289 0.183012701892 0.183012701892
1.3001 -0.965925826289 0.224143868042 -0.129409522551
1.3019 -0.965925826289 0.224143868042 0.129409522551
1.3050 -0.965925826289 0.250000000000 -0.066987298108
1.3046 -0.965925826289 0.250000000000 0.066987298108
1.3073 -0.965925826289 0.258819045103 0.000000000000
1.3058 -0.939692620786 -0.342020143326 0.000000000000
1.3008 -0.939692620786 -0.330366089549 -0.088521326901
1.3018 -0.939692620786 -0.330366089549 0.088521326901
1.2964 -0.939692620786 -0.296198132726 -0.171010071663
1.2928 -0.939692620786 -0.296198132726 0.171010071663
1.2858 -0.939692620786 -0.241844762648 -0.241844762648
1.2873 -0.939692620786 -0.241844762648 0.241844762648
1.2824 -0.939692620786 -0.171010071663 -0.296198132726
1.2809 -0.939692620786 -0.171010071663 0.296198132726
1.2776 -0.939692620786 -0.088521326901 -0.330366089549
1.2762 -0.939692620786 -0.088521326901 0.330366089549
1.2758 -0.939692620786 0.000000000000 0.342020143326
1.2761 -0.939692620786 0.000000014003 -0.342020143326
1.2768 -0.939692620786 0.088521326901 -0.330366089549
1.2774 -0.939692620786 0.088521326901 0.330366089549
1.2806 -0.939692620786 0.171010071663 -0.296198132726
1.2824 -0.939692620786 0.171010071663 0.296198132726
1.2871 -0.939692620786 0.241844762648 -0.241844762648
1.2855 -0.939692620786 0.241844762648 0.241844762648
1.2931 -0.939692620786 0.296198132726 -0.171010071663
1.2964 -0.939692620786 0.296198132726 0.171010071663
1.3018 -0.939692620786 0.330366089549 -0.088521326901
1.3010 -0.939692620786 0.330366089549 0.088521326901
1.3057 -0.939692620786 0.342020143326 0.000000000000
1.3038 -0.906307787037 -0.422618261741 0.000000000000
1.2964 -0.906307787037 -0.408217893677 -0.109381654947
1.2977 -0.906307787037 -0.408217893677 0.109381654947
1.2896 -0.906307787037 -0.365998150771 -0.211309130870
1.2841 -0.906307787037 -0.365998150771 0.211309130870
1.2734 -0.906307787037 -0.298836238730 -0.298836238730
1.2756 -0.906307787037 -0.298836238730 0.298836238730
1.2682 -0.906307787037 -0.211309130870 -0.365998150771
1.2659 -0.906307787037 -0.211309130870 0.365998150771
1.2608 -0.906307787037 -0.109381654947 -0.408217893677
1.2589 -0.906307787037 -0.109381654947 0.408217893677
1.2585 -0.906307787037 0.000000000000 -0.422618261741
1.2581 -0.906307787037 0.000000000000 0.422618261741
1.2595 -0.906307787037 0.109381654947 -0.408217893677
1.2606 -0.906307787037 0.109381654947 0.408217893677
1.2654 -0.906307787037 0.211309130870 -0.365998150771
1.2682 -0.906307787037 0.211309130870 0.365998150771
1.2754 -0.906307787037 0.298836238730 -0.298836238730
1.2730 -0.906307787037 0.298836238730 0.298836238730
1.2844 -0.906307787037 0.365998150771 -0.211309130870
1.2895 -0.906307787037 0.365998150771 0.211309130870
1.2977 -0.906307787037 0.408217893677 -0.109381654947
1.2965 -0.906307787037 0.408217893677 0.109381654947
1.3038 -0.906307787037 0.422618261741 0.000000000000
1.3016 -0.866025403784 -0.500000000000 0.000000000000
1.2912 -0.866025403784 -0.482962913145 -0.129409522551
1.2931 -0.866025403784 -0.482962913145 0.129409522551
1.2816 -0.866025403784 -0.433012701892 -0.250000000000
1.2740 -0.866025403784 -0.433012701892 0.250000000000
1.2589 -0.866025403784 -0.353553390593 -0.353553390593
1.2620 -0.866025403784 -0.353553390593 0.353553390593
1.2518 -0.866025403784 -0.250000000000 -0.433012701892
1.2484 -0.866025403784 -0.250000000000 0.433012701892
1.2413 -0.866025403784 -0.129409522551 -0.482962913145
1.2388 -0.866025403784 -0.129409522551 0.482962913145
1.2381 -0.866025403784 0.000000000000 -0.500000000000
1.2377 -0.866025403784 0.000000000000 0.500000000000
1.2395 -0.866025403784 0.129409522551 -0.482962913145
1.2411 -0.866025403784 0.129409522551 0.482962913145
1.2479 -0.866025403784 0.250000000000 -0.433012701892
1.2517 -0.866025403784 0.250000000000 0.433012701892
1.2618 -0.866025403784 0.353553390593 -0.353553390593
1.2584 -0.866025403784 0.353553390593 0.353553390593
1.2744 -0.866025403784 0.433012701892 -0.250000000000
1.2816 -0.866025403784 0.433012701892 0.250000000000
1.2931 -0.866025403784 0.482962913145 -0.129409522551
1.2914 -0.866025403784 0.482962913145 0.129409522551
1.3016 -0.866025403784 0.500000000000 0.000000000000
1.2991 -0.819152044289 -0.573576436351 0.000000000000
1.2854 -0.819152044289 -0.554032293222 -0.148452505550
1.2879 -0.819152044289 -0.554032293222 0.148452505550
1.2728 -0.819152044289 -0.496731764892 -0.286788218176
1.2628 -0.819152044289 -0.496731764892 0.286788218176
1.2429 -0.819152044289 -0.405579787673 -0.405579787673
1.2470 -0.819152044289 -0.405579787673 0.405579787673
1.2336 -0.819152044289 -0.286788218176 -0.496731764892
1.2291 -0.819152044289 -0.286788218176 0.496731764892
1.2198 -0.819152044289 -0.148452505550 -0.554032293222
1.2165 -0.819152044289 -0.148452505550 0.554032293222
1.2155 -0.819152044289 -0.000000000000 -0.573576436351
1.2151 -0.819152044289 0.000000000000 0.573576436351
1.2173 -0.819152044289 0.148452505550 -0.554032293222
1.2196 -0.819152044289 0.148452505550 0.554032293222
1.2286 -0.819152044289 0.286788218176 -0.496731764892
1.2335 -0.819152044289 0.286788218176 0.496731764892
1.2468 -0.819152044289 0.405579787673 -0.405579787673
1.2424 -0.819152044289 0.405579787673 0.405579787673
1.2632 -0.819152044289 0.496731764892 -0.286788218176
1.2728 -0.819152044289 0.496731764892 0.286788218176
1.2879 -0.819152044289 0.554032293222 -0.148452505550
1.2856 -0.819152044289 0.554032293222 0.148452505550
1.2991 -0.819152044289 0.573576436351 0.000000000000
1.2965 -0.766044443119 -0.642787609687 0.000000000000
1.2793 -0.766044443119 -0.620885153015 -0.166365675343
1.2824 -0.766044443119 -0.620885153015 0.166365675343
1.2635 -0.766044443119 -0.556670399226 -0.321393804843
1.2510 -0.766044443119 -0.556670399226 0.321393804843
1.2258 -0.766044443119 -0.454519477672 -0.454519477672
1.2310 -0.766044443119 -0.454519477672 0.454519477672
1.2142 -0.766044443119 -0.321393804843 -0.556670399226
1.2085 -0.766044443119 -0.321393804843 0.556670399226
1.1968 -0.766044443119 -0.166365675343 -0.620885153015
1.1928 -0.766044443119 -0.166365675343 0.620885153015
1.1914 -0.766044443119 -0.000000011415 -0.642787609687
1.1910 -0.766044443119 0.000000011415 0.642787609687
1.1936 -0.766044443119 0.166365675343 -0.620885153015
1.1966 -0.766044443119 0.166365675343 0.620885153015
1.2079 -0.766044443119 0.321393804843 -0.556670399226
1.2141 -0.766044443119 0.321393804843 0.556670399226
1.2308 -0.766044443119 0.454519477672 -0.454519477672
1.2253 -0.766044443119 0.454519477672 0.454519477672
1.2514 -0.766044443119 0.556670399226 -0.321393804843
1.2634 -0.766044443119 0.556670399226 0.321393804843
1.2824 -0.766044443119 0.620885153015 -0.166365675343
1.2795 -0.766044443119 0.620885153015 0.166365675343
1.2965 -0.766044443119 0.642787609687 0.000000000000
1.2938 -0.707106781187 -0.707106781187 0.000000000000
1.2730 -0.707106781187 -0.683012701892 -0.183012701892
1.2768 -0.707106781187 -0.683012701892 0.183012701892
1.2538 -0.707106781187 -0.612372435696 -0.353553390593
1.2387 -0.707106781187 -0.612372435696 0.353553390593
1.2082 -0.707106781187 -0.500000000000 -0.500000000000
1.2146 -0.707106781187 -0.500000000000 0.500000000000
1.1941 -0.707106781187 -0.353553390593 -0.612372435696
1.1873 -0.707106781187 -0.353553390593 0.612372435696
1.1731 -0.707106781187 -0.183012701892 -0.683012701892
1.1684 -0.707106781187 -0.183012701892 0.683012701892
1.1666 -0.707106781187 -0.000000000000 -0.707106781187
1.1661 -0.707106781187 0.000000000000 0.707106781187
1.1692 -0.707106781187 0.183012701892 -0.683012701892
1.1729 -0.707106781187 0.183012701892 0.683012701892
1.1867 -0.707106781187 0.353553390593 -0.612372435696
1.1941 -0.707106781187 0.353553390593 0.612372435696
1.2143 -0.707106781187 0.500000000000 -0.500000000000
1.2077 -0.707106781187 0.500000000000 0.500000000000
1.2392 -0.707106781187 0.612372435696 -0.353553390593
1.2538 -0.707106781187 0.612372435696 0.353553390593
1.2767 -0.707106781187 0.683012701892 -0.183012701892
1.2732 -0.707106781187 0.683012701892 0.183012701892
1.2938 -0.707106781187 0.707106781187 0.000000000000
1.2911 -0.642787609687 -0.766044443119 0.000000000000
1.2667 -0.642787609687 -0.739942111694 -0.198266891274
1.2711 -0.642787609687 -0.739942111694 0.198266891274
1.2442 -0.642787609687 -0.663413948169 -0.383022221559
1.2265 -0.642787609687 -0.663413948169 0.383022221559
1.1906 -0.642787609687 -0.541675220420 -0.541675220420
1.1981 -0.642787609687 -0.541675220420 0.541675220420
1.1741 -0.642787609687 -0.383022221559 -0.663413948169
1.1660 -0.642787609687 -0.383022221559 0.663413948169
1.1494 -0.642787609687 -0.198266891274 -0.739942111694
1.1440 -0.642787609687 -0.198266891274 0.739942111694
1.1417 -0.642787609687 -0.000000000000 -0.766044443119
1.1413 -0.642787609687 0.000000000000 0.766044443119
1.1448 -0.642787609687 0.198266891274 -0.739942111694
1.1492 -0.642787609687 0.198266891274 0.739942111694
1.1654 -0.642787609687 0.383022221559 -0.663413948169
1.1741 -0.642787609687 0.383022221559 0.663413948169
1.1978 -0.642787609687 0.541675220420 -0.541675220420
1.1901 -0.642787609687 0.541675220420 0.541675220420
1.2269 -0.642787609687 0.663413948169 -0.383022221559
1.2441 -0.642787609687 0.663413948169 0.383022221559
1.2711 -0.642787609687 0.739942111694 -0.198266891274
1.2669 -0.642787609687 0.739942111694 0.198266891274
1.2910 -0.642787609687 0.766044443119 0.000000000000
1.2884 -0.573576436351 -0.819152044289 0.000000000000
1.2606 -0.573576436351 -0.791240115236 -0.212012149897
1.2656 -0.573576436351 -0.791240115236 0.212012149897
1.2348 -0.573576436351 -0.709406479916 -0.409576022144
1.2146 -0.573576436351 -0.709406479916 0.409576022144
1.1735 -0.573576436351 -0.579227965340 -0.579227965340
1.1821 -0.573576436351 -0.579227965340 0.579227965340
1.1547 -0.573576436351 -0.409576022144 -0.709406479916
1.1454 -0.573576436351 -0.409576022144 0.709406479916
1.1265 -0.573576436351 -0.212012149897 -0.791240115236
1.1203 -0.573576436351 -0.212012149897 0.791240115236
1.1176 -0.573576436351 -0.000000000000 -0.819152044289
1.1172 -0.573576436351 0.000000000000 0.819152044289
1.1211 -0.573576436351 0.212012149897 -0.791240115236
1.1263 -0.573576436351 0.212012149897 0.791240115236
1.1448 -0.573576436351 0.409576022144 -0.709406479916
1.1547 -0.573576436351 0.409576022144 0.709406479916
1.1818 -0.573576436351 0.579227965340 -0.579227965340
1.1730 -0.573576436351 0.579227965340 0.579227965340
1.2150 -0.573576436351 0.709406479916 -0.409576022144
1.2348 -0.573576436351 0.709406479916 0.409576022144
1.2656 -0.573576436351 0.791240115236 -0.212012149897
1.2608 -0.573576436351 0.791240115236 0.212012149897
1.2884 -0.573576436351 0.819152044289 0.000000000000
1.2860 -0.500000000000 -0.866025403784 0.000000000000
1.2549 -0.500000000000 -0.836516303738 -0.224143868042
1.2604 -0.500000000000 -0.836516303738 0.224143868042
1.2260 -0.500000000000 -0.750000000000 -0.433012701892
1.2035 -0.500000000000 -0.750000000000 0.433012701892
1.1575 -0.500000000000 -0.612372435696 -0.612372435696
1.1671 -0.500000000000 -0.612372435696 0.612372435696
1.1365 -0.500000000000 -0.433012701892 -0.750000000000
1.1260 -0.500000000000 -0.433012701892 0.750000000000
1.1049 -0.500000000000 -0.224143868042 -0.836516303738
1.0982 -0.500000000000 -0.224143868042 0.836516303738
1.0950 -0.500000000000 -0.000000000000 -0.866025403784
1.0946 -0.500000000000 0.000000000000 0.866025403784
1.0989 -0.500000000000 0.224143868042 -0.836516303738
1.1047 -0.500000000000 0.224143868042 0.836516303738
1.1255 -0.500000000000 0.433012701892 -0.750000000000
1.1365 -0.500000000000 0.433012701892 0.750000000000
1.1669 -0.500000000000 0.612372435696 -0.612372435696
1.1570 -0.500000000000 0.612372435696 0.612372435696
1.2039 -0.500000000000 0.750000000000 -0.433012701892
1.2260 -0.500000000000 0.750000000000 0.433012701892
1.2604 -0.500000000000 0.836516303738 -0.224143868042
1.2551 -0.500000000000 0.836516303738 0.224143868042
1.2860 -0.500000000000 0.866025403784 0.000000000000
1.2837 -0.422618261741 -0.906307787037 0.000000000000
1.2497 -0.422618261741 -0.875426098066 -0.234569716010
1.2558 -0.422618261741 -0.875426098066 0.234569716010
1.2181 -0.422618261741 -0.784885567221 -0.453153893518
1.1935 -0.422618261741 -0.784885567221 0.453153893518
1.1430 -0.422618261741 -0.640856382056 -0.640856382056
1.1535 -0.422618261741 -0.640856382056 0.640856382056
1.1200 -0.422618261741 -0.453153893518 -0.784885567221
1.1085 -0.422618261741 -0.453153893518 0.784885567221
1.0854 -0.422618261741 -0.234569716010 -0.875426098066
1.0781 -0.422618261741 -0.234569716010 0.875426098066
1.0746 -0.422618261741 -0.000000006298 -0.906307787037
1.0742 -0.422618261741 0.000000000000 0.906307787037
1.0788 -0.422618261741 0.234569716010 -0.875426098066
1.0853 -0.422618261741 0.234569716010 0.875426098066
1.1080 -0.422618261741 0.453153893518 -0.784885567221
1.1200 -0.422618261741 0.453153893518 0.784885567221
1.1533 -0.422618261741 0.640856382056 -0.640856382056
1.1425 -0.422618261741 0.640856382056 0.640856382056
1.1938 -0.422618261741 0.784885567221 -0.453153893518
1.2181 -0.422618261741 0.784885567221 0.453153893518
1.2558 -0.422618261741 0.875426098066 -0.234569716010
1.2499 -0.422618261741 0.875426098066 0.234569716010
1.2837 -0.422618261741 0.906307787037 0.000000000000
1.2818 -0.342020143326 -0.939692620786 0.000000000000
1.2453 -0.342020143326 -0.907673371190 -0.243210346802
1.2517 -0.342020143326 -0.907673371190 0.243210346802
1.2112 -0.342020143326 -0.813797681349 -0.469846310393
1.1848 -0.342020143326 -0.813797681349 0.469846310393
1.1304 -0.342020143326 -0.664463024389 -0.664463024389
1.1418 -0.342020143326 -0.664463024389 0.664463024389
1.1058 -0.342020143326 -0.469846310393 -0.813797681349
1.0934 -0.342020143326 -0.469846310393 0.813797681349
1.0686 -0.342020143326 -0.243210346802 -0.907673371190
1.0608 -0.342020143326 -0.243210346802 0.907673371190
1.0569 -0.342020143326 -0.000000000000 -0.939692620786
1.0566 -0.342020143326 0.000000005096 0.939692620786
1.0614 -0.342020143326 0.243210346802 -0.907673371190
1.0685 -0.342020143326 0.243210346802 0.907673371190
1.0930 -0.342020143326 0.469846310393 -0.813797681349
1.1058 -0.342020143326 0.469846310393 0.813797681349
1.1416 -0.342020143326 0.664463024389 -0.664463024389
1.1301 -0.342020143326 0.664463024389 0.664463024389
1.1851 -0.342020143326 0.813797681349 -0.469846310393
1.2112 -0.342020143326 0.813797681349 0.469846310393
1.2517 -0.342020143326 0.907673371190 -0.243210346802
1.2454 -0.342020143326 0.907673371190 0.243210346802
1.2818 -0.342020143326 0.939692620786 0.000000000000
1.2803 -0.258819045103 -0.965925826289 0.000000000000
1.2417 -0.258819045103 -0.933012701892 -0.250000000000
1.2485 -0.258819045103 -0.933012701892 0.250000000000
1.2057 -0.258819045103 -0.836516303738 -0.482962913145
1.1778 -0.258819045103 -0.836516303738 0.482962913145
1.1202 -0.258819045103 -0.683012701892 -0.683012701892
1.1323 -0.258819045103 -0.683012701892 0.683012701892
1.0943 -0.258819045103 -0.482962913145 -0.836516303738
1.0811 -0.258819045103 -0.482962913145 0.836516303738
1.0550 -0.258819045103 -0.250000000000 -0.933012701892
1.0469 -0.258819045103 -0.250000000000 0.933012701892
1.0426 -0.258819045103 -0.000000000000 -0.965925826289
1.0423 -0.258819045103 0.000000000000 0.965925826289
1.0473 -0.258819045103 0.250000000000 -0.933012701892
1.0549 -0.258819045103 0.250000000000 0.933012701892
1.0808 -0.258819045103 0.482962913145 -0.836516303738
1.0943 -0.258819045103 0.482962913145 0.836516303738
1.1321 -0.258819045103 0.683012701892 -0.683012701892
1.1200 -0.258819045103 0.683012701892 0.683012701892
1.1780 -0.258819045103 0.836516303738 -0.482962913145
1.2057 -0.258819045103 0.836516303738 0.482962913145
1.2485 -0.258819045103 0.933012701892 -0.250000000000
1.2418 -0.258819045103 0.933012701892 0.250000000000
1.2802 -0.258819045103 0.965925826289 0.000000000000
1.2791 -0.173648177667 -0.984807753012 0.000000000000
1.2390 -0.173648177667 -0.951251242564 -0.254887002244
1.2461 -0.173648177667 -0.951251242564 0.254887002244
1.2016 -0.173648177667 -0.852868531952 -0.492403876506
1.1727 -0.173648177667 -0.852868531952 0.492403876506
1.1127 -0.173648177667 -0.696364240320 -0.696364240320
1.1252 -0.173648177667 -0.696364240320 0.696364240320
1.0858 -0.173648177667 -0.492403876506 -0.852868531952
1.0720 -0.173648177667 -0.492403876506 0.852868531952
1.0449 -0.173648177667 -0.254887002244 -0.951251242564
1.0366 -0.173648177667 -0.254887002244 0.951251242564
1.0320 -0.173648177667 -0.000000000000 -0.984807753012
1.0318 -0.173648177667 0.000000000000 0.984807753012
1.0368 -0.173648177667 0.254887002244 -0.951251242564
1.0448 -0.173648177667 0.254887002244 0.951251242564
1.0718 -0.173648177667 0.492403876506 -0.852868531952
1.0858 -0.173648177667 0.492403876506 0.852868531952
1.1252 -0.173648177667 0.696364240320 -0.696364240320
1.1125 -0.173648177667 0.696364240320 0.696364240320
1.1728 -0.173648177667 0.852868531952 -0.492403876506
1.2016 -0.173648177667 0.852868531952 0.492403876506
1.2461 -0.173648177667 0.951251242564 -0.254887002244
1.2391 -0.173648177667 0.951251242564 0.254887002244
1.2791 -0.173648177667 0.984807753012 0.000000000000
1.2784 -0.087155742748 -0.996194698092 0.000000000000
1.2374 -0.087155742748 -0.962250186899 -0.257834160496
1.2446 -0.087155742748 -0.962250186899 0.257834160496
1.1991 -0.087155742748 -0.862729915663 -0.498097349046
1.1695 -0.087155742748 -0.862729915663 0.498097349046
1.1081 -0.087155742748 -0.704416026403 -0.704416026403
1.1209 -0.087155742748 -0.704416026403 0.704416026403
1.0806 -0.087155742748 -0.498097349046 -0.862729915663
1.0664 -0.087155742748 -0.498097349046 0.862729915663
1.0387 -0.087155742748 -0.257834160496 -0.962250186899
1.0303 -0.087155742748 -0.257834160496 0.962250186899
1.0255 -0.087155742748 -0.000000000000 -0.996194698092
1.0254 -0.087155742748 0.000000000000 0.996194698092
1.0304 -0.087155742748 0.257834160496 -0.962250186899
1.0387 -0.087155742748 0.257834160496 0.962250186899
1.0663 -0.087155742748 0.498097349046 -0.862729915663
1.0806 -0.087155742748 0.498097349046 0.862729915663
1.1209 -0.087155742748 0.704416026403 -0.704416026403
1.1080 -0.087155742748 0.704416026403 0.704416026403
1.1696 -0.087155742748 0.862729915663 -0.498097349046
1.1991 -0.087155742748 0.862729915663 0.498097349046
1.2446 -0.087155742748 0.962250186899 -0.257834160496
1.2374 -0.087155742748 0.962250186899 0.257834160496
1.2784 -0.087155742748 0.996194698092 0.000000000000
1.0233 -0.000000011327 0.000000009682 1.000000000000
1.2782 0.000000000000 -1.000000000000 0.000000000000
1.2369 0.000000000000 -0.965925826289 -0.258819045103
1.2441 0.000000000000 -0.965925826289 0.258819045103
1.1982 0.000000000000 -0.866025403784 -0.500000000000
1.1685 0.000000000000 -0.866025403784 0.500000000000
1.1065 0.000000000000 -0.707106781187 -0.707106781187
1.1195 0.000000000000 -0.707106781187 0.707106781187
1.0788 0.000000000000 -0.500000000000 -0.866025403784
1.0645 0.000000000000 -0.500000000000 0.866025403784
1.0366 0.000000000000 -0.258819045103 -0.965925826289
1.0282 0.000000000000 -0.258819045103 0.965925826289
1.0282 0.000000000000 0.258819045103 -0.965925826289
1.0366 0.000000000000 0.258819045103 0.965925826289
1.0645 0.000000000000 0.500000000000 -0.866025403784
1.0788 0.000000000000 0.500000000000 0.866025403784
1.1195 0.000000000000 0.707106781187 -0.707106781187
1.1065 0.000000000000 0.707106781187 0.707106781187
1.1685 0.000000000000 0.866025403784 -0.500000000000
1.1982 0.000000000000 0.866025403784 0.500000000000
1.2441 0.000000000000 0.965925826289 -0.258819045103
1.2369 0.000000000000 0.965925826289 0.258819045103
1.2782 0.000000000000 1.000000000000 0.000000000000
1.0233 0.000000011327 -0.000000009682 -1.000000000000
1.2784 0.087155742748 -0.996194698092 0.000000000000
1.2374 0.087155742748 -0.962250186899 -0.257834160496
1.2446 0.087155742748 -0.962250186899 0.257834160496
1.1991 0.087155742748 -0.862729915663 -0.498097349046
1.1696 0.087155742748 -0.862729915663 0.498097349046
1.1080 0.087155742748 -0.704416026403 -0.704416026403
1.1209 0.087155742748 -0.704416026403 0.704416026403
1.0806 0.087155742748 -0.498097349046 -0.862729915663
1.0663 0.087155742748 -0.498097349046 0.862729915663
1.0387 0.087155742748 -0.257834160496 -0.962250186899
1.0304 0.087155742748 -0.257834160496 0.962250186899
1.0254 0.087155742748 0.000000000000 -0.996194698092
1.0255 0.087155742748 0.000000000000 0.996194698092
1.0303 0.087155742748 0.257834160496 -0.962250186899
1.0387 0.087155742748 0.257834160496 0.962250186899
1.0664 0.087155742748 0.498097349046 -0.862729915663
1.0806 0.087155742748 0.498097349046 0.862729915663
1.1209 0.087155742748 0.704416026403 -0.704416026403
1.1081 0.087155742748 0.704416026403 0.704416026403
1.1695 0.087155742748 0.862729915663 -0.498097349046
1.1991 0.087155742748 0.862729915663 0.498097349046
1.2446 0.087155742748 0.962250186899 -0.257834160496
1.2374 0.087155742748 0.962250186899 0.257834160496
1.2784 0.087155742748 0.996194698092 0.000000000000
1.2791 0.173648177667 -0.984807753012 0.000000000000
1.2391 0.173648177667 -0.951251242564 -0.254887002244
1.2461 0.173648177667 -0.951251242564 0.254887002244
1.2016 0.173648177667 -0.852868531952 -0.492403876506
1.1728 0.173648177667 -0.852868531952 0.492403876506
1.1125 0.173648177667 -0.696364240320 -0.696364240320
1.1252 0.173648177667 -0.696364240320 0.696364240320
1.0858 0.173648177667 -0.492403876506 -0.852868531952
1.0718 0.173648177667 -0.492403876506 0.852868531952
1.0448 0.173648177667 -0.254887002244 -0.951251242564
1.0368 0.173648177667 -0.254887002244 0.951251242564
1.0318 0.173648177667 0.000000000000 -0.984807753012
1.0320 0.173648177667 0.000000000000 0.984807753012
1.0366 0.173648177667 0.254887002244 -0.951251242564
1.0449 0.173648177667 0.254887002244 0.951251242564
1.0720 0.173648177667 0.492403876506 -0.852868531952
1.0858 0.173648177667 0.492403876506 0.852868531952
1.1252 0.173648177667 0.696364240320 -0.696364240320
1.1127 0.173648177667 0.696364240320 0.696364240320
1.1727 0.173648177667 0.852868531952 -0.492403876506
1.2016 0.173648177667 0.852868531952 0.492403876506
1.2461 0.173648177667 0.951251242564 -0.254887002244
1.2390 0.173648177667 0.951251242564 0.254887002244
1.2791 0.173648177667 0.984807753012 0.000000000000
1.2802 0.258819045103 -0.965925826289 0.000000000000
1.2418 0.258819045103 -0.933012701892 -0.250000000000
1.2485 0.258819045103 -0.933012701892 0.250000000000
1.2057 0.258819045103 -0.836516303738 -0.482962913145
1.1780 0.258819045103 -0.836516303738 0.482962913145
1.1200 0.258819045103 -0.683012701892 -0.683012701892
1.1321 0.258819045103 -0.683012701892 0.683012701892
1.0943 0.258819045103 -0.482962913145 -0.836516303738
1.0808 0.258819045103 -0.482962913145 0.836516303738
1.0549 0.258819045103 -0.250000000000 -0.933012701892
1.0473 0.258819045103 -0.250000000000 0.933012701892
1.0423 0.258819045103 0.000000000000 -0.965925826289
1.0426 0.258819045103 0.000000000000 0.965925826289
1.0469 0.258819045103 0.250000000000 -0.933012701892
1.0550 0.258819045103 0.250000000000 0.933012701892
1.0811 0.258819045103 0.482962913145 -0.836516303738
1.0943 0.258819045103 0.482962913145 0.836516303738
1.1323 0.258819045103 0.683012701892 -0.683012701892
1.1202 0.258819045103 0.683012701892 0.683012701892
1.1778 0.258819045103 0.836516303738 -0.482962913145
1.2057 0.258819045103 0.836516303738 0.482962913145
1.2485 0.258819045103 0.933012701892 -0.250000000000
1.2417 0.258819045103 0.933012701892 0.250000000000
1.2803 0.258819045103 0.965925826289 0.000000000000
1.2818 0.342020143326 -0.939692620786 0.000000000000
1.2454 0.342020143326 -0.907673371190 -0.243210346802
1.2517 0.342020143326 -0.907673371190 0.243210346802
1.2112 0.342020143326 -0.813797681349 -0.469846310393
1.1851 0.342020143326 -0.813797681349 0.469846310393
1.1301 0.342020143326 -0.664463024389 -0.664463024389
1.1416 0.342020143326 -0.664463024389 0.664463024389
1.1058 0.342020143326 -0.469846310393 -0.813797681349
1.0930 0.342020143326 -0.469846310393 0.813797681349
1.0685 0.342020143326 -0.243210346802 -0.907673371190
1.0614 0.342020143326 -0.243210346802 0.907673371190
1.0566 0.342020143326 -0.000000005096 -0.939692620786
1.0569 0.342020143326 0.000000000000 0.939692620786
1.0608 0.342020143326 0.243210346802 -0.907673371190
1.0686 0.342020143326 0.243210346802 0.907673371190
1.0934 0.342020143326 0.469846310393 -0.813797681349
1.1058 0.342020143326 0.469846310393 0.813797681349
1.1418 0.342020143326 0.664463024389 -0.664463024389
1.1304 0.342020143326 0.664463024389 0.664463024389
1.1848 0.342020143326 0.813797681349 -0.469846310393
1.2112 0.342020143326 0.813797681349 0.469846310393
1.2517 0.342020143326 0.907673371190 -0.243210346802
1.2453 0.342020143326 0.907673371190 0.243210346802
1.2818 0.342020143326 0.939692620786 0.000000000000
1.2837 0.422618261741 -0.906307787037 0.000000000000
1.2499 0.422618261741 -0.875426098066 -0.234569716010
1.2558 0.422618261741 -0.875426098066 0.234569716010
1.2181 0.422618261741 -0.784885567221 -0.453153893518
1.1938 0.422618261741 -0.784885567221 0.453153893518
1.1425 0.422618261741 -0.640856382056 -0.640856382056
1.1533 0.422618261741 -0.640856382056 0.640856382056
1.1200 0.422618261741 -0.453153893518 -0.784885567221
1.1080 0.422618261741 -0.453153893518 0.784885567221
1.0853 0.422618261741 -0.234569716010 -0.875426098066
1.0788 0.422618261741 -0.234569716010 0.875426098066
1.0742 0.422618261741 0.000000000000 -0.906307787037
1.0746 0.422618261741 0.000000006298 0.906307787037
1.0781 0.422618261741 0.234569716010 -0.875426098066
1.0854 0.422618261741 0.234569716010 0.875426098066
1.1085 0.422618261741 0.453153893518 -0.784885567221
1.1200 0.422618261741 0.453153893518 0.784885567221
1.1535 0.422618261741 0.640856382056 -0.640856382056
1.1430 0.422618261741 0.640856382056 0.640856382056
1.1935 0.422618261741 0.784885567221 -0.453153893518
1.2181 0.422618261741 0.784885567221 0.453153893518
1.2558 0.422618261741 0.875426098066 -0.234569716010
1.2497 0.422618261741 0.875426098066 0.234569716010
1.2837 0.422618261741 0.906307787037 0.000000000000
1.2860 0.500000000000 -0.866025403784 0.000000000000
1.2551 0.500000000000 -0.836516303738 -0.224143868042
1.2604 0.500000000000 -0.836516303738 0.224143868042
1.2260 0.500000000000 -0.750000000000 -0.433012701892
1.2039 0.500000000000 -0.750000000000 0.433012701892
1.1570 0.500000000000 -0.612372435696 -0.612372435696
1.1669 0.500000000000 -0.612372435696 0.612372435696
1.1365 0.500000000000 -0.433012701892 -0.750000000000
1.1255 0.500000000000 -0.433012701892 0.750000000000
1.1047 0.500000000000 -0.224143868042 -0.836516303738
1.0989 0.500000000000 -0.224143868042 0.836516303738
1.0946 0.500000000000 0.000000000000 -0.866025403784
1.0950 0.500000000000 0.000000000000 0.866025403784
1.0982 0.500000000000 0.224143868042 -0.836516303738
1.1049 0.500000000000 0.224143868042 0.836516303738
1.1260 0.500000000000 0.433012701892 -0.750000000000
1.1365 0.500000000000 0.433012701892 0.750000000000
1.1671 0.500000000000 0.612372435696 -0.612372435696
1.1575 0.500000000000 0.612372435696 0.612372435696
1.2035 0.500000000000 0.750000000000 -0.433012701892
1.2260 0.500000000000 0.750000000000 0.433012701892
1.2604 0.500000000000 0.836516303738 -0.224143868042
1.2549 0.500000000000 0.836516303738 0.224143868042
1.2860 0.500000000000 0.866025403784 0.000000000000
1.2884 0.573576436351 -0.819152044289 0.000000000000
1.2608 0.573576436351 -0.791240115236 -0.212012149897
1.2656 0.573576436351 -0.791240115236 0.212012149897
1.2348 0.573576436351 -0.709406479916 -0.409576022144
1.2150 0.573576436351 -0.709406479916 0.409576022144
1.1730 0.573576436351 -0.579227965340 -0.579227965340
1.1818 0.573576436351 -0.579227965340 0.579227965340
1.1547 0.573576436351 -0.409576022144 -0.709406479916
1.1448 0.573576436351 -0.409576022144 0.709406479916
1.1263 0.573576436351 -0.212012149897 -0.791240115236
1.1211 0.573576436351 -0.212012149897 0.791240115236
1.1172 0.573576436351 0.000000000000 -0.819152044289
1.1176 0.573576436351 0.000000000000 0.819152044289
1.1203 0.573576436351 0.212012149897 -0.791240115236
1.1265 0.573576436351 0.212012149897 0.791240115236
1.1454 0.573576436351 0.409576022144 -0.709406479916
1.1547 0.573576436351 0.409576022144 0.709406479916
1.1821 0.573576436351 0.579227965340 -0.579227965340
1.1735 0.573576436351 0.579227965340 0.579227965340
1.2146 0.573576436351 0.709406479916 -0.409576022144
1.2348 0.573576436351 0.709406479916 0.409576022144
1.2656 0.573576436351 0.791240115236 -0.212012149897
1.2606 0.573576436351 0.791240115236 0.212012149897
1.2884 0.573576436351 0.819152044289 0.000000000000
1.2910 0.642787609687 -0.766044443119 0.000000000000
1.2669 0.642787609687 -0.739942111694 -0.198266891274
1.2711 0.642787609687 -0.739942111694 0.198266891274
1.2441 0.642787609687 -0.663413948169 -0.383022221559
1.2269 0.642787609687 -0.663413948169 0.383022221559
1.1901 0.642787609687 -0.541675220420 -0.541675220420
1.1978 0.642787609687 -0.541675220420 0.541675220420
1.1741 0.642787609687 -0.383022221559 -0.663413948169
1.1654 0.642787609687 -0.383022221559 0.663413948169
1.1492 0.642787609687 -0.198266891274 -0.739942111694
1.1448 0.642787609687 -0.198266891274 0.739942111694
1.1413 0.642787609687 0.000000000000 -0.766044443119
1.1417 0.642787609687 0.000000000000 0.766044443119
1.1440 0.642787609687 0.198266891274 -0.739942111694
1.1494 0.642787609687 0.198266891274 0.739942111694
1.1660 0.642787609687 0.383022221559 -0.663413948169
1.1741 0.642787609687 0.383022221559 0.663413948169
1.1981 0.642787609687 0.541675220420 -0.541675220420
1.1906 0.642787609687 0.541675220420 0.541675220420
1.2265 0.642787609687 0.663413948169 -0.383022221559
1.2442 0.642787609687 0.663413948169 0.383022221559
1.2711 0.642787609687 0.739942111694 -0.198266891274
1.2667 0.642787609687 0.739942111694 0.198266891274
1.2911 0.642787609687 0.766044443119 0.000000000000
1.2938 0.707106781187 -0.707106781187 0.000000000000
1.2732 0.707106781187 -0.683012701892 -0.183012701892
1.2767 0.707106781187 -0.683012701892 0.183012701892
1.2538 0.707106781187 -0.612372435696 -0.353553390593
1.2392 0.707106781187 -0.612372435696 0.353553390593
1.2077 0.707106781187 -0.500000000000 -0.500000000000
1.2143 0.707106781187 -0.500000000000 0.500000000000
1.1941 0.707106781187 -0.353553390593 -0.612372435696
1.1867 0.707106781187 -0.353553390593 0.612372435696
1.1729 0.707106781187 -0.183012701892 -0.683012701892
1.1692 0.707106781187 -0.183012701892 0.683012701892
1.1661 0.707106781187 0.000000000000 -0.707106781187
1.1666 0.707106781187 0.000000000000 0.707106781187
1.1684 0.707106781187 0.183012701892 -0.683012701892
1.1731 0.707106781187 0.183012701892 0.683012701892
1.1873 0.707106781187 0.353553390593 -0.612372435696
1.1941 0.707106781187 0.353553390593 0.612372435696
1.2146 0.707106781187 0.500000000000 -0.500000000000
1.2082 0.707106781187 0.500000000000 0.500000000000
1.2387 0.707106781187 0.612372435696 -0.353553390593
1.2538 0.707106781187 0.612372435696 0.353553390593
1.2768 0.707106781187 0.683012701892 -0.183012701892
1.2730 0.707106781187 0.683012701892 0.183012701892
1.2938 0.707106781187 0.707106781187 0.000000000000
1.2965 0.766044443119 -0.642787609687 0.000000000000
1.2795 0.766044443119 -0.620885153015 -0.166365675343
1.2824 0.766044443119 -0.620885153015 0.166365675343
1.2634 0.766044443119 -0.556670399226 -0.321393804843
1.2514 0.766044443119 -0.556670399226 0.321393804843
1.2253 0.766044443119 -0.454519477672 -0.454519477672
1.2308 0.766044443119 -0.454519477672 0.454519477672
1.2141 0.766044443119 -0.321393804843 -0.556670399226
1.2079 0.766044443119 -0.321393804843 0.556670399226
1.1966 0.766044443119 -0.166365675343 -0.620885153015
1.1936 0.766044443119 -0.166365675343 0.620885153015
1.1910 0.766044443119 -0.000000011415 -0.642787609687
1.1914 0.766044443119 0.000000011415 0.642787609687
1.1928 0.766044443119 0.166365675343 -0.620885153015
1.1968 0.766044443119 0.166365675343 0.620885153015
1.2085 0.766044443119 0.321393804843 -0.556670399226
1.2142 0.766044443119 0.321393804843 0.556670399226
1.2310 0.766044443119 0.454519477672 -0.454519477672
1.2258 0.766044443119 0.454519477672 0.454519477672
1.2510 0.766044443119 0.556670399226 -0.321393804843
1.2635 0.766044443119 0.556670399226 0.321393804843
1.2824 0.766044443119 0.620885153015 -0.166365675343
1.2793 0.766044443119 0.620885153015 0.166365675343
1.2965 0.766044443119 0.642787609687 0.000000000000
1.2991 0.819152044289 -0.573576436351 0.000000000000
1.2856 0.819152044289 -0.554032293222 -0.148452505550
1.2879 0.819152044289 -0.554032293222 0.148452505550
1.2728 0.819152044289 -0.496731764892 -0.286788218176
1.2632 0.819152044289 -0.496731764892 0.286788218176
1.2424 0.819152044289 -0.405579787673 -0.405579787673
1.2468 0.819152044289 -0.405579787673 0.405579787673
1.2335 0.819152044289 -0.286788218176 -0.496731764892
1.2286 0.819152044289 -0.286788218176 0.496731764892
1.2196 0.819152044289 -0.148452505550 -0.554032293222
1.2173 0.819152044289 -0.148452505550 0.554032293222
1.2151 0.819152044289 0.000000000000 -0.573576436351
1.2155 0.819152044289 0.000000000000 0.573576436351
1.2165 0.819152044289 0.148452505550 -0.554032293222
1.2198 0.819152044289 0.148452505550 0.554032293222
1.2291 0.819152044289 0.286788218176 -0.496731764892
1.2336 0.819152044289 0.286788218176 0.496731764892
1.2470 0.819152044289 0.405579787673 -0.405579787673
1.2429 0.819152044289 0.405579787673 0.405579787673
1.2628 0.819152044289 0.496731764892 -0.286788218176
1.2728 0.819152044289 0.496731764892 0.286788218176
1.2879 0.819152044289 0.554032293222 -0.148452505550
1.2854 0.819152044289 0.554032293222 0.148452505550
1.2991 0.819152044289 0.573576436351 0.000000000000
1.3016 0.866025403784 -0.500000000000 0.000000000000
1.2914 0.866025403784 -0.482962913145 -0.129409522551
1.2931 0.866025403784 -0.482962913145 0.129409522551
1.2816 0.866025403784 -0.433012701892 -0.250000000000
1.2744 0.866025403784 -0.433012701892 0.250000000000
1.2584 0.866025403784 -0.353553390593 -0.353553390593
1.2618 0.866025403784 -0.353553390593 0.353553390593
1.2517 0.866025403784 -0.250000000000 -0.433012701892
1.2479 0.866025403784 -0.250000000000 0.433012701892
1.2411 0.866025403784 -0.129409522551 -0.482962913145
1.2395 0.866025403784 -0.129409522551 0.482962913145
1.2377 0.866025403784 0.000000000000 -0.500000000000
1.2381 0.866025403784 0.000000000000 0.500000000000
1.2388 0.866025403784 0.129409522551 -0.482962913145
1.2413 0.866025403784 0.129409522551 0.482962913145
1.2484 0.866025403784 0.250000000000 -0.433012701892
1.2518 0.866025403784 0.250000000000 0.433012701892
1.2620 0.866025403784 0.353553390593 -0.353553390593
1.2589 0.866025403784 0.353553390593 0.353553390593
1.2740 0.866025403784 0.433012701892 -0.250000000000
1.2816 0.866025403784 0.433012701892 0.250000000000
1.2931 0.866025403784 0.482962913145 -0.129409522551
1.2912 0.866025403784 0.482962913145 0.129409522551
1.3016 0.866025403784 0.500000000000 0.000000000000
1.3038 0.906307787037 -0.422618261741 0.000000000000
1.2965 0.906307787037 -0.408217893677 -0.109381654947
1.2977 0.906307787037 -0.408217893677 0.109381654947
1.2895 0.906307787037 -0.365998150771 -0.211309130870
1.2844 0.906307787037 -0.365998150771 0.211309130870
1.2730 0.906307787037 -0.298836238730 -0.298836238730
1.2754 0.906307787037 -0.298836238730 0.298836238730
1.2682 0.906307787037 -0.211309130870 -0.365998150771
1.2654 0.906307787037 -0.211309130870 0.365998150771
1.2606 0.906307787037 -0.109381654947 -0.408217893677
1.2595 0.906307787037 -0.109381654947 0.408217893677
1.2581 0.906307787037 0.000000000000 -0.422618261741
1.2585 0.906307787037 0.000000000000 0.422618261741
1.2589 0.906307787037 0.109381654947 -0.408217893677
1.2608 0.906307787037 0.109381654947 0.408217893677
1.2659 0.906307787037 0.211309130870 -0.365998150771
1.2682 0.906307787037 0.211309130870 0.365998150771
1.2756 0.906307787037 0.298836238730 -0.298836238730
1.2734 0.906307787037 0.298836238730 0.298836238730
1.2841 0.906307787037 0.365998150771 -0.211309130870
1.2896 0.906307787037 0.365998150771 0.211309130870
1.2977 0.906307787037 0.408217893677 -0.109381654947
1.2964 0.906307787037 0.408217893677 0.109381654947
1.3038 0.906307787037 0.422618261741 0.000000000000
1.3057 0.939692620786 -0.342020143326 0.000000000000
1.3010 0.939692620786 -0.330366089549 -0.088521326901
1.3018 0.939692620786 -0.330366089549 0.088521326901
1.2964 0.939692620786 -0.296198132726 -0.171010071663
1.2931 0.939692620786 -0.296198132726 0.171010071663
1.2855 0.939692620786 -0.241844762648 -0.241844762648
1.2871 0.939692620786 -0.241844762648 0.241844762648
1.2824 0.939692620786 -0.171010071663 -0.296198132726
1.2806 0.939692620786 -0.171010071663 0.296198132726
1.2774 0.939692620786 -0.088521326901 -0.330366089549
1.2768 0.939692620786 -0.088521326901 0.330366089549
1.2761 0.939692620786 -0.000000014003 0.342020143326
1.2758 0.939692620786 0.000000000000 -0.342020143326
1.2762 0.939692620786 0.088521326901 -0.330366089549
1.2776 0.939692620786 0.088521326901 0.330366089549
1.2809 0.939692620786 0.171010071663 -0.296198132726
1.2824 0.939692620786 0.171010071663 0.296198132726
1.2873 0.939692620786 0.241844762648 -0.241844762648
1.2858 0.939692620786 0.241844762648 0.241844762648
1.2928 0.939692620786 0.296198132726 -0.171010071663
1.2964 0.939692620786 0.296198132726 0.171010071663
1.3018 0.939692620786 0.330366089549 -0.088521326901
1.3008 0.939692620786 0.330366089549 0.088521326901
1.3058 0.939692620786 0.342020143326 0.000000000000
1.3073 0.965925826289 -0.258819045103 0.000000000000
1.3046 0.965925826289 -0.250000000000 -0.066987298108
1.3050 0.965925826289 -0.250000000000 0.066987298108
1.3019 0.965925826289 -0.224143868042 -0.129409522551
1.3001 0.965925826289 -0.224143868042 0.129409522551
1.2957 0.965925826289 -0.183012701892 -0.183012701892
1.2966 0.965925826289 -0.183012701892 0.183012701892
1.2939 0.965925826289 -0.129409522551 -0.224143868042
1.2929 0.965925826289 -0.129409522551 0.224143868042
1.2911 0.965925826289 -0.066987298108 -0.250000000000
1.2908 0.965925826289 -0.066987298108 0.250000000000
1.2901 0.965925826289 -0.000000014393 -0.258819045103
1.2903 0.965925826289 0.000000000000 0.258819045103
1.2904 0.965925826289 0.066987298108 -0.250000000000
1.2912 0.965925826289 0.066987298108 0.250000000000
1.2931 0.965925826289 0.129409522551 -0.224143868042
1.2940 0.965925826289 0.129409522551 0.224143868042
1.2967 0.965925826289 0.183012701892 -0.183012701892
1.2959 0.965925826289 0.183012701892 0.183012701892
1.2999 0.965925826289 0.224143868042 -0.129409522551
1.3020 0.965925826289 0.224143868042 0.129409522551
1.3050 0.965925826289 0.250000000000 -0.066987298108
1.3045 0.965925826289 0.250000000000 0.066987298108
1.3073 0.965925826289 0.258819045103 0.000000000000
1.3085 0.984807753012 -0.173648177667 0.000000000000
1.3072 0.984807753012 -0.167731259497 -0.044943455528
1.3074 0.984807753012 -0.167731259497 0.044943455528
1.3060 0.984807753012 -0.150383733180 -0.086824088833
1.3052 0.984807753012 -0.150383733180 0.086824088833
1.3032 0.984807753012 -0.122787803969 -0.122787803969
1.3036 0.984807753012 -0.122787803969 0.122787803969
1.3024 0.984807753012 -0.086824088833 -0.150383733180
1.3019 0.984807753012 -0.086824088833 0.150383733180
1.3011 0.984807753012 -0.044943455528 -0.167731259497
1.3011 0.984807753012 -0.044943455528 0.167731259497
1.3007 0.984807753012 0.000000000000 -0.173648177667
1.3008 0.984807753012 0.000000000000 0.173648177667
1.3008 0.984807753012 0.044943455528 -0.167731259497
1.3012 0.984807753012 0.044943455528 0.167731259497
1.3021 0.984807753012 0.086824088833 -0.150383733180
1.3025 0.984807753012 0.086824088833 0.150383733180
1.3037 0.984807753012 0.122787803969 -0.122787803969
1.3034 0.984807753012 0.122787803969 0.122787803969
1.3051 0.984807753012 0.150383733180 -0.086824088833
1.3061 0.984807753012 0.150383733180 0.086824088833
1.3074 0.984807753012 0.167731259497 -0.044943455528
1.3072 0.984807753012 0.167731259497 0.044943455528
1.3085 0.984807753012 0.173648177667 0.000000000000
1.3092 0.996194698092 -0.087155742748 0.000000000000
1.3089 0.996194698092 -0.084185982829 -0.022557566113
1.3089 0.996194698092 -0.084185982829 0.022557566113
1.3086 0.996194698092 -0.075479087305 -0.043577871374
1.3084 0.996194698092 -0.075479087305 0.043577871374
1.3078 0.996194698092 -0.061628416716 -0.061628416716
1.3079 0.996194698092 -0.061628416716 0.061628416716
1.3076 0.996194698092 -0.043577871374 -0.075479087305
1.3075 0.996194698092 -0.043577871374 0.075479087305
1.3073 0.996194698092 -0.022557566113 -0.084185982829
1.3073 0.996194698092 -0.022557566113 0.084185982829
1.3072 0.996194698092 -0.000000014844 -0.087155742748
1.3073 0.996194698092 0.000000000000 0.087155742748
1.3072 0.996194698092 0.022557566113 -0.084185982829
1.3073 0.996194698092 0.022557566113 0.084185982829
1.3076 0.996194698092 0.043577871374 -0.075479087305
1.3077 0.996194698092 0.043577871374 0.075479087305
1.3080 0.996194698092 0.061628416716 -0.061628416716
1.3079 0.996194698092 0.061628416716 0.061628416716
1.3083 0.996194698092 0.075479087305 -0.043577871374
1.3086 0.996194698092 0.075479087305 0.043577871374
1.3089 0.996194698092 0.084185982829 -0.022557566113
1.3088 0.996194698092 0.084185982829 0.022557566113
1.3092 0.996194698092 0.087155742748 0.000000000000
1.3094 1.000000000000 0.000000000000 0.000000000000
