1.9020 0.0608 -1.000000000000 0.000000000000 0.000000000000 4.6800
1.9013 0.0608 -0.996194698092 -0.087155742748 0.000000000000 4.6800
1.9012 0.0608 -0.996194698092 -0.084185982829 -0.022557566113 4.6800
1.9011 0.0608 -0.996194698092 -0.084185982829 0.022557566113 4.6800
1.9010 0.0608 -0.996194698092 -0.075479087305 -0.043577871374 4.6800
1.9009 0.0608 -0.996194698092 -0.075479087305 0.043577871374 4.6800
1.8998 0.0608 -0.996194698092 -0.061628416716 -0.061628416716 4.6800
1.8997 0.0608 -0.996194698092 -0.061628416716 0.061628416716 4.6800
1.8998 0.0608 -0.996194698092 -0.043577871374 -0.075479087305 4.6800
1.8997 0.0608 -0.996194698092 -0.043577871374 0.075479087305 4.6800
1.8990 0.0608 -0.996194698092 -0.022557566113 -0.084185982829 4.6800
1.8987 0.0608 -0.996194698092 -0.022557566113 0.084185982829 4.6800
1.8986 0.0608 -0.996194698092 0.000000000000 -0.087155742748 4.6800
1.8988 0.0608 -0.996194698092 0.000000000000 0.087155742748 4.6800
1.8989 0.0608 -0.996194698092 0.022557566113 -0.084185982829 4.6800
1.8989 0.0608 -0.996194698092 0.022557566113 0.084185982829 4.6800
1.8997 0.0608 -0.996194698092 0.043577871374 -0.075479087305 4.6800
1.8999 0.0608 -0.996194698092 0.043577871374 0.075479087305 4.6800
1.8998 0.0608 -0.996194698092 0.061628416716 -0.061628416716 4.6800
1.8998 0.0608 -0.996194698092 0.061628416716 0.061628416716 4.6800
1.9009 0.0608 -0.996194698092 0.075479087305 -0.043577871374 4.6800
1.9010 0.0608 -0.996194698092 0.075479087305 0.043577871374 4.6800
1.9011 0.0608 -0.996194698092 0.084185982829 -0.022557566113 4.6800
1.9012 0.0608 -0.996194698092 0.084185982829 0.022557566113 4.6800
1.9013 0.0608 -0.996194698092 0.087155742748 0.000000000000 4.6800
1.8991 0.0608 -0.984807753012 -0.173648177667 0.000000000000 4.6800
1.8989 0.0608 -0.984807753012 -0.167731259497 -0.044943455528 4.6800
1.8985 0.0608 -0.984807753012 -0.167731259497 0.044943455528 4.6800
1.8981 0.0608 -0.984807753012 -0.150383733180 -0.086824088833 4.6800
1.8978 0.0608 -0.984807753012 -0.150383733180 0.086824088833 4.6800
1.8932 0.0608 -0.984807753012 -0.122787803969 -0.122787803969 4.6800
1.8929 0.0608 -0.984807753012 -0.122787803969 0.122787803969 4.6800
1.8935 0.0608 -0.984807753012 -0.086824088833 -0.150383733180 4.6800
1.8929 0.0608 -0.984807753012 -0.086824088833 0.150383733180 4.6800
1.8900 0.0608 -0.984807753012 -0.044943455528 -0.167731259497 4.6800
1.8891 0.0608 -0.984807753012 -0.044943455528 0.167731259497 4.6800
1.8887 0.0608 -0.984807753012 0.000000000000 -0.173648177667 4.6800
1.8890 0.0608 -0.984807753012 0.000000000000 0.173648177667 4.6800
1.8894 0.0608 -0.984807753012 0.044943455528 -0.167731259497 4.6800
1.8897 0.0608 -0.984807753012 0.044943455528 0.167731259497 4.6800
1.8929 0.0608 -0.984807753012 0.086824088833 -0.150383733180 4.6800
1.8936 0.0608 -0.984807753012 0.086824088833 0.150383733180 4.6800
1.8930 0.0608 -0.984807753012 0.122787803969 -0.122787803969 4.6800
1.8932 0.0608 -0.984807753012 0.122787803969 0.122787803969 4.6800
1.8977 0.0608 -0.984807753012 0.150383733180 -0.086824088833 4.6800
1.8981 0.0608 -0.984807753012 0.150383733180 0.086824088833 4.6800
1.8984 0.0608 -0.984807753012 0.167731259497 -0.044943455528 4.6800
1.8989 0.0608 -0.984807753012 0.167731259497 0.044943455528 4.6800
1.8992 0.0608 -0.984807753012 0.173648177667 0.000000000000 4.6800
1.8956 0.0608 -0.965925826289 -0.258819045103 0.000000000000 4.6800
1.8951 0.0608 -0.965925826289 -0.250000000000 -0.066987298108 4.6800
1.8941 0.0608 -0.965925826289 -0.250000000000 0.066987298108 4.6800
1.8933 0.0608 -0.965925826289 -0.224143868042 -0.129409522551 4.6800
1.8926 0.0608 -0.965925826289 -0.224143868042 0.129409522551 4.6800
1.8824 0.0608 -0.965925826289 -0.183012701892 -0.183012701892 4.6800
1.8818 0.0608 -0.965925826289 -0.183012701892 0.183012701892 4.6800
1.8831 0.0608 -0.965925826289 -0.129409522551 -0.224143868042 4.6800
1.8818 0.0608 -0.965925826289 -0.129409522551 0.224143868042 4.6800
1.8753 0.0608 -0.965925826289 -0.066987298108 -0.250000000000 4.6800
1.8734 0.0608 -0.965925826289 -0.066987298108 0.250000000000 4.6800
1.8730 0.0608 -0.965925826289 0.000000000000 0.258819045103 4.6800
1.8726 0.0608 -0.965925826289 0.000000014393 -0.258819045103 4.6800
1.8739 0.0608 -0.965925826289 0.066987298108 -0.250000000000 4.6800
1.8748 0.0608 -0.965925826289 0.066987298108 0.250000000000 4.6800
1.8817 0.0608 -0.965925826289 0.129409522551 -0.224143868042 4.6800
1.8833 0.0608 -0.965925826289 0.129409522551 0.224143868042 4.6800
1.8820 0.0608 -0.965925826289 0.183012701892 -0.183012701892 4.6800
1.8824 0.0608 -0.965925826289 0.183012701892 0.183012701892 4.6800
1.8924 0.0608 -0.965925826289 0.224143868042 -0.129409522551 4.6800
1.8933 0.0608 -0.965925826289 0.224143868042 0.129409522551 4.6800
1.8941 0.0608 -0.965925826289 0.250000000000 -0.066987298108 4.6800
1.8951 0.0608 -0.965925826289 0.250000000000 0.066987298108 4.6800
1.8957 0.0608 -0.965925826289 0.258819045103 0.000000000000 4.6800
1.8909 0.0608 -0.939692620786 -0.342020143326 0.000000000000 4.6800
1.8899 0.0608 -0.939692620786 -0.330366089549 -0.088521326901 4.6800
1.8882 0.0608 -0.939692620786 -0.330366089549 0.088521326901 4.6800
1.8868 0.0608 -0.939692620786 -0.296198132726 -0.171010071663 4.6800
1.8855 0.0608 -0.939692620786 -0.296198132726 0.171010071663 4.6800
1.8677 0.0608 -0.939692620786 -0.241844762648 -0.241844762648 4.6800
1.8668 0.0608 -0.939692620786 -0.241844762648 0.241844762648 4.6800
1.8690 0.0608 -0.939692620786 -0.171010071663 -0.296198132726 4.6800
1.8666 0.0608 -0.939692620786 -0.171010071663 0.296198132726 4.6800
1.8552 0.0608 -0.939692620786 -0.088521326901 -0.330366089549 4.6800
1.8522 0.0608 -0.939692620786 -0.088521326901 0.330366089549 4.6800
1.8507 0.0608 -0.939692620786 0.000000000000 -0.342020143326 4.6800
1.8512 0.0608 -0.939692620786 0.000000000000 0.342020143326 4.6800
1.8528 0.0608 -0.939692620786 0.088521326901 -0.330366089549 4.6800
1.8546 0.0608 -0.939692620786 0.088521326901 0.330366089549 4.6800
1.8666 0.0608 -0.939692620786 0.171010071663 -0.296198132726 4.6800
1.8693 0.0608 -0.939692620786 0.171010071663 0.296198132726 4.6800
1.8670 0.0608 -0.939692620786 0.241844762648 -0.241844762648 4.6800
1.8677 0.0608 -0.939692620786 0.241844762648 0.241844762648 4.6800
1.8853 0.0608 -0.939692620786 0.296198132726 -0.171010071663 4.6800
1.8868 0.0608 -0.939692620786 0.296198132726 0.171010071663 4.6800
1.8882 0.0608 -0.939692620786 0.330366089549 -0.088521326901 4.6800
1.8899 0.0608 -0.939692620786 0.330366089549 0.088521326901 4.6800
1.8910 0.0608 -0.939692620786 0.342020143326 0.000000000000 4.6800
1.8851 0.0608 -0.906307787037 -0.422618261741 0.000000000000 4.6800
1.8836 0.0608 -0.906307787037 -0.408217893677 -0.109381654947 4.6800
1.8810 0.0608 -0.906307787037 -0.408217893677 0.109381654947 4.6800
1.8788 0.0608 -0.906307787037 -0.365998150771 -0.211309130870 4.6800
1.8768 0.0608 -0.906307787037 -0.365998150771 0.211309130870 4.6800
1.8497 0.0608 -0.906307787037 -0.298836238730 -0.298836238730 4.6800
1.8483 0.0608 -0.906307787037 -0.298836238730 0.298836238730 4.6800
1.8517 0.0608 -0.906307787037 -0.211309130870 -0.365998150771 4.6800
1.8480 0.0608 -0.906307787037 -0.211309130870 0.365998150771 4.6800
1.8305 0.0608 -0.906307787037 -0.109381654947 -0.408217893677 4.6800
1.8260 0.0608 -0.906307787037 -0.109381654947 0.408217893677 4.6800
1.8238 0.0608 -0.906307787037 0.000000000000 -0.422618261741 4.6800
1.8244 0.0608 -0.906307787037 0.000000000000 0.422618261741 4.6800
1.8268 0.0608 -0.906307787037 0.109381654947 -0.408217893677 4.6800
1.8297 0.0608 -0.906307787037 0.109381654947 0.408217893677 4.6800
1.8479 0.0608 -0.906307787037 0.211309130870 -0.365998150771 4.6800
1.8521 0.0608 -0.906307787037 0.211309130870 0.365998150771 4.6800
1.8486 0.0608 -0.906307787037 0.298836238730 -0.298836238730 4.6800
1.8497 0.0608 -0.906307787037 0.298836238730 0.298836238730 4.6800
1.8766 0.0608 -0.906307787037 0.365998150771 -0.211309130870 4.6800
1.8788 0.0608 -0.906307787037 0.365998150771 0.211309130870 4.6800
1.8809 0.0608 -0.906307787037 0.408217893677 -0.109381654947 4.6800
1.8835 0.0608 -0.906307787037 0.408217893677 0.109381654947 4.6800
1.8852 0.0608 -0.906307787037 0.422618261741 0.000000000000 4.6800
1.8784 0.0608 -0.866025403784 -0.500000000000 0.000000000000 4.6800
1.8762 0.0608 -0.866025403784 -0.482962913145 -0.129409522551 4.6800
1.8726 0.0608 -0.866025403784 -0.482962913145 0.129409522551 4.6800
1.8695 0.0608 -0.866025403784 -0.433012701892 -0.250000000000 4.6800
1.8667 0.0608 -0.866025403784 -0.433012701892 0.250000000000 4.6800
1.8288 0.0608 -0.866025403784 -0.353553390593 -0.353553390593 4.6800
1.8268 0.0608 -0.866025403784 -0.353553390593 0.353553390593 4.6800
1.8316 0.0608 -0.866025403784 -0.250000000000 -0.433012701892 4.6800
1.8264 0.0608 -0.866025403784 -0.250000000000 0.433012701892 4.6800
1.8018 0.0608 -0.866025403784 -0.129409522551 -0.482962913145 4.6800
1.7957 0.0608 -0.866025403784 -0.129409522551 0.482962913145 4.6800
1.7926 0.0608 -0.866025403784 0.000000000000 -0.500000000000 4.6800
1.7933 0.0608 -0.866025403784 0.000000000000 0.500000000000 4.6800
1.7966 0.0608 -0.866025403784 0.129409522551 -0.482962913145 4.6800
1.8009 0.0608 -0.866025403784 0.129409522551 0.482962913145 4.6800
1.8263 0.0608 -0.866025403784 0.250000000000 -0.433012701892 4.6800
1.8320 0.0608 -0.866025403784 0.250000000000 0.433012701892 4.6800
1.8272 0.0608 -0.866025403784 0.353553390593 -0.353553390593 4.6800
1.8288 0.0608 -0.866025403784 0.353553390593 0.353553390593 4.6800
1.8664 0.0608 -0.866025403784 0.433012701892 -0.250000000000 4.6800
1.8695 0.0608 -0.866025403784 0.433012701892 0.250000000000 4.6800
1.8725 0.0608 -0.866025403784 0.482962913145 -0.129409522551 4.6800
1.8762 0.0608 -0.866025403784 0.482962913145 0.129409522551 4.6800
1.8785 0.0608 -0.866025403784 0.500000000000 0.000000000000 4.6800
1.8709 0.0608 -0.819152044289 -0.573576436351 0.000000000000 4.6800
1.8680 0.0608 -0.819152044289 -0.554032293222 -0.148452505550 4.6800
1.8632 0.0608 -0.819152044289 -0.554032293222 0.148452505550 4.6800
1.8592 0.0608 -0.819152044289 -0.496731764892 -0.286788218176 4.6800
1.8555 0.0608 -0.819152044289 -0.496731764892 0.286788218176 4.6800
1.8056 0.0608 -0.819152044289 -0.405579787673 -0.405579787673 4.6800
1.8031 0.0608 -0.819152044289 -0.405579787673 0.405579787673 4.6800
1.8094 0.0608 -0.819152044289 -0.286788218176 -0.496731764892 4.6800
1.8025 0.0608 -0.819152044289 -0.286788218176 0.496731764892 4.6800
1.7700 0.0608 -0.819152044289 -0.148452505550 -0.554032293222 4.6800
1.7623 0.0608 -0.819152044289 -0.148452505550 0.554032293222 4.6800
1.7581 0.0608 -0.819152044289 0.000000000000 -0.573576436351 4.6800
1.7589 0.0608 -0.819152044289 0.000000000000 0.573576436351 4.6800
1.7632 0.0608 -0.819152044289 0.148452505550 -0.554032293222 4.6800
1.7691 0.0608 -0.819152044289 0.148452505550 0.554032293222 4.6800
1.8024 0.0608 -0.819152044289 0.286788218176 -0.496731764892 4.6800
1.8099 0.0608 -0.819152044289 0.286788218176 0.496731764892 4.6800
1.8035 0.0608 -0.819152044289 0.405579787673 -0.405579787673 4.6800
1.8056 0.0608 -0.819152044289 0.405579787673 0.405579787673 4.6800
1.8552 0.0608 -0.819152044289 0.496731764892 -0.286788218176 4.6800
1.8593 0.0608 -0.819152044289 0.496731764892 0.286788218176 4.6800
1.8632 0.0608 -0.819152044289 0.554032293222 -0.148452505550 4.6800
1.8680 0.0608 -0.819152044289 0.554032293222 0.148452505550 4.6800
1.8711 0.0608 -0.819152044289 0.573576436351 0.000000000000 4.6800
1.8630 0.0608 -0.766044443119 -0.642787609687 0.000000000000 4.6800
1.8593 0.0608 -0.766044443119 -0.620885153015 -0.166365675343 4.6800
1.8533 0.0608 -0.766044443119 -0.620885153015 0.166365675343 4.6800
1.8483 0.0608 -0.766044443119 -0.556670399226 -0.321393804843 4.6800
1.8435 0.0608 -0.766044443119 -0.556670399226 0.321393804843 4.6800
1.7810 0.0608 -0.766044443119 -0.454519477672 -0.454519477672 4.6800
1.7779 0.0608 -0.766044443119 -0.454519477672 0.454519477672 4.6800
1.7858 0.0608 -0.766044443119 -0.321393804843 -0.556670399226 4.6800
1.7770 0.0608 -0.766044443119 -0.321393804843 0.556670399226 4.6800
1.7362 0.0608 -0.766044443119 -0.166365675343 -0.620885153015 4.6800
1.7266 0.0608 -0.766044443119 -0.166365675343 0.620885153015 4.6800
1.7214 0.0608 -0.766044443119 0.000000000000 -0.642787609687 4.6800
1.7222 0.0608 -0.766044443119 0.000000000000 0.642787609687 4.6800
1.7276 0.0608 -0.766044443119 0.166365675343 -0.620885153015 4.6800
1.7352 0.0608 -0.766044443119 0.166365675343 0.620885153015 4.6800
1.7769 0.0608 -0.766044443119 0.321393804843 -0.556670399226 4.6800
1.7863 0.0608 -0.766044443119 0.321393804843 0.556670399226 4.6800
1.7783 0.0608 -0.766044443119 0.454519477672 -0.454519477672 4.6800
1.7810 0.0608 -0.766044443119 0.454519477672 0.454519477672 4.6800
1.8433 0.0608 -0.766044443119 0.556670399226 -0.321393804843 4.6800
1.8484 0.0608 -0.766044443119 0.556670399226 0.321393804843 4.6800
1.8532 0.0608 -0.766044443119 0.620885153015 -0.166365675343 4.6800
1.8593 0.0608 -0.766044443119 0.620885153015 0.166365675343 4.6800
1.8632 0.0608 -0.766044443119 0.642787609687 0.000000000000 4.6800
1.8548 0.0608 -0.707106781187 -0.707106781187 0.000000000000 4.6800
1.8504 0.0608 -0.707106781187 -0.683012701892 -0.183012701892 4.6800
1.8431 0.0608 -0.707106781187 -0.683012701892 0.183012701892 4.6800
1.8370 0.0608 -0.707106781187 -0.612372435696 -0.353553390593 4.6800
1.8312 0.0608 -0.707106781187 -0.612372435696 0.353553390593 4.6800
1.7555 0.0608 -0.707106781187 -0.500000000000 -0.500000000000 4.6800
1.7518 0.0608 -0.707106781187 -0.500000000000 0.500000000000 4.6800
1.7614 0.0608 -0.707106781187 -0.353553390593 -0.612372435696 4.6800
1.7507 0.0608 -0.707106781187 -0.353553390593 0.612372435696 4.6800
1.7012 0.0608 -0.707106781187 -0.183012701892 -0.683012701892 4.6800
1.6899 0.0608 -0.707106781187 -0.183012701892 0.683012701892 4.6800
1.6835 0.0608 -0.707106781187 0.000000010537 -0.707106781187 4.6800
1.6843 0.0608 -0.707106781187 0.000000010537 0.707106781187 4.6800
1.6909 0.0608 -0.707106781187 0.183012701892 -0.683012701892 4.6800
1.7002 0.0608 -0.707106781187 0.183012701892 0.683012701892 4.6800
1.7506 0.0608 -0.707106781187 0.353553390593 -0.612372435696 4.6800
1.7619 0.0608 -0.707106781187 0.353553390593 0.612372435696 4.6800
1.7522 0.0608 -0.707106781187 0.500000000000 -0.500000000000 4.6800
1.7555 0.0608 -0.707106781187 0.500000000000 0.500000000000 4.6800
1.8310 0.0608 -0.707106781187 0.612372435696 -0.353553390593 4.6800
1.8371 0.0608 -0.707106781187 0.612372435696 0.353553390593 4.6800
1.8430 0.0608 -0.707106781187 0.683012701892 -0.183012701892 4.6800
1.8503 0.0608 -0.707106781187 0.683012701892 0.183012701892 4.6800
1.8550 0.0608 -0.707106781187 0.707106781187 0.000000000000 4.6800
1.8466 0.0608 -0.642787609687 -0.766044443119 0.000000000000 4.6800
1.8414 0.0608 -0.642787609687 -0.739942111694 -0.198266891274 4.6800
1.8328 0.0608 -0.642787609687 -0.739942111694 0.198266891274 4.6800
1.8258 0.0608 -0.642787609687 -0.663413948169 -0.383022221559 4.6800
1.8189 0.0608 -0.642787609687 -0.663413948169 0.383022221559 4.6800
1.7301 0.0608 -0.642787609687 -0.541675220420 -0.541675220420 4.6800
1.7258 0.0608 -0.642787609687 -0.541675220420 0.541675220420 4.6800
1.7370 0.0608 -0.642787609687 -0.383022221559 -0.663413948169 4.6800
1.7245 0.0608 -0.642787609687 -0.383022221559 0.663413948169 4.6800
1.6663 0.0608 -0.642787609687 -0.198266891274 -0.739942111694 4.6800
1.6531 0.0608 -0.642787609687 -0.198266891274 0.739942111694 4.6800
1.6457 0.0608 -0.642787609687 0.000000000000 -0.766044443119 4.6800
1.6464 0.0608 -0.642787609687 0.000000009578 0.766044443119 4.6800
1.6541 0.0608 -0.642787609687 0.198266891274 -0.739942111694 4.6800
1.6653 0.0608 -0.642787609687 0.198266891274 0.739942111694 4.6800
1.7243 0.0608 -0.642787609687 0.383022221559 -0.663413948169 4.6800
1.7375 0.0608 -0.642787609687 0.383022221559 0.663413948169 4.6800
1.7262 0.0608 -0.642787609687 0.541675220420 -0.541675220420 4.6800
1.7301 0.0608 -0.642787609687 0.541675220420 0.541675220420 4.6800
1.8187 0.0608 -0.642787609687 0.663413948169 -0.383022221559 4.6800
1.8258 0.0608 -0.642787609687 0.663413948169 0.383022221559 4.6800
1.8327 0.0608 -0.642787609687 0.739942111694 -0.198266891274 4.6800
1.8413 0.0608 -0.642787609687 0.739942111694 0.198266891274 4.6800
1.8468 0.0608 -0.642787609687 0.766044443119 0.000000000000 4.6800
1.8387 0.0608 -0.573576436351 -0.819152044289 0.000000000000 4.6800
1.8327 0.0608 -0.573576436351 -0.791240115236 -0.212012149897 4.6800
1.8229 0.0608 -0.573576436351 -0.791240115236 0.212012149897 4.6800
1.8148 0.0608 -0.573576436351 -0.709406479916 -0.409576022144 4.6800
1.8070 0.0608 -0.573576436351 -0.709406479916 0.409576022144 4.6800
1.7054 0.0608 -0.573576436351 -0.579227965340 -0.579227965340 4.6800
1.7005 0.0608 -0.573576436351 -0.579227965340 0.579227965340 4.6800
1.7134 0.0608 -0.573576436351 -0.409576022144 -0.709406479916 4.6800
1.6990 0.0608 -0.573576436351 -0.409576022144 0.709406479916 4.6800
1.6324 0.0608 -0.573576436351 -0.212012149897 -0.791240115236 4.6800
1.6175 0.0608 -0.573576436351 -0.212012149897 0.791240115236 4.6800
1.6090 0.0608 -0.573576436351 -0.000000000000 -0.819152044289 4.6800
1.6097 0.0608 -0.573576436351 0.000000000000 0.819152044289 4.6800
1.6185 0.0608 -0.573576436351 0.212012149897 -0.791240115236 4.6800
1.6314 0.0608 -0.573576436351 0.212012149897 0.791240115236 4.6800
1.6989 0.0608 -0.573576436351 0.409576022144 -0.709406479916 4.6800
1.7139 0.0608 -0.573576436351 0.409576022144 0.709406479916 4.6800
1.7009 0.0608 -0.573576436351 0.579227965340 -0.579227965340 4.6800
1.7054 0.0608 -0.573576436351 0.579227965340 0.579227965340 4.6800
1.8067 0.0608 -0.573576436351 0.709406479916 -0.409576022144 4.6800
1.8149 0.0608 -0.573576436351 0.709406479916 0.409576022144 4.6800
1.8228 0.0608 -0.573576436351 0.791240115236 -0.212012149897 4.6800
1.8326 0.0608 -0.573576436351 0.791240115236 0.212012149897 4.6800
1.8389 0.0608 -0.573576436351 0.819152044289 0.000000000000 4.6800
1.8312 0.0608 -0.500000000000 -0.866025403784 0.000000000000 4.6800
1.8245 0.0608 -0.500000000000 -0.836516303738 -0.224143868042 4.6800
1.8136 0.0608 -0.500000000000 -0.836516303738 0.224143868042 4.6800
1.8046 0.0608 -0.500000000000 -0.750000000000 -0.433012701892 4.6800
1.7958 0.0608 -0.500000000000 -0.750000000000 0.433012701892 4.6800
1.6823 0.0608 -0.500000000000 -0.612372435696 -0.612372435696 4.6800
1.6768 0.0608 -0.500000000000 -0.612372435696 0.612372435696 4.6800
1.6912 0.0608 -0.500000000000 -0.433012701892 -0.750000000000 4.6800
1.6751 0.0608 -0.500000000000 -0.433012701892 0.750000000000 4.6800
1.6005 0.0608 -0.500000000000 -0.224143868042 -0.836516303738 4.6800
1.5841 0.0608 -0.500000000000 -0.224143868042 0.836516303738 4.6800
1.5745 0.0608 -0.500000000000 -0.000000000000 -0.866025403784 4.6800
1.5752 0.0608 -0.500000000000 0.000000000000 0.866025403784 4.6800
1.5850 0.0608 -0.500000000000 0.224143868042 -0.836516303738 4.6800
1.5997 0.0608 -0.500000000000 0.224143868042 0.836516303738 4.6800
1.6750 0.0608 -0.500000000000 0.433012701892 -0.750000000000 4.6800
1.6917 0.0608 -0.500000000000 0.433012701892 0.750000000000 4.6800
1.6772 0.0608 -0.500000000000 0.612372435696 -0.612372435696 4.6800
1.6823 0.0608 -0.500000000000 0.612372435696 0.612372435696 4.6800
1.7956 0.0608 -0.500000000000 0.750000000000 -0.433012701892 4.6800
1.8046 0.0608 -0.500000000000 0.750000000000 0.433012701892 4.6800
1.8135 0.0608 -0.500000000000 0.836516303738 -0.224143868042 4.6800
1.8245 0.0608 -0.500000000000 0.836516303738 0.224143868042 4.6800
1.8314 0.0608 -0.500000000000 0.866025403784 0.000000000000 4.6800
1.8245 0.0608 -0.422618261741 -0.906307787037 0.000000000000 4.6800
1.8171 0.0608 -0.422618261741 -0.875426098066 -0.234569716010 4.6800
1.8051 0.0608 -0.422618261741 -0.875426098066 0.234569716010 4.6800
1.7953 0.0608 -0.422618261741 -0.784885567221 -0.453153893518 4.6800
1.7856 0.0608 -0.422618261741 -0.784885567221 0.453153893518 4.6800
1.6614 0.0608 -0.422618261741 -0.640856382056 -0.640856382056 4.6800
1.6555 0.0608 -0.422618261741 -0.640856382056 0.640856382056 4.6800
1.6712 0.0608 -0.422618261741 -0.453153893518 -0.784885567221 4.6800
1.6534 0.0608 -0.422618261741 -0.453153893518 0.784885567221 4.6800
1.5718 0.0608 -0.422618261741 -0.234569716010 -0.875426098066 4.6800
1.5539 0.0608 -0.422618261741 -0.234569716010 0.875426098066 4.6800
1.5434 0.0608 -0.422618261741 -0.000000000000 -0.906307787037 4.6800
1.5440 0.0608 -0.422618261741 0.000000000000 0.906307787037 4.6800
1.5547 0.0608 -0.422618261741 0.234569716010 -0.875426098066 4.6800
1.5710 0.0608 -0.422618261741 0.234569716010 0.875426098066 4.6800
1.6534 0.0608 -0.422618261741 0.453153893518 -0.784885567221 4.6800
1.6716 0.0608 -0.422618261741 0.453153893518 0.784885567221 4.6800
1.6558 0.0608 -0.422618261741 0.640856382056 -0.640856382056 4.6800
1.6614 0.0608 -0.422618261741 0.640856382056 0.640856382056 4.6800
1.7854 0.0608 -0.422618261741 0.784885567221 -0.453153893518 4.6800
1.7953 0.0608 -0.422618261741 0.784885567221 0.453153893518 4.6800
1.8051 0.0608 -0.422618261741 0.875426098066 -0.234569716010 4.6800
1.8171 0.0608 -0.422618261741 0.875426098066 0.234569716010 4.6800
1.8247 0.0608 -0.422618261741 0.906307787037 0.000000000000 4.6800
1.8187 0.0608 -0.342020143326 -0.939692620786 0.000000000000 4.6800
1.8108 0.0608 -0.342020143326 -0.907673371190 -0.243210346802 4.6800
1.7979 0.0608 -0.342020143326 -0.907673371190 0.243210346802 4.6800
1.7873 0.0608 -0.342020143326 -0.813797681349 -0.469846310393 4.6800
1.7769 0.0608 -0.342020143326 -0.813797681349 0.469846310393 4.6800
1.6433 0.0608 -0.342020143326 -0.664463024389 -0.664463024389 4.6800
1.6370 0.0608 -0.342020143326 -0.664463024389 0.664463024389 4.6800
1.6540 0.0608 -0.342020143326 -0.469846310393 -0.813797681349 4.6800
1.6348 0.0608 -0.342020143326 -0.469846310393 0.813797681349 4.6800
1.5469 0.0608 -0.342020143326 -0.243210346802 -0.907673371190 4.6800
1.5279 0.0608 -0.342020143326 -0.243210346802 0.907673371190 4.6800
1.5166 0.0608 -0.342020143326 -0.000000005096 -0.939692620786 4.6800
1.5171 0.0608 -0.342020143326 0.000000005096 0.939692620786 4.6800
1.5286 0.0608 -0.342020143326 0.243210346802 -0.907673371190 4.6800
1.5462 0.0608 -0.342020143326 0.243210346802 0.907673371190 4.6800
1.6347 0.0608 -0.342020143326 0.469846310393 -0.813797681349 4.6800
1.6543 0.0608 -0.342020143326 0.469846310393 0.813797681349 4.6800
1.6372 0.0608 -0.342020143326 0.664463024389 -0.664463024389 4.6800
1.6433 0.0608 -0.342020143326 0.664463024389 0.664463024389 4.6800
1.7767 0.0608 -0.342020143326 0.813797681349 -0.469846310393 4.6800
1.7873 0.0608 -0.342020143326 0.813797681349 0.469846310393 4.6800
1.7978 0.0608 -0.342020143326 0.907673371190 -0.243210346802 4.6800
1.8107 0.0608 -0.342020143326 0.907673371190 0.243210346802 4.6800
1.8188 0.0608 -0.342020143326 0.939692620786 0.000000000000 4.6800
1.8140 0.0608 -0.258819045103 -0.965925826289 0.000000000000 4.6800
1.8056 0.0608 -0.258819045103 -0.933012701892 -0.250000000000 4.6800
1.7920 0.0608 -0.258819045103 -0.933012701892 0.250000000000 4.6800
1.7808 0.0608 -0.258819045103 -0.836516303738 -0.482962913145 4.6800
1.7698 0.0608 -0.258819045103 -0.836516303738 0.482962913145 4.6800
1.6287 0.0608 -0.258819045103 -0.683012701892 -0.683012701892 4.6800
1.6220 0.0608 -0.258819045103 -0.683012701892 0.683012701892 4.6800
1.6400 0.0608 -0.258819045103 -0.482962913145 -0.836516303738 4.6800
1.6197 0.0608 -0.258819045103 -0.482962913145 0.836516303738 4.6800
1.5267 0.0608 -0.258819045103 -0.250000000000 -0.933012701892 4.6800
1.5068 0.0608 -0.258819045103 -0.250000000000 0.933012701892 4.6800
1.4948 0.0608 -0.258819045103 -0.000000000000 -0.965925826289 4.6800
1.4952 0.0608 -0.258819045103 0.000000000000 0.965925826289 4.6800
1.5074 0.0608 -0.258819045103 0.250000000000 -0.933012701892 4.6800
1.5262 0.0608 -0.258819045103 0.250000000000 0.933012701892 4.6800
1.6196 0.0608 -0.258819045103 0.482962913145 -0.836516303738 4.6800
1.6402 0.0608 -0.258819045103 0.482962913145 0.836516303738 4.6800
1.6222 0.0608 -0.258819045103 0.683012701892 -0.683012701892 4.6800
1.6287 0.0608 -0.258819045103 0.683012701892 0.683012701892 4.6800
1.7696 0.0608 -0.258819045103 0.836516303738 -0.482962913145 4.6800
1.7808 0.0608 -0.258819045103 0.836516303738 0.482962913145 4.6800
1.7919 0.0608 -0.258819045103 0.933012701892 -0.250000000000 4.6800
1.8056 0.0608 -0.258819045103 0.933012701892 0.250000000000 4.6800
1.8141 0.0608 -0.258819045103 0.965925826289 0.000000000000 4.6800
1.8106 0.0608 -0.173648177667 -0.984807753012 0.000000000000 4.6800
1.8018 0.0608 -0.173648177667 -0.951251242564 -0.254887002244 4.6800
1.7876 0.0608 -0.173648177667 -0.951251242564 0.254887002244 4.6800
1.7760 0.0608 -0.173648177667 -0.852868531952 -0.492403876506 4.6800
1.7645 0.0608 -0.173648177667 -0.852868531952 0.492403876506 4.6800
1.6179 0.0608 -0.173648177667 -0.696364240320 -0.696364240320 4.6800
1.6110 0.0608 -0.173648177667 -0.696364240320 0.696364240320 4.6800
1.6297 0.0608 -0.173648177667 -0.492403876506 -0.852868531952 4.6800
1.6085 0.0608 -0.173648177667 -0.492403876506 0.852868531952 4.6800
1.5118 0.0608 -0.173648177667 -0.254887002244 -0.951251242564 4.6800
1.4913 0.0608 -0.173648177667 -0.254887002244 0.951251242564 4.6800
1.4788 0.0608 -0.173648177667 -0.000000000000 -0.984807753012 4.6800
1.4791 0.0608 -0.173648177667 0.000000000000 0.984807753012 4.6800
1.4917 0.0608 -0.173648177667 0.254887002244 -0.951251242564 4.6800
1.5115 0.0608 -0.173648177667 0.254887002244 0.951251242564 4.6800
1.6085 0.0608 -0.173648177667 0.492403876506 -0.852868531952 4.6800
1.6298 0.0608 -0.173648177667 0.492403876506 0.852868531952 4.6800
1.6111 0.0608 -0.173648177667 0.696364240320 -0.696364240320 4.6800
1.6179 0.0608 -0.173648177667 0.696364240320 0.696364240320 4.6800
1.7644 0.0608 -0.173648177667 0.852868531952 -0.492403876506 4.6800
1.7760 0.0608 -0.173648177667 0.852868531952 0.492403876506 4.6800
1.7876 0.0608 -0.173648177667 0.951251242564 -0.254887002244 4.6800
1.8018 0.0608 -0.173648177667 0.951251242564 0.254887002244 4.6800
1.8106 0.0608 -0.173648177667 0.984807753012 0.000000000000 4.6800
1.8085 0.0608 -0.087155742748 -0.996194698092 0.000000000000 4.6800
1.7995 0.0608 -0.087155742748 -0.962250186899 -0.257834160496 4.6800
1.7849 0.0608 -0.087155742748 -0.962250186899 0.257834160496 4.6800
1.7731 0.0608 -0.087155742748 -0.862729915663 -0.498097349046 4.6800
1.7613 0.0608 -0.087155742748 -0.862729915663 0.498097349046 4.6800
1.6113 0.0608 -0.087155742748 -0.704416026403 -0.704416026403 4.6800
1.6043 0.0608 -0.087155742748 -0.704416026403 0.704416026403 4.6800
1.6234 0.0608 -0.087155742748 -0.498097349046 -0.862729915663 4.6800
1.6017 0.0608 -0.087155742748 -0.498097349046 0.862729915663 4.6800
1.5026 0.0608 -0.087155742748 -0.257834160496 -0.962250186899 4.6800
1.4819 0.0608 -0.087155742748 -0.257834160496 0.962250186899 4.6800
1.4691 0.0608 -0.087155742748 -0.000000000000 -0.996194698092 4.6800
1.4692 0.0608 -0.087155742748 0.000000001299 0.996194698092 4.6800
1.4820 0.0608 -0.087155742748 0.257834160496 -0.962250186899 4.6800
1.5025 0.0608 -0.087155742748 0.257834160496 0.962250186899 4.6800
1.6016 0.0608 -0.087155742748 0.498097349046 -0.862729915663 4.6800
1.6235 0.0608 -0.087155742748 0.498097349046 0.862729915663 4.6800
1.6043 0.0608 -0.087155742748 0.704416026403 -0.704416026403 4.6800
1.6113 0.0608 -0.087155742748 0.704416026403 0.704416026403 4.6800
1.7613 0.0608 -0.087155742748 0.862729915663 -0.498097349046 4.6800
1.7731 0.0608 -0.087155742748 0.862729915663 0.498097349046 4.6800
1.7849 0.0608 -0.087155742748 0.962250186899 -0.257834160496 4.6800
1.7994 0.0608 -0.087155742748 0.962250186899 0.257834160496 4.6800
1.8085 0.0608 -0.087155742748 0.996194698092 0.000000000000 4.6800
1.4658 0.0608 -0.000000011546 0.000000009420 1.000000000000 4.6800
1.8078 0.0608 0.000000000000 -1.000000000000 0.000000000000 4.6800
1.7987 0.0608 0.000000000000 -0.965925826289 -0.258819045103 4.6800
1.7840 0.0608 0.000000000000 -0.965925826289 0.258819045103 4.6800
1.7721 0.0608 0.000000000000 -0.866025403784 -0.500000000000 4.6800
1.7602 0.0608 0.000000000000 -0.866025403784 0.500000000000 4.6800
1.6091 0.0608 0.000000000000 -0.707106781187 -0.707106781187 4.6800
1.6020 0.0608 0.000000000000 -0.707106781187 0.707106781187 4.6800
1.6213 0.0608 0.000000000000 -0.500000000000 -0.866025403784 4.6800
1.5994 0.0608 0.000000000000 -0.500000000000 0.866025403784 4.6800
1.4995 0.0608 0.000000000000 -0.258819045103 -0.965925826289 4.6800
1.4787 0.0608 0.000000000000 -0.258819045103 0.965925826289 4.6800
1.4787 0.0608 0.000000000000 0.258819045103 -0.965925826289 4.6800
1.4995 0.0608 0.000000000000 0.258819045103 0.965925826289 4.6800
1.5994 0.0608 0.000000000000 0.500000000000 -0.866025403784 4.6800
1.6213 0.0608 0.000000000000 0.500000000000 0.866025403784 4.6800
1.6020 0.0608 0.000000000000 0.707106781187 -0.707106781187 4.6800
1.6091 0.0608 0.000000000000 0.707106781187 0.707106781187 4.6800
1.7602 0.0608 0.000000000000 0.866025403784 -0.500000000000 4.6800
1.7721 0.0608 0.000000000000 0.866025403784 0.500000000000 4.6800
1.7840 0.0608 0.000000000000 0.965925826289 -0.258819045103 4.6800
1.7987 0.0608 0.000000000000 0.965925826289 0.258819045103 4.6800
1.8078 0.0608 0.000000000000 1.000000000000 0.000000000000 4.6800
1.4658 0.0608 0.000000011546 -0.000000009420 -1.000000000000 4.6800
1.8085 0.0608 0.087155742748 -0.996194698092 0.000000000000 4.6800
1.7994 0.0608 0.087155742748 -0.962250186899 -0.257834160496 4.6800
1.7849 0.0608 0.087155742748 -0.962250186899 0.257834160496 4.6800
1.7731 0.0608 0.087155742748 -0.862729915663 -0.498097349046 4.6800
1.7613 0.0608 0.087155742748 -0.862729915663 0.498097349046 4.6800
1.6113 0.0608 0.087155742748 -0.704416026403 -0.704416026403 4.6800
1.6043 0.0608 0.087155742748 -0.704416026403 0.704416026403 4.6800
1.6235 0.0608 0.087155742748 -0.498097349046 -0.862729915663 4.6800
1.6016 0.0608 0.087155742748 -0.498097349046 0.862729915663 4.6800
1.5025 0.0608 0.087155742748 -0.257834160496 -0.962250186899 4.6800
1.4820 0.0608 0.087155742748 -0.257834160496 0.962250186899 4.6800
1.4692 0.0608 0.087155742748 -0.000000001299 -0.996194698092 4.6800
1.4691 0.0608 0.087155742748 0.000000000000 0.996194698092 4.6800
1.4819 0.0608 0.087155742748 0.257834160496 -0.962250186899 4.6800
1.5026 0.0608 0.087155742748 0.257834160496 0.962250186899 4.6800
1.6017 0.0608 0.087155742748 0.498097349046 -0.862729915663 4.6800
1.6234 0.0608 0.087155742748 0.498097349046 0.862729915663 4.6800
1.6043 0.0608 0.087155742748 0.704416026403 -0.704416026403 4.6800
1.6113 0.0608 0.087155742748 0.704416026403 0.704416026403 4.6800
1.7613 0.0608 0.087155742748 0.862729915663 -0.498097349046 4.6800
1.7731 0.0608 0.087155742748 0.862729915663 0.498097349046 4.6800
1.7849 0.0608 0.087155742748 0.962250186899 -0.257834160496 4.6800
1.7995 0.0608 0.087155742748 0.962250186899 0.257834160496 4.6800
1.8085 0.0608 0.087155742748 0.996194698092 0.000000000000 4.6800
1.8106 0.0608 0.173648177667 -0.984807753012 0.000000000000 4.6800
1.8018 0.0608 0.173648177667 -0.951251242564 -0.254887002244 4.6800
1.7876 0.0608 0.173648177667 -0.951251242564 0.254887002244 4.6800
1.7760 0.0608 0.173648177667 -0.852868531952 -0.492403876506 4.6800
1.7644 0.0608 0.173648177667 -0.852868531952 0.492403876506 4.6800
1.6179 0.0608 0.173648177667 -0.696364240320 -0.696364240320 4.6800
1.6111 0.0608 0.173648177667 -0.696364240320 0.696364240320 4.6800
1.6298 0.0608 0.173648177667 -0.492403876506 -0.852868531952 4.6800
1.6085 0.0608 0.173648177667 -0.492403876506 0.852868531952 4.6800
1.5115 0.0608 0.173648177667 -0.254887002244 -0.951251242564 4.6800
1.4917 0.0608 0.173648177667 -0.254887002244 0.951251242564 4.6800
1.4791 0.0608 0.173648177667 0.000000000000 -0.984807753012 4.6800
1.4788 0.0608 0.173648177667 0.000000000000 0.984807753012 4.6800
1.4913 0.0608 0.173648177667 0.254887002244 -0.951251242564 4.6800
1.5118 0.0608 0.173648177667 0.254887002244 0.951251242564 4.6800
1.6085 0.0608 0.173648177667 0.492403876506 -0.852868531952 4.6800
1.6297 0.0608 0.173648177667 0.492403876506 0.852868531952 4.6800
1.6110 0.0608 0.173648177667 0.696364240320 -0.696364240320 4.6800
1.6179 0.0608 0.173648177667 0.696364240320 0.696364240320 4.6800
1.7645 0.0608 0.173648177667 0.852868531952 -0.492403876506 4.6800
1.7760 0.0608 0.173648177667 0.852868531952 0.492403876506 4.6800
1.7876 0.0608 0.173648177667 0.951251242564 -0.254887002244 4.6800
1.8018 0.0608 0.173648177667 0.951251242564 0.254887002244 4.6800
1.8106 0.0608 0.173648177667 0.984807753012 0.000000000000 4.6800
1.8141 0.0608 0.258819045103 -0.965925826289 0.000000000000 4.6800
1.8056 0.0608 0.258819045103 -0.933012701892 -0.250000000000 4.6800
1.7919 0.0608 0.258819045103 -0.933012701892 0.250000000000 4.6800
1.7808 0.0608 0.258819045103 -0.836516303738 -0.482962913145 4.6800
1.7696 0.0608 0.258819045103 -0.836516303738 0.482962913145 4.6800
1.6287 0.0608 0.258819045103 -0.683012701892 -0.683012701892 4.6800
1.6222 0.0608 0.258819045103 -0.683012701892 0.683012701892 4.6800
1.6402 0.0608 0.258819045103 -0.482962913145 -0.836516303738 4.6800
1.6196 0.0608 0.258819045103 -0.482962913145 0.836516303738 4.6800
1.5262 0.0608 0.258819045103 -0.250000000000 -0.933012701892 4.6800
1.5074 0.0608 0.258819045103 -0.250000000000 0.933012701892 4.6800
1.4952 0.0608 0.258819045103 0.000000000000 -0.965925826289 4.6800
1.4948 0.0608 0.258819045103 0.000000000000 0.965925826289 4.6800
1.5068 0.0608 0.258819045103 0.250000000000 -0.933012701892 4.6800
1.5267 0.0608 0.258819045103 0.250000000000 0.933012701892 4.6800
1.6197 0.0608 0.258819045103 0.482962913145 -0.836516303738 4.6800
1.6400 0.0608 0.258819045103 0.482962913145 0.836516303738 4.6800
1.6220 0.0608 0.258819045103 0.683012701892 -0.683012701892 4.6800
1.6287 0.0608 0.258819045103 0.683012701892 0.683012701892 4.6800
1.7698 0.0608 0.258819045103 0.836516303738 -0.482962913145 4.6800
1.7808 0.0608 0.258819045103 0.836516303738 0.482962913145 4.6800
1.7920 0.0608 0.258819045103 0.933012701892 -0.250000000000 4.6800
1.8056 0.0608 0.258819045103 0.933012701892 0.250000000000 4.6800
1.8140 0.0608 0.258819045103 0.965925826289 0.000000000000 4.6800
1.8188 0.0608 0.342020143326 -0.939692620786 0.000000000000 4.6800
1.8107 0.0608 0.342020143326 -0.907673371190 -0.243210346802 4.6800
1.7978 0.0608 0.342020143326 -0.907673371190 0.243210346802 4.6800
1.7873 0.0608 0.342020143326 -0.813797681349 -0.469846310393 4.6800
1.7767 0.0608 0.342020143326 -0.813797681349 0.469846310393 4.6800
1.6433 0.0608 0.342020143326 -0.664463024389 -0.664463024389 4.6800
1.6372 0.0608 0.342020143326 -0.664463024389 0.664463024389 4.6800
1.6543 0.0608 0.342020143326 -0.469846310393 -0.813797681349 4.6800
1.6347 0.0608 0.342020143326 -0.469846310393 0.813797681349 4.6800
1.5462 0.0608 0.342020143326 -0.243210346802 -0.907673371190 4.6800
1.5286 0.0608 0.342020143326 -0.243210346802 0.907673371190 4.6800
1.5171 0.0608 0.342020143326 -0.000000005096 -0.939692620786 4.6800
1.5166 0.0608 0.342020143326 0.000000005096 0.939692620786 4.6800
1.5279 0.0608 0.342020143326 0.243210346802 -0.907673371190 4.6800
1.5469 0.0608 0.342020143326 0.243210346802 0.907673371190 4.6800
1.6348 0.0608 0.342020143326 0.469846310393 -0.813797681349 4.6800
1.6540 0.0608 0.342020143326 0.469846310393 0.813797681349 4.6800
1.6370 0.0608 0.342020143326 0.664463024389 -0.664463024389 4.6800
1.6433 0.0608 0.342020143326 0.664463024389 0.664463024389 4.6800
1.7769 0.0608 0.342020143326 0.813797681349 -0.469846310393 4.6800
1.7873 0.0608 0.342020143326 0.813797681349 0.469846310393 4.6800
1.7979 0.0608 0.342020143326 0.907673371190 -0.243210346802 4.6800
1.8108 0.0608 0.342020143326 0.907673371190 0.243210346802 4.6800
1.8187 0.0608 0.342020143326 0.939692620786 0.000000000000 4.6800
1.8247 0.0608 0.422618261741 -0.906307787037 0.000000000000 4.6800
1.8171 0.0608 0.422618261741 -0.875426098066 -0.234569716010 4.6800
1.8051 0.0608 0.422618261741 -0.875426098066 0.234569716010 4.6800
1.7953 0.0608 0.422618261741 -0.784885567221 -0.453153893518 4.6800
1.7854 0.0608 0.422618261741 -0.784885567221 0.453153893518 4.6800
1.6614 0.0608 0.422618261741 -0.640856382056 -0.640856382056 4.6800
1.6558 0.0608 0.422618261741 -0.640856382056 0.640856382056 4.6800
1.6716 0.0608 0.422618261741 -0.453153893518 -0.784885567221 4.6800
1.6534 0.0608 0.422618261741 -0.453153893518 0.784885567221 4.6800
1.5710 0.0608 0.422618261741 -0.234569716010 -0.875426098066 4.6800
1.5547 0.0608 0.422618261741 -0.234569716010 0.875426098066 4.6800
1.5440 0.0608 0.422618261741 0.000000000000 -0.906307787037 4.6800
1.5434 0.0608 0.422618261741 0.000000000000 0.906307787037 4.6800
1.5539 0.0608 0.422618261741 0.234569716010 -0.875426098066 4.6800
1.5718 0.0608 0.422618261741 0.234569716010 0.875426098066 4.6800
1.6534 0.0608 0.422618261741 0.453153893518 -0.784885567221 4.6800
1.6712 0.0608 0.422618261741 0.453153893518 0.784885567221 4.6800
1.6555 0.0608 0.422618261741 0.640856382056 -0.640856382056 4.6800
1.6614 0.0608 0.422618261741 0.640856382056 0.640856382056 4.6800
1.7856 0.0608 0.422618261741 0.784885567221 -0.453153893518 4.6800
1.7953 0.0608 0.422618261741 0.784885567221 0.453153893518 4.6800
1.8051 0.0608 0.422618261741 0.875426098066 -0.234569716010 4.6800
1.8171 0.0608 0.422618261741 0.875426098066 0.234569716010 4.6800
1.8245 0.0608 0.422618261741 0.906307787037 0.000000000000 4.6800
1.8314 0.0608 0.500000000000 -0.866025403784 0.000000000000 4.6800
1.8245 0.0608 0.500000000000 -0.836516303738 -0.224143868042 4.6800
1.8135 0.0608 0.500000000000 -0.836516303738 0.224143868042 4.6800
1.8046 0.0608 0.500000000000 -0.750000000000 -0.433012701892 4.6800
1.7956 0.0608 0.500000000000 -0.750000000000 0.433012701892 4.6800
1.6823 0.0608 0.500000000000 -0.612372435696 -0.612372435696 4.6800
1.6772 0.0608 0.500000000000 -0.612372435696 0.612372435696 4.6800
1.6917 0.0608 0.500000000000 -0.433012701892 -0.750000000000 4.6800
1.6750 0.0608 0.500000000000 -0.433012701892 0.750000000000 4.6800
1.5997 0.0608 0.500000000000 -0.224143868042 -0.836516303738 4.6800
1.5850 0.0608 0.500000000000 -0.224143868042 0.836516303738 4.6800
1.5752 0.0608 0.500000000000 0.000000000000 -0.866025403784 4.6800
1.5745 0.0608 0.500000000000 0.000000000000 0.866025403784 4.6800
1.5841 0.0608 0.500000000000 0.224143868042 -0.836516303738 4.6800
1.6005 0.0608 0.500000000000 0.224143868042 0.836516303738 4.6800
1.6751 0.0608 0.500000000000 0.433012701892 -0.750000000000 4.6800
1.6912 0.0608 0.500000000000 0.433012701892 0.750000000000 4.6800
1.6768 0.0608 0.500000000000 0.612372435696 -0.612372435696 4.6800
1.6823 0.0608 0.500000000000 0.612372435696 0.612372435696 4.6800
1.7958 0.0608 0.500000000000 0.750000000000 -0.433012701892 4.6800
1.8046 0.0608 0.500000000000 0.750000000000 0.433012701892 4.6800
1.8136 0.0608 0.500000000000 0.836516303738 -0.224143868042 4.6800
1.8245 0.0608 0.500000000000 0.836516303738 0.224143868042 4.6800
1.8312 0.0608 0.500000000000 0.866025403784 0.000000000000 4.6800
1.8389 0.0608 0.573576436351 -0.819152044289 0.000000000000 4.6800
1.8326 0.0608 0.573576436351 -0.791240115236 -0.212012149897 4.6800
1.8228 0.0608 0.573576436351 -0.791240115236 0.212012149897 4.6800
1.8149 0.0608 0.573576436351 -0.709406479916 -0.409576022144 4.6800
1.8067 0.0608 0.573576436351 -0.709406479916 0.409576022144 4.6800
1.7054 0.0608 0.573576436351 -0.579227965340 -0.579227965340 4.6800
1.7009 0.0608 0.573576436351 -0.579227965340 0.579227965340 4.6800
1.7139 0.0608 0.573576436351 -0.409576022144 -0.709406479916 4.6800
1.6989 0.0608 0.573576436351 -0.409576022144 0.709406479916 4.6800
1.6314 0.0608 0.573576436351 -0.212012149897 -0.791240115236 4.6800
1.6185 0.0608 0.573576436351 -0.212012149897 0.791240115236 4.6800
1.6097 0.0608 0.573576436351 0.000000000000 -0.819152044289 4.6800
1.6090 0.0608 0.573576436351 0.000000000000 0.819152044289 4.6800
1.6175 0.0608 0.573576436351 0.212012149897 -0.791240115236 4.6800
1.6324 0.0608 0.573576436351 0.212012149897 0.791240115236 4.6800
1.6990 0.0608 0.573576436351 0.409576022144 -0.709406479916 4.6800
1.7134 0.0608 0.573576436351 0.409576022144 0.709406479916 4.6800
1.7005 0.0608 0.573576436351 0.579227965340 -0.579227965340 4.6800
1.7054 0.0608 0.573576436351 0.579227965340 0.579227965340 4.6800
1.8070 0.0608 0.573576436351 0.709406479916 -0.409576022144 4.6800
1.8148 0.0608 0.573576436351 0.709406479916 0.409576022144 4.6800
1.8229 0.0608 0.573576436351 0.791240115236 -0.212012149897 4.6800
1.8327 0.0608 0.573576436351 0.791240115236 0.212012149897 4.6800
1.8387 0.0608 0.573576436351 0.819152044289 0.000000000000 4.6800
1.8468 0.0608 0.642787609687 -0.766044443119 0.000000000000 4.6800
1.8413 0.0608 0.642787609687 -0.739942111694 -0.198266891274 4.6800
1.8327 0.0608 0.642787609687 -0.739942111694 0.198266891274 4.6800
1.8258 0.0608 0.642787609687 -0.663413948169 -0.383022221559 4.6800
1.8187 0.0608 0.642787609687 -0.663413948169 0.383022221559 4.6800
1.7301 0.0608 0.642787609687 -0.541675220420 -0.541675220420 4.6800
1.7262 0.0608 0.642787609687 -0.541675220420 0.541675220420 4.6800
1.7375 0.0608 0.642787609687 -0.383022221559 -0.663413948169 4.6800
1.7243 0.0608 0.642787609687 -0.383022221559 0.663413948169 4.6800
1.6653 0.0608 0.642787609687 -0.198266891274 -0.739942111694 4.6800
1.6541 0.0608 0.642787609687 -0.198266891274 0.739942111694 4.6800
1.6464 0.0608 0.642787609687 -0.000000009578 -0.766044443119 4.6800
1.6457 0.0608 0.642787609687 0.000000000000 0.766044443119 4.6800
1.6531 0.0608 0.642787609687 0.198266891274 -0.739942111694 4.6800
1.6663 0.0608 0.642787609687 0.198266891274 0.739942111694 4.6800
1.7245 0.0608 0.642787609687 0.383022221559 -0.663413948169 4.6800
1.7370 0.0608 0.642787609687 0.383022221559 0.663413948169 4.6800
1.7258 0.0608 0.642787609687 0.541675220420 -0.541675220420 4.6800
1.7301 0.0608 0.642787609687 0.541675220420 0.541675220420 4.6800
1.8189 0.0608 0.642787609687 0.663413948169 -0.383022221559 4.6800
1.8258 0.0608 0.642787609687 0.663413948169 0.383022221559 4.6800
1.8328 0.0608 0.642787609687 0.739942111694 -0.198266891274 4.6800
1.8414 0.0608 0.642787609687 0.739942111694 0.198266891274 4.6800
1.8466 0.0608 0.642787609687 0.766044443119 0.000000000000 4.6800
1.8550 0.0608 0.707106781187 -0.707106781187 0.000000000000 4.6800
1.8503 0.0608 0.707106781187 -0.683012701892 -0.183012701892 4.6800
1.8430 0.0608 0.707106781187 -0.683012701892 0.183012701892 4.6800
1.8371 0.0608 0.707106781187 -0.612372435696 -0.353553390593 4.6800
1.8310 0.0608 0.707106781187 -0.612372435696 0.353553390593 4.6800
1.7555 0.0608 0.707106781187 -0.500000000000 -0.500000000000 4.6800
1.7522 0.0608 0.707106781187 -0.500000000000 0.500000000000 4.6800
1.7619 0.0608 0.707106781187 -0.353553390593 -0.612372435696 4.6800
1.7506 0.0608 0.707106781187 -0.353553390593 0.612372435696 4.6800
1.7002 0.0608 0.707106781187 -0.183012701892 -0.683012701892 4.6800
1.6909 0.0608 0.707106781187 -0.183012701892 0.683012701892 4.6800
1.6843 0.0608 0.707106781187 -0.000000010537 -0.707106781187 4.6800
1.6835 0.0608 0.707106781187 -0.000000010537 0.707106781187 4.6800
1.6899 0.0608 0.707106781187 0.183012701892 -0.683012701892 4.6800
1.7012 0.0608 0.707106781187 0.183012701892 0.683012701892 4.6800
1.7507 0.0608 0.707106781187 0.353553390593 -0.612372435696 4.6800
1.7614 0.0608 0.707106781187 0.353553390593 0.612372435696 4.6800
1.7518 0.0608 0.707106781187 0.500000000000 -0.500000000000 4.6800
1.7555 0.0608 0.707106781187 0.500000000000 0.500000000000 4.6800
1.8312 0.0608 0.707106781187 0.612372435696 -0.353553390593 4.6800
1.8370 0.0608 0.707106781187 0.612372435696 0.353553390593 4.6800
1.8431 0.0608 0.707106781187 0.683012701892 -0.183012701892 4.6800
1.8504 0.0608 0.707106781187 0.683012701892 0.183012701892 4.6800
1.8548 0.0608 0.707106781187 0.707106781187 0.000000000000 4.6800
1.8632 0.0608 0.766044443119 -0.642787609687 0.000000000000 4.6800
1.8593 0.0608 0.766044443119 -0.620885153015 -0.166365675343 4.6800
1.8532 0.0608 0.766044443119 -0.620885153015 0.166365675343 4.6800
1.8484 0.0608 0.766044443119 -0.556670399226 -0.321393804843 4.6800
1.8433 0.0608 0.766044443119 -0.556670399226 0.321393804843 4.6800
1.7810 0.0608 0.766044443119 -0.454519477672 -0.454519477672 4.6800
1.7783 0.0608 0.766044443119 -0.454519477672 0.454519477672 4.6800
1.7863 0.0608 0.766044443119 -0.321393804843 -0.556670399226 4.6800
1.7769 0.0608 0.766044443119 -0.321393804843 0.556670399226 4.6800
1.7352 0.0608 0.766044443119 -0.166365675343 -0.620885153015 4.6800
1.7276 0.0608 0.766044443119 -0.166365675343 0.620885153015 4.6800
1.7222 0.0608 0.766044443119 0.000000000000 -0.642787609687 4.6800
1.7214 0.0608 0.766044443119 0.000000000000 0.642787609687 4.6800
1.7266 0.0608 0.766044443119 0.166365675343 -0.620885153015 4.6800
1.7362 0.0608 0.766044443119 0.166365675343 0.620885153015 4.6800
1.7770 0.0608 0.766044443119 0.321393804843 -0.556670399226 4.6800
1.7858 0.0608 0.766044443119 0.321393804843 0.556670399226 4.6800
1.7779 0.0608 0.766044443119 0.454519477672 -0.454519477672 4.6800
1.7810 0.0608 0.766044443119 0.454519477672 0.454519477672 4.6800
1.8435 0.0608 0.766044443119 0.556670399226 -0.321393804843 4.6800
1.8483 0.0608 0.766044443119 0.556670399226 0.321393804843 4.6800
1.8533 0.0608 0.766044443119 0.620885153015 -0.166365675343 4.6800
1.8593 0.0608 0.766044443119 0.620885153015 0.166365675343 4.6800
1.8630 0.0608 0.766044443119 0.642787609687 0.000000000000 4.6800
1.8711 0.0608 0.819152044289 -0.573576436351 0.000000000000 4.6800
1.8680 0.0608 0.819152044289 -0.554032293222 -0.148452505550 4.6800
1.8632 0.0608 0.819152044289 -0.554032293222 0.148452505550 4.6800
1.8593 0.0608 0.819152044289 -0.496731764892 -0.286788218176 4.6800
1.8552 0.0608 0.819152044289 -0.496731764892 0.286788218176 4.6800
1.8056 0.0608 0.819152044289 -0.405579787673 -0.405579787673 4.6800
1.8035 0.0608 0.819152044289 -0.405579787673 0.405579787673 4.6800
1.8099 0.0608 0.819152044289 -0.286788218176 -0.496731764892 4.6800
1.8024 0.0608 0.819152044289 -0.286788218176 0.496731764892 4.6800
1.7691 0.0608 0.819152044289 -0.148452505550 -0.554032293222 4.6800
1.7632 0.0608 0.819152044289 -0.148452505550 0.554032293222 4.6800
1.7589 0.0608 0.819152044289 0.000000000000 -0.573576436351 4.6800
1.7581 0.0608 0.819152044289 0.000000000000 0.573576436351 4.6800
1.7623 0.0608 0.819152044289 0.148452505550 -0.554032293222 4.6800
1.7700 0.0608 0.819152044289 0.148452505550 0.554032293222 4.6800
1.8025 0.0608 0.819152044289 0.286788218176 -0.496731764892 4.6800
1.8094 0.0608 0.819152044289 0.286788218176 0.496731764892 4.6800
1.8031 0.0608 0.819152044289 0.405579787673 -0.405579787673 4.6800
1.8056 0.0608 0.819152044289 0.405579787673 0.405579787673 4.6800
1.8555 0.0608 0.819152044289 0.496731764892 -0.286788218176 4.6800
1.8592 0.0608 0.819152044289 0.496731764892 0.286788218176 4.6800
1.8632 0.0608 0.819152044289 0.554032293222 -0.148452505550 4.6800
1.8680 0.0608 0.819152044289 0.554032293222 0.148452505550 4.6800
1.8709 0.0608 0.819152044289 0.573576436351 0.000000000000 4.6800
1.8785 0.0608 0.866025403784 -0.500000000000 0.000000000000 4.6800
1.8762 0.0608 0.866025403784 -0.482962913145 -0.129409522551 4.6800
1.8725 0.0608 0.866025403784 -0.482962913145 0.129409522551 4.6800
1.8695 0.0608 0.866025403784 -0.433012701892 -0.250000000000 4.6800
1.8664 0.0608 0.866025403784 -0.433012701892 0.250000000000 4.6800
1.8288 0.0608 0.866025403784 -0.353553390593 -0.353553390593 4.6800
1.8272 0.0608 0.866025403784 -0.353553390593 0.353553390593 4.6800
1.8320 0.0608 0.866025403784 -0.250000000000 -0.433012701892 4.6800
1.8263 0.0608 0.866025403784 -0.250000000000 0.433012701892 4.6800
1.8009 0.0608 0.866025403784 -0.129409522551 -0.482962913145 4.6800
1.7966 0.0608 0.866025403784 -0.129409522551 0.482962913145 4.6800
1.7933 0.0608 0.866025403784 0.000000000000 -0.500000000000 4.6800
1.7926 0.0608 0.866025403784 0.000000000000 0.500000000000 4.6800
1.7957 0.0608 0.866025403784 0.129409522551 -0.482962913145 4.6800
1.8018 0.0608 0.866025403784 0.129409522551 0.482962913145 4.6800
1.8264 0.0608 0.866025403784 0.250000000000 -0.433012701892 4.6800
1.8316 0.0608 0.866025403784 0.250000000000 0.433012701892 4.6800
1.8268 0.0608 0.866025403784 0.353553390593 -0.353553390593 4.6800
1.8288 0.0608 0.866025403784 0.353553390593 0.353553390593 4.6800
1.8667 0.0608 0.866025403784 0.433012701892 -0.250000000000 4.6800
1.8695 0.0608 0.866025403784 0.433012701892 0.250000000000 4.6800
1.8726 0.0608 0.866025403784 0.482962913145 -0.129409522551 4.6800
1.8762 0.0608 0.866025403784 0.482962913145 0.129409522551 4.6800
1.8784 0.0608 0.866025403784 0.500000000000 0.000000000000 4.6800
1.8852 0.0608 0.906307787037 -0.422618261741 0.000000000000 4.6800
1.8835 0.0608 0.906307787037 -0.408217893677 -0.109381654947 4.6800
1.8809 0.0608 0.906307787037 -0.408217893677 0.109381654947 4.6800
1.8788 0.0608 0.906307787037 -0.365998150771 -0.211309130870 4.6800
1.8766 0.0608 0.906307787037 -0.365998150771 0.211309130870 4.6800
1.8497 0.0608 0.906307787037 -0.298836238730 -0.298836238730 4.6800
1.8486 0.0608 0.906307787037 -0.298836238730 0.298836238730 4.6800
1.8521 0.0608 0.906307787037 -0.211309130870 -0.365998150771 4.6800
1.8479 0.0608 0.906307787037 -0.211309130870 0.365998150771 4.6800
1.8297 0.0608 0.906307787037 -0.109381654947 -0.408217893677 4.6800
1.8268 0.0608 0.906307787037 -0.109381654947 0.408217893677 4.6800
1.8244 0.0608 0.906307787037 0.000000000000 -0.422618261741 4.6800
1.8238 0.0608 0.906307787037 0.000000000000 0.422618261741 4.6800
1.8260 0.0608 0.906307787037 0.109381654947 -0.408217893677 4.6800
1.8305 0.0608 0.906307787037 0.109381654947 0.408217893677 4.6800
1.8480 0.0608 0.906307787037 0.211309130870 -0.365998150771 4.6800
1.8517 0.0608 0.906307787037 0.211309130870 0.365998150771 4.6800
1.8483 0.0608 0.906307787037 0.298836238730 -0.298836238730 4.6800
1.8497 0.0608 0.906307787037 0.298836238730 0.298836238730 4.6800
1.8768 0.0608 0.906307787037 0.365998150771 -0.211309130870 4.6800
1.8788 0.0608 0.906307787037 0.365998150771 0.211309130870 4.6800
1.8810 0.0608 0.906307787037 0.408217893677 -0.109381654947 4.6800
1.8836 0.0608 0.906307787037 0.408217893677 0.109381654947 4.6800
1.8851 0.0608 0.906307787037 0.422618261741 0.000000000000 4.6800
1.8910 0.0608 0.939692620786 -0.342020143326 0.000000000000 4.6800
1.8899 0.0608 0.939692620786 -0.330366089549 -0.088521326901 4.6800
1.8882 0.0608 0.939692620786 -0.330366089549 0.088521326901 4.6800
1.8868 0.0608 0.939692620786 -0.296198132726 -0.171010071663 4.6800
1.8853 0.0608 0.939692620786 -0.296198132726 0.171010071663 4.6800
1.8677 0.0608 0.939692620786 -0.241844762648 -0.241844762648 4.6800
1.8670 0.0608 0.939692620786 -0.241844762648 0.241844762648 4.6800
1.8693 0.0608 0.939692620786 -0.171010071663 -0.296198132726 4.6800
1.8666 0.0608 0.939692620786 -0.171010071663 0.296198132726 4.6800
1.8546 0.0608 0.939692620786 -0.088521326901 -0.330366089549 4.6800
1.8528 0.0608 0.939692620786 -0.088521326901 0.330366089549 4.6800
1.8512 0.0608 0.939692620786 0.000000000000 -0.342020143326 4.6800
1.8507 0.0608 0.939692620786 0.000000000000 0.342020143326 4.6800
1.8522 0.0608 0.939692620786 0.088521326901 -0.330366089549 4.6800
1.8552 0.0608 0.939692620786 0.088521326901 0.330366089549 4.6800
1.8666 0.0608 0.939692620786 0.171010071663 -0.296198132726 4.6800
1.8690 0.0608 0.939692620786 0.171010071663 0.296198132726 4.6800
1.8668 0.0608 0.939692620786 0.241844762648 -0.241844762648 4.6800
1.8677 0.0608 0.939692620786 0.241844762648 0.241844762648 4.6800
1.8855 0.0608 0.939692620786 0.296198132726 -0.171010071663 4.6800
1.8868 0.0608 0.939692620786 0.296198132726 0.171010071663 4.6800
1.8882 0.0608 0.939692620786 0.330366089549 -0.088521326901 4.6800
1.8899 0.0608 0.939692620786 0.330366089549 0.088521326901 4.6800
1.8909 0.0608 0.939692620786 0.342020143326 0.000000000000 4.6800
1.8957 0.0608 0.965925826289 -0.258819045103 0.000000000000 4.6800
1.8951 0.0608 0.965925826289 -0.250000000000 -0.066987298108 4.6800
1.8941 0.0608 0.965925826289 -0.250000000000 0.066987298108 4.6800
1.8933 0.0608 0.965925826289 -0.224143868042 -0.129409522551 4.6800
1.8924 0.0608 0.965925826289 -0.224143868042 0.129409522551 4.6800
1.8824 0.0608 0.965925826289 -0.183012701892 -0.183012701892 4.6800
1.8820 0.0608 0.965925826289 -0.183012701892 0.183012701892 4.6800
1.8833 0.0608 0.965925826289 -0.129409522551 -0.224143868042 4.6800
1.8817 0.0608 0.965925826289 -0.129409522551 0.224143868042 4.6800
1.8748 0.0608 0.965925826289 -0.066987298108 -0.250000000000 4.6800
1.8739 0.0608 0.965925826289 -0.066987298108 0.250000000000 4.6800
1.8726 0.0608 0.965925826289 -0.000000014393 0.258819045103 4.6800
1.8730 0.0608 0.965925826289 0.000000000000 -0.258819045103 4.6800
1.8734 0.0608 0.965925826289 0.066987298108 -0.250000000000 4.6800
1.8753 0.0608 0.965925826289 0.066987298108 0.250000000000 4.6800
1.8818 0.0608 0.965925826289 0.129409522551 -0.224143868042 4.6800
1.8831 0.0608 0.965925826289 0.129409522551 0.224143868042 4.6800
1.8818 0.0608 0.965925826289 0.183012701892 -0.183012701892 4.6800
1.8824 0.0608 0.965925826289 0.183012701892 0.183012701892 4.6800
1.8926 0.0608 0.965925826289 0.224143868042 -0.129409522551 4.6800
1.8933 0.0608 0.965925826289 0.224143868042 0.129409522551 4.6800
1.8941 0.0608 0.965925826289 0.250000000000 -0.066987298108 4.6800
1.8951 0.0608 0.965925826289 0.250000000000 0.066987298108 4.6800
1.8956 0.0608 0.965925826289 0.258819045103 0.000000000000 4.6800
1.8992 0.0608 0.984807753012 -0.173648177667 0.000000000000 4.6800
1.8989 0.0608 0.984807753012 -0.167731259497 -0.044943455528 4.6800
1.8984 0.0608 0.984807753012 -0.167731259497 0.044943455528 4.6800
1.8981 0.0608 0.984807753012 -0.150383733180 -0.086824088833 4.6800
1.8977 0.0608 0.984807753012 -0.150383733180 0.086824088833 4.6800
1.8932 0.0608 0.984807753012 -0.122787803969 -0.122787803969 4.6800
1.8930 0.0608 0.984807753012 -0.122787803969 0.122787803969 4.6800
1.8936 0.0608 0.984807753012 -0.086824088833 -0.150383733180 4.6800
1.8929 0.0608 0.984807753012 -0.086824088833 0.150383733180 4.6800
1.8897 0.0608 0.984807753012 -0.044943455528 -0.167731259497 4.6800
1.8894 0.0608 0.984807753012 -0.044943455528 0.167731259497 4.6800
1.8890 0.0608 0.984807753012 0.000000000000 -0.173648177667 4.6800
1.8887 0.0608 0.984807753012 0.000000000000 0.173648177667 4.6800
1.8891 0.0608 0.984807753012 0.044943455528 -0.167731259497 4.6800
1.8900 0.0608 0.984807753012 0.044943455528 0.167731259497 4.6800
1.8929 0.0608 0.984807753012 0.086824088833 -0.150383733180 4.6800
1.8935 0.0608 0.984807753012 0.086824088833 0.150383733180 4.6800
1.8929 0.0608 0.984807753012 0.122787803969 -0.122787803969 4.6800
1.8932 0.0608 0.984807753012 0.122787803969 0.122787803969 4.6800
1.8978 0.0608 0.984807753012 0.150383733180 -0.086824088833 4.6800
1.8981 0.0608 0.984807753012 0.150383733180 0.086824088833 4.6800
1.8985 0.0608 0.984807753012 0.167731259497 -0.044943455528 4.6800
1.8989 0.0608 0.984807753012 0.167731259497 0.044943455528 4.6800
1.8991 0.0608 0.984807753012 0.173648177667 0.000000000000 4.6800
1.9013 0.0608 0.996194698092 -0.087155742748 0.000000000000 4.6800
1.9012 0.0608 0.996194698092 -0.084185982829 -0.022557566113 4.6800
1.9011 0.0608 0.996194698092 -0.084185982829 0.022557566113 4.6800
1.9010 0.0608 0.996194698092 -0.075479087305 -0.043577871374 4.6800
1.9009 0.0608 0.996194698092 -0.075479087305 0.043577871374 4.6800
1.8998 0.0608 0.996194698092 -0.061628416716 -0.061628416716 4.6800
1.8998 0.0608 0.996194698092 -0.061628416716 0.061628416716 4.6800
1.8999 0.0608 0.996194698092 -0.043577871374 -0.075479087305 4.6800
1.8997 0.0608 0.996194698092 -0.043577871374 0.075479087305 4.6800
1.8989 0.0608 0.996194698092 -0.022557566113 -0.084185982829 4.6800
1.8989 0.0608 0.996194698092 -0.022557566113 0.084185982829 4.6800
1.8988 0.0608 0.996194698092 0.000000000000 -0.087155742748 4.6800
1.8986 0.0608 0.996194698092 0.000000000000 0.087155742748 4.6800
1.8987 0.0608 0.996194698092 0.022557566113 -0.084185982829 4.6800
1.8990 0.0608 0.996194698092 0.022557566113 0.084185982829 4.6800
1.8997 0.0608 0.996194698092 0.043577871374 -0.075479087305 4.6800
1.8998 0.0608 0.996194698092 0.043577871374 0.075479087305 4.6800
1.8997 0.0608 0.996194698092 0.061628416716 -0.061628416716 4.6800
1.8998 0.0608 0.996194698092 0.061628416716 0.061628416716 4.6800
1.9009 0.0608 0.996194698092 0.075479087305 -0.043577871374 4.6800
1.9010 0.0608 0.996194698092 0.075479087305 0.043577871374 4.6800
1.9011 0.0608 0.996194698092 0.084185982829 -0.022557566113 4.6800
1.9012 0.0608 0.996194698092 0.084185982829 0.022557566113 4.6800
1.9013 0.0608 0.996194698092 0.087155742748 0.000000000000 4.6800
1.9020 0.0608 1.000000000000 0.000000000000 0.000000000000 4.6800
