1.6429 0.0282 -1.000000000000 0.000000000000 0.000000000000 4.2600
1.6424 0.0282 -0.996194698092 -0.087155742748 0.000000000000 4.2600
1.6423 0.0282 -0.996194698092 -0.084185982829 -0.022557566113 4.2600
1.6423 0.0282 -0.996194698092 -0.084185982829 0.022557566113 4.2600
1.6419 0.0282 -0.996194698092 -0.075479087305 -0.043577871374 4.2600
1.6420 0.0282 -0.996194698092 -0.075479087305 0.043577871374 4.2600
1.6412 0.0282 -0.996194698092 -0.061628416716 -0.061628416716 4.2600
1.6413 0.0282 -0.996194698092 -0.061628416716 0.061628416716 4.2600
1.6408 0.0282 -0.996194698092 -0.043577871374 -0.075479087305 4.2600
1.6407 0.0282 -0.996194698092 -0.043577871374 0.075479087305 4.2600
1.6402 0.0282 -0.996194698092 -0.022557566113 -0.084185982829 4.2600
1.6403 0.0282 -0.996194698092 -0.022557566113 0.084185982829 4.2600
1.6402 0.0282 -0.996194698092 0.000000000000 -0.087155742748 4.2600
1.6401 0.0282 -0.996194698092 0.000000014844 0.087155742748 4.2600
1.6402 0.0282 -0.996194698092 0.022557566113 -0.084185982829 4.2600
1.6402 0.0282 -0.996194698092 0.022557566113 0.084185982829 4.2600
1.6408 0.0282 -0.996194698092 0.043577871374 -0.075479087305 4.2600
1.6406 0.0282 -0.996194698092 0.043577871374 0.075479087305 4.2600
1.6412 0.0282 -0.996194698092 0.061628416716 -0.061628416716 4.2600
1.6411 0.0282 -0.996194698092 0.061628416716 0.061628416716 4.2600
1.6421 0.0282 -0.996194698092 0.075479087305 -0.043577871374 4.2600
1.6419 0.0282 -0.996194698092 0.075479087305 0.043577871374 4.2600
1.6423 0.0282 -0.996194698092 0.084185982829 -0.022557566113 4.2600
1.6423 0.0282 -0.996194698092 0.084185982829 0.022557566113 4.2600
1.6424 0.0282 -0.996194698092 0.087155742748 0.000000000000 4.2600
1.6410 0.0282 -0.984807753012 -0.173648177667 0.000000000000 4.2600
1.6404 0.0282 -0.984807753012 -0.167731259497 -0.044943455528 4.2600
1.6406 0.0282 -0.984807753012 -0.167731259497 0.044943455528 4.2600
1.6388 0.0282 -0.984807753012 -0.150383733180 -0.086824088833 4.2600
1.6395 0.0282 -0.984807753012 -0.150383733180 0.086824088833 4.2600
1.6360 0.0282 -0.984807753012 -0.122787803969 -0.122787803969 4.2600
1.6366 0.0282 -0.984807753012 -0.122787803969 0.122787803969 4.2600
1.6344 0.0282 -0.984807753012 -0.086824088833 -0.150383733180 4.2600
1.6342 0.0282 -0.984807753012 -0.086824088833 0.150383733180 4.2600
1.6323 0.0282 -0.984807753012 -0.044943455528 -0.167731259497 4.2600
1.6324 0.0282 -0.984807753012 -0.044943455528 0.167731259497 4.2600
1.6322 0.0282 -0.984807753012 0.000000000000 -0.173648177667 4.2600
1.6320 0.0282 -0.984807753012 0.000000000000 0.173648177667 4.2600
1.6322 0.0282 -0.984807753012 0.044943455528 -0.167731259497 4.2600
1.6323 0.0282 -0.984807753012 0.044943455528 0.167731259497 4.2600
1.6343 0.0282 -0.984807753012 0.086824088833 -0.150383733180 4.2600
1.6341 0.0282 -0.984807753012 0.086824088833 0.150383733180 4.2600
1.6364 0.0282 -0.984807753012 0.122787803969 -0.122787803969 4.2600
1.6359 0.0282 -0.984807753012 0.122787803969 0.122787803969 4.2600
1.6395 0.0282 -0.984807753012 0.150383733180 -0.086824088833 4.2600
1.6388 0.0282 -0.984807753012 0.150383733180 0.086824088833 4.2600
1.6406 0.0282 -0.984807753012 0.167731259497 -0.044943455528 4.2600
1.6405 0.0282 -0.984807753012 0.167731259497 0.044943455528 4.2600
1.6409 0.0282 -0.984807753012 0.173648177667 0.000000000000 4.2600
1.6386 0.0282 -0.965925826289 -0.258819045103 0.000000000000 4.2600
1.6375 0.0282 -0.965925826289 -0.250000000000 -0.066987298108 4.2600
1.6379 0.0282 -0.965925826289 -0.250000000000 0.066987298108 4.2600
1.6339 0.0282 -0.965925826289 -0.224143868042 -0.129409522551 4.2600
1.6354 0.0282 -0.965925826289 -0.224143868042 0.129409522551 4.2600
1.6276 0.0282 -0.965925826289 -0.183012701892 -0.183012701892 4.2600
1.6288 0.0282 -0.965925826289 -0.183012701892 0.183012701892 4.2600
1.6238 0.0282 -0.965925826289 -0.129409522551 -0.224143868042 4.2600
1.6237 0.0282 -0.965925826289 -0.129409522551 0.224143868042 4.2600
1.6194 0.0282 -0.965925826289 -0.066987298108 -0.250000000000 4.2600
1.6195 0.0282 -0.965925826289 -0.066987298108 0.250000000000 4.2600
1.6190 0.0282 -0.965925826289 0.000000000000 -0.258819045103 4.2600
1.6188 0.0282 -0.965925826289 0.000000014393 0.258819045103 4.2600
1.6193 0.0282 -0.965925826289 0.066987298108 -0.250000000000 4.2600
1.6194 0.0282 -0.965925826289 0.066987298108 0.250000000000 4.2600
1.6238 0.0282 -0.965925826289 0.129409522551 -0.224143868042 4.2600
1.6234 0.0282 -0.965925826289 0.129409522551 0.224143868042 4.2600
1.6285 0.0282 -0.965925826289 0.183012701892 -0.183012701892 4.2600
1.6275 0.0282 -0.965925826289 0.183012701892 0.183012701892 4.2600
1.6354 0.0282 -0.965925826289 0.224143868042 -0.129409522551 4.2600
1.6339 0.0282 -0.965925826289 0.224143868042 0.129409522551 4.2600
1.6378 0.0282 -0.965925826289 0.250000000000 -0.066987298108 4.2600
1.6375 0.0282 -0.965925826289 0.250000000000 0.066987298108 4.2600
1.6386 0.0282 -0.965925826289 0.258819045103 0.000000000000 4.2600
1.6354 0.0282 -0.939692620786 -0.342020143326 0.000000000000 4.2600
1.6334 0.0282 -0.939692620786 -0.330366089549 -0.088521326901 4.2600
1.6341 0.0282 -0.939692620786 -0.330366089549 0.088521326901 4.2600
1.6271 0.0282 -0.939692620786 -0.296198132726 -0.171010071663 4.2600
1.6297 0.0282 -0.939692620786 -0.296198132726 0.171010071663 4.2600
1.6162 0.0282 -0.939692620786 -0.241844762648 -0.241844762648 4.2600
1.6181 0.0282 -0.939692620786 -0.241844762648 0.241844762648 4.2600
1.6095 0.0282 -0.939692620786 -0.171010071663 -0.296198132726 4.2600
1.6093 0.0282 -0.939692620786 -0.171010071663 0.296198132726 4.2600
1.6019 0.0282 -0.939692620786 -0.088521326901 -0.330366089549 4.2600
1.6020 0.0282 -0.939692620786 -0.088521326901 0.330366089549 4.2600
1.6011 0.0282 -0.939692620786 0.000000000000 -0.342020143326 4.2600
1.6008 0.0282 -0.939692620786 0.000000000000 0.342020143326 4.2600
1.6017 0.0282 -0.939692620786 0.088521326901 -0.330366089549 4.2600
1.6018 0.0282 -0.939692620786 0.088521326901 0.330366089549 4.2600
1.6096 0.0282 -0.939692620786 0.171010071663 -0.296198132726 4.2600
1.6089 0.0282 -0.939692620786 0.171010071663 0.296198132726 4.2600
1.6178 0.0282 -0.939692620786 0.241844762648 -0.241844762648 4.2600
1.6160 0.0282 -0.939692620786 0.241844762648 0.241844762648 4.2600
1.6298 0.0282 -0.939692620786 0.296198132726 -0.171010071663 4.2600
1.6271 0.0282 -0.939692620786 0.296198132726 0.171010071663 4.2600
1.6341 0.0282 -0.939692620786 0.330366089549 -0.088521326901 4.2600
1.6335 0.0282 -0.939692620786 0.330366089549 0.088521326901 4.2600
1.6353 0.0282 -0.939692620786 0.342020143326 0.000000000000 4.2600
1.6314 0.0282 -0.906307787037 -0.422618261741 0.000000000000 4.2600
1.6284 0.0282 -0.906307787037 -0.408217893677 -0.109381654947 4.2600
1.6295 0.0282 -0.906307787037 -0.408217893677 0.109381654947 4.2600
1.6188 0.0282 -0.906307787037 -0.365998150771 -0.211309130870 4.2600
1.6228 0.0282 -0.906307787037 -0.365998150771 0.211309130870 4.2600
1.6021 0.0282 -0.906307787037 -0.298836238730 -0.298836238730 4.2600
1.6050 0.0282 -0.906307787037 -0.298836238730 0.298836238730 4.2600
1.5918 0.0282 -0.906307787037 -0.211309130870 -0.365998150771 4.2600
1.5917 0.0282 -0.906307787037 -0.211309130870 0.365998150771 4.2600
1.5802 0.0282 -0.906307787037 -0.109381654947 -0.408217893677 4.2600
1.5804 0.0282 -0.906307787037 -0.109381654947 0.408217893677 4.2600
1.5791 0.0282 -0.906307787037 -0.000000000000 -0.422618261741 4.2600
1.5787 0.0282 -0.906307787037 0.000000000000 0.422618261741 4.2600
1.5800 0.0282 -0.906307787037 0.109381654947 -0.408217893677 4.2600
1.5802 0.0282 -0.906307787037 0.109381654947 0.408217893677 4.2600
1.5920 0.0282 -0.906307787037 0.211309130870 -0.365998150771 4.2600
1.5911 0.0282 -0.906307787037 0.211309130870 0.365998150771 4.2600
1.6046 0.0282 -0.906307787037 0.298836238730 -0.298836238730 4.2600
1.6019 0.0282 -0.906307787037 0.298836238730 0.298836238730 4.2600
1.6229 0.0282 -0.906307787037 0.365998150771 -0.211309130870 4.2600
1.6188 0.0282 -0.906307787037 0.365998150771 0.211309130870 4.2600
1.6294 0.0282 -0.906307787037 0.408217893677 -0.109381654947 4.2600
1.6285 0.0282 -0.906307787037 0.408217893677 0.109381654947 4.2600
1.6313 0.0282 -0.906307787037 0.422618261741 0.000000000000 4.2600
1.6268 0.0282 -0.866025403784 -0.500000000000 0.000000000000 4.2600
1.6226 0.0282 -0.866025403784 -0.482962913145 -0.129409522551 4.2600
1.6241 0.0282 -0.866025403784 -0.482962913145 0.129409522551 4.2600
1.6092 0.0282 -0.866025403784 -0.433012701892 -0.250000000000 4.2600
1.6148 0.0282 -0.866025403784 -0.433012701892 0.250000000000 4.2600
1.5858 0.0282 -0.866025403784 -0.353553390593 -0.353553390593 4.2600
1.5898 0.0282 -0.866025403784 -0.353553390593 0.353553390593 4.2600
1.5713 0.0282 -0.866025403784 -0.250000000000 -0.433012701892 4.2600
1.5713 0.0282 -0.866025403784 -0.250000000000 0.433012701892 4.2600
1.5552 0.0282 -0.866025403784 -0.129409522551 -0.482962913145 4.2600
1.5553 0.0282 -0.866025403784 -0.129409522551 0.482962913145 4.2600
1.5535 0.0282 -0.866025403784 -0.000000012905 -0.500000000000 4.2600
1.5531 0.0282 -0.866025403784 0.000000000000 0.500000000000 4.2600
1.5549 0.0282 -0.866025403784 0.129409522551 -0.482962913145 4.2600
1.5551 0.0282 -0.866025403784 0.129409522551 0.482962913145 4.2600
1.5716 0.0282 -0.866025403784 0.250000000000 -0.433012701892 4.2600
1.5705 0.0282 -0.866025403784 0.250000000000 0.433012701892 4.2600
1.5893 0.0282 -0.866025403784 0.353553390593 -0.353553390593 4.2600
1.5855 0.0282 -0.866025403784 0.353553390593 0.353553390593 4.2600
1.6148 0.0282 -0.866025403784 0.433012701892 -0.250000000000 4.2600
1.6092 0.0282 -0.866025403784 0.433012701892 0.250000000000 4.2600
1.6240 0.0282 -0.866025403784 0.482962913145 -0.129409522551 4.2600
1.6227 0.0282 -0.866025403784 0.482962913145 0.129409522551 4.2600
1.6267 0.0282 -0.866025403784 0.500000000000 0.000000000000 4.2600
1.6217 0.0282 -0.819152044289 -0.573576436351 0.000000000000 4.2600
1.6162 0.0282 -0.819152044289 -0.554032293222 -0.148452505550 4.2600
1.6182 0.0282 -0.819152044289 -0.554032293222 0.148452505550 4.2600
1.5985 0.0282 -0.819152044289 -0.496731764892 -0.286788218176 4.2600
1.6059 0.0282 -0.819152044289 -0.496731764892 0.286788218176 4.2600
1.5677 0.0282 -0.819152044289 -0.405579787673 -0.405579787673 4.2600
1.5730 0.0282 -0.819152044289 -0.405579787673 0.405579787673 4.2600
1.5486 0.0282 -0.819152044289 -0.286788218176 -0.496731764892 4.2600
1.5487 0.0282 -0.819152044289 -0.286788218176 0.496731764892 4.2600
1.5275 0.0282 -0.819152044289 -0.148452505550 -0.554032293222 4.2600
1.5276 0.0282 -0.819152044289 -0.148452505550 0.554032293222 4.2600
1.5253 0.0282 -0.819152044289 -0.000000000000 -0.573576436351 4.2600
1.5248 0.0282 -0.819152044289 0.000000000000 0.573576436351 4.2600
1.5271 0.0282 -0.819152044289 0.148452505550 -0.554032293222 4.2600
1.5274 0.0282 -0.819152044289 0.148452505550 0.554032293222 4.2600
1.5490 0.0282 -0.819152044289 0.286788218176 -0.496731764892 4.2600
1.5477 0.0282 -0.819152044289 0.286788218176 0.496731764892 4.2600
1.5725 0.0282 -0.819152044289 0.405579787673 -0.405579787673 4.2600
1.5674 0.0282 -0.819152044289 0.405579787673 0.405579787673 4.2600
1.6060 0.0282 -0.819152044289 0.496731764892 -0.286788218176 4.2600
1.5985 0.0282 -0.819152044289 0.496731764892 0.286788218176 4.2600
1.6181 0.0282 -0.819152044289 0.554032293222 -0.148452505550 4.2600
1.6164 0.0282 -0.819152044289 0.554032293222 0.148452505550 4.2600
1.6216 0.0282 -0.819152044289 0.573576436351 0.000000000000 4.2600
1.6162 0.0282 -0.766044443119 -0.642787609687 0.000000000000 4.2600
1.6094 0.0282 -0.766044443119 -0.620885153015 -0.166365675343 4.2600
1.6118 0.0282 -0.766044443119 -0.620885153015 0.166365675343 4.2600
1.5871 0.0282 -0.766044443119 -0.556670399226 -0.321393804843 4.2600
1.5964 0.0282 -0.766044443119 -0.556670399226 0.321393804843 4.2600
1.5484 0.0282 -0.766044443119 -0.454519477672 -0.454519477672 4.2600
1.5551 0.0282 -0.766044443119 -0.454519477672 0.454519477672 4.2600
1.5244 0.0282 -0.766044443119 -0.321393804843 -0.556670399226 4.2600
1.5246 0.0282 -0.766044443119 -0.321393804843 0.556670399226 4.2600
1.4979 0.0282 -0.766044443119 -0.166365675343 -0.620885153015 4.2600
1.4981 0.0282 -0.766044443119 -0.166365675343 0.620885153015 4.2600
1.4951 0.0282 -0.766044443119 -0.000000000000 -0.642787609687 4.2600
1.4947 0.0282 -0.766044443119 0.000000000000 0.642787609687 4.2600
1.4976 0.0282 -0.766044443119 0.166365675343 -0.620885153015 4.2600
1.4978 0.0282 -0.766044443119 0.166365675343 0.620885153015 4.2600
1.5250 0.0282 -0.766044443119 0.321393804843 -0.556670399226 4.2600
1.5235 0.0282 -0.766044443119 0.321393804843 0.556670399226 4.2600
1.5545 0.0282 -0.766044443119 0.454519477672 -0.454519477672 4.2600
1.5481 0.0282 -0.766044443119 0.454519477672 0.454519477672 4.2600
1.5965 0.0282 -0.766044443119 0.556670399226 -0.321393804843 4.2600
1.5871 0.0282 -0.766044443119 0.556670399226 0.321393804843 4.2600
1.6117 0.0282 -0.766044443119 0.620885153015 -0.166365675343 4.2600
1.6096 0.0282 -0.766044443119 0.620885153015 0.166365675343 4.2600
1.6162 0.0282 -0.766044443119 0.642787609687 0.000000000000 4.2600
1.6106 0.0282 -0.707106781187 -0.707106781187 0.000000000000 4.2600
1.6024 0.0282 -0.707106781187 -0.683012701892 -0.183012701892 4.2600
1.6053 0.0282 -0.707106781187 -0.683012701892 0.183012701892 4.2600
1.5754 0.0282 -0.707106781187 -0.612372435696 -0.353553390593 4.2600
1.5867 0.0282 -0.707106781187 -0.612372435696 0.353553390593 4.2600
1.5285 0.0282 -0.707106781187 -0.500000000000 -0.500000000000 4.2600
1.5366 0.0282 -0.707106781187 -0.500000000000 0.500000000000 4.2600
1.4994 0.0282 -0.707106781187 -0.353553390593 -0.612372435696 4.2600
1.4998 0.0282 -0.707106781187 -0.353553390593 0.612372435696 4.2600
1.4674 0.0282 -0.707106781187 -0.183012701892 -0.683012701892 4.2600
1.4676 0.0282 -0.707106781187 -0.183012701892 0.683012701892 4.2600
1.4640 0.0282 -0.707106781187 -0.000000000000 -0.707106781187 4.2600
1.4636 0.0282 -0.707106781187 0.000000000000 0.707106781187 4.2600
1.4671 0.0282 -0.707106781187 0.183012701892 -0.683012701892 4.2600
1.4673 0.0282 -0.707106781187 0.183012701892 0.683012701892 4.2600
1.5001 0.0282 -0.707106781187 0.353553390593 -0.612372435696 4.2600
1.4985 0.0282 -0.707106781187 0.353553390593 0.612372435696 4.2600
1.5360 0.0282 -0.707106781187 0.500000000000 -0.500000000000 4.2600
1.5282 0.0282 -0.707106781187 0.500000000000 0.500000000000 4.2600
1.5868 0.0282 -0.707106781187 0.612372435696 -0.353553390593 4.2600
1.5754 0.0282 -0.707106781187 0.612372435696 0.353553390593 4.2600
1.6052 0.0282 -0.707106781187 0.683012701892 -0.183012701892 4.2600
1.6025 0.0282 -0.707106781187 0.683012701892 0.183012701892 4.2600
1.6106 0.0282 -0.707106781187 0.707106781187 0.000000000000 4.2600
1.6050 0.0282 -0.642787609687 -0.766044443119 0.000000000000 4.2600
1.5954 0.0282 -0.642787609687 -0.739942111694 -0.198266891274 4.2600
1.5988 0.0282 -0.642787609687 -0.739942111694 0.198266891274 4.2600
1.5637 0.0282 -0.642787609687 -0.663413948169 -0.383022221559 4.2600
1.5769 0.0282 -0.642787609687 -0.663413948169 0.383022221559 4.2600
1.5086 0.0282 -0.642787609687 -0.541675220420 -0.541675220420 4.2600
1.5181 0.0282 -0.642787609687 -0.541675220420 0.541675220420 4.2600
1.4744 0.0282 -0.642787609687 -0.383022221559 -0.663413948169 4.2600
1.4749 0.0282 -0.642787609687 -0.383022221559 0.663413948169 4.2600
1.4370 0.0282 -0.642787609687 -0.198266891274 -0.739942111694 4.2600
1.4371 0.0282 -0.642787609687 -0.198266891274 0.739942111694 4.2600
1.4329 0.0282 -0.642787609687 -0.000000000000 -0.766044443119 4.2600
1.4325 0.0282 -0.642787609687 0.000000009578 0.766044443119 4.2600
1.4366 0.0282 -0.642787609687 0.198266891274 -0.739942111694 4.2600
1.4369 0.0282 -0.642787609687 0.198266891274 0.739942111694 4.2600
1.4753 0.0282 -0.642787609687 0.383022221559 -0.663413948169 4.2600
1.4735 0.0282 -0.642787609687 0.383022221559 0.663413948169 4.2600
1.5175 0.0282 -0.642787609687 0.541675220420 -0.541675220420 4.2600
1.5084 0.0282 -0.642787609687 0.541675220420 0.541675220420 4.2600
1.5770 0.0282 -0.642787609687 0.663413948169 -0.383022221559 4.2600
1.5637 0.0282 -0.642787609687 0.663413948169 0.383022221559 4.2600
1.5987 0.0282 -0.642787609687 0.739942111694 -0.198266891274 4.2600
1.5955 0.0282 -0.642787609687 0.739942111694 0.198266891274 4.2600
1.6050 0.0282 -0.642787609687 0.766044443119 0.000000000000 4.2600
1.5996 0.0282 -0.573576436351 -0.819152044289 0.000000000000 4.2600
1.5886 0.0282 -0.573576436351 -0.791240115236 -0.212012149897 4.2600
1.5924 0.0282 -0.573576436351 -0.791240115236 0.212012149897 4.2600
1.5523 0.0282 -0.573576436351 -0.709406479916 -0.409576022144 4.2600
1.5675 0.0282 -0.573576436351 -0.709406479916 0.409576022144 4.2600
1.4893 0.0282 -0.573576436351 -0.579227965340 -0.579227965340 4.2600
1.5001 0.0282 -0.573576436351 -0.579227965340 0.579227965340 4.2600
1.4501 0.0282 -0.573576436351 -0.409576022144 -0.709406479916 4.2600
1.4509 0.0282 -0.573576436351 -0.409576022144 0.709406479916 4.2600
1.4074 0.0282 -0.573576436351 -0.212012149897 -0.791240115236 4.2600
1.4075 0.0282 -0.573576436351 -0.212012149897 0.791240115236 4.2600
1.4027 0.0282 -0.573576436351 -0.000000008547 -0.819152044289 4.2600
1.4023 0.0282 -0.573576436351 0.000000000000 0.819152044289 4.2600
1.4071 0.0282 -0.573576436351 0.212012149897 -0.791240115236 4.2600
1.4073 0.0282 -0.573576436351 0.212012149897 0.791240115236 4.2600
1.4512 0.0282 -0.573576436351 0.409576022144 -0.709406479916 4.2600
1.4493 0.0282 -0.573576436351 0.409576022144 0.709406479916 4.2600
1.4995 0.0282 -0.573576436351 0.579227965340 -0.579227965340 4.2600
1.4891 0.0282 -0.573576436351 0.579227965340 0.579227965340 4.2600
1.5675 0.0282 -0.573576436351 0.709406479916 -0.409576022144 4.2600
1.5523 0.0282 -0.573576436351 0.709406479916 0.409576022144 4.2600
1.5923 0.0282 -0.573576436351 0.791240115236 -0.212012149897 4.2600
1.5887 0.0282 -0.573576436351 0.791240115236 0.212012149897 4.2600
1.5995 0.0282 -0.573576436351 0.819152044289 0.000000000000 4.2600
1.5945 0.0282 -0.500000000000 -0.866025403784 0.000000000000 4.2600
1.5822 0.0282 -0.500000000000 -0.836516303738 -0.224143868042 4.2600
1.5865 0.0282 -0.500000000000 -0.836516303738 0.224143868042 4.2600
1.5417 0.0282 -0.500000000000 -0.750000000000 -0.433012701892 4.2600
1.5586 0.0282 -0.500000000000 -0.750000000000 0.433012701892 4.2600
1.4712 0.0282 -0.500000000000 -0.612372435696 -0.612372435696 4.2600
1.4832 0.0282 -0.500000000000 -0.612372435696 0.612372435696 4.2600
1.4274 0.0282 -0.500000000000 -0.433012701892 -0.750000000000 4.2600
1.4283 0.0282 -0.500000000000 -0.433012701892 0.750000000000 4.2600
1.3797 0.0282 -0.500000000000 -0.224143868042 -0.836516303738 4.2600
1.3798 0.0282 -0.500000000000 -0.224143868042 0.836516303738 4.2600
1.3744 0.0282 -0.500000000000 -0.000000000000 -0.866025403784 4.2600
1.3740 0.0282 -0.500000000000 0.000000000000 0.866025403784 4.2600
1.3793 0.0282 -0.500000000000 0.224143868042 -0.836516303738 4.2600
1.3796 0.0282 -0.500000000000 0.224143868042 0.836516303738 4.2600
1.4286 0.0282 -0.500000000000 0.433012701892 -0.750000000000 4.2600
1.4265 0.0282 -0.500000000000 0.433012701892 0.750000000000 4.2600
1.4827 0.0282 -0.500000000000 0.612372435696 -0.612372435696 4.2600
1.4710 0.0282 -0.500000000000 0.612372435696 0.612372435696 4.2600
1.5587 0.0282 -0.500000000000 0.750000000000 -0.433012701892 4.2600
1.5417 0.0282 -0.500000000000 0.750000000000 0.433012701892 4.2600
1.5864 0.0282 -0.500000000000 0.836516303738 -0.224143868042 4.2600
1.5823 0.0282 -0.500000000000 0.836516303738 0.224143868042 4.2600
1.5944 0.0282 -0.500000000000 0.866025403784 0.000000000000 4.2600
1.5899 0.0282 -0.422618261741 -0.906307787037 0.000000000000 4.2600
1.5765 0.0282 -0.422618261741 -0.875426098066 -0.234569716010 4.2600
1.5811 0.0282 -0.422618261741 -0.875426098066 0.234569716010 4.2600
1.5320 0.0282 -0.422618261741 -0.784885567221 -0.453153893518 4.2600
1.5506 0.0282 -0.422618261741 -0.784885567221 0.453153893518 4.2600
1.4549 0.0282 -0.422618261741 -0.640856382056 -0.640856382056 4.2600
1.4680 0.0282 -0.422618261741 -0.640856382056 0.640856382056 4.2600
1.4067 0.0282 -0.422618261741 -0.453153893518 -0.784885567221 4.2600
1.4079 0.0282 -0.422618261741 -0.453153893518 0.784885567221 4.2600
1.3546 0.0282 -0.422618261741 -0.234569716010 -0.875426098066 4.2600
1.3547 0.0282 -0.422618261741 -0.234569716010 0.875426098066 4.2600
1.3488 0.0282 -0.422618261741 -0.000000000000 -0.906307787037 4.2600
1.3485 0.0282 -0.422618261741 0.000000000000 0.906307787037 4.2600
1.3543 0.0282 -0.422618261741 0.234569716010 -0.875426098066 4.2600
1.3545 0.0282 -0.422618261741 0.234569716010 0.875426098066 4.2600
1.4082 0.0282 -0.422618261741 0.453153893518 -0.784885567221 4.2600
1.4060 0.0282 -0.422618261741 0.453153893518 0.784885567221 4.2600
1.4675 0.0282 -0.422618261741 0.640856382056 -0.640856382056 4.2600
1.4547 0.0282 -0.422618261741 0.640856382056 0.640856382056 4.2600
1.5506 0.0282 -0.422618261741 0.784885567221 -0.453153893518 4.2600
1.5320 0.0282 -0.422618261741 0.784885567221 0.453153893518 4.2600
1.5810 0.0282 -0.422618261741 0.875426098066 -0.234569716010 4.2600
1.5766 0.0282 -0.422618261741 0.875426098066 0.234569716010 4.2600
1.5898 0.0282 -0.422618261741 0.906307787037 0.000000000000 4.2600
1.5859 0.0282 -0.342020143326 -0.939692620786 0.000000000000 4.2600
1.5715 0.0282 -0.342020143326 -0.907673371190 -0.243210346802 4.2600
1.5764 0.0282 -0.342020143326 -0.907673371190 0.243210346802 4.2600
1.5237 0.0282 -0.342020143326 -0.813797681349 -0.469846310393 4.2600
1.5437 0.0282 -0.342020143326 -0.813797681349 0.469846310393 4.2600
1.4407 0.0282 -0.342020143326 -0.664463024389 -0.664463024389 4.2600
1.4548 0.0282 -0.342020143326 -0.664463024389 0.664463024389 4.2600
1.3889 0.0282 -0.342020143326 -0.469846310393 -0.813797681349 4.2600
1.3903 0.0282 -0.342020143326 -0.469846310393 0.813797681349 4.2600
1.3330 0.0282 -0.342020143326 -0.243210346802 -0.907673371190 4.2600
1.3330 0.0282 -0.342020143326 -0.243210346802 0.907673371190 4.2600
1.3267 0.0282 -0.342020143326 -0.000000000000 -0.939692620786 4.2600
1.3264 0.0282 -0.342020143326 0.000000000000 0.939692620786 4.2600
1.3327 0.0282 -0.342020143326 0.243210346802 -0.907673371190 4.2600
1.3329 0.0282 -0.342020143326 0.243210346802 0.907673371190 4.2600
1.3906 0.0282 -0.342020143326 0.469846310393 -0.813797681349 4.2600
1.3883 0.0282 -0.342020143326 0.469846310393 0.813797681349 4.2600
1.4544 0.0282 -0.342020143326 0.664463024389 -0.664463024389 4.2600
1.4406 0.0282 -0.342020143326 0.664463024389 0.664463024389 4.2600
1.5437 0.0282 -0.342020143326 0.813797681349 -0.469846310393 4.2600
1.5237 0.0282 -0.342020143326 0.813797681349 0.469846310393 4.2600
1.5764 0.0282 -0.342020143326 0.907673371190 -0.243210346802 4.2600
1.5716 0.0282 -0.342020143326 0.907673371190 0.243210346802 4.2600
1.5859 0.0282 -0.342020143326 0.939692620786 0.000000000000 4.2600
1.5827 0.0282 -0.258819045103 -0.965925826289 0.000000000000 4.2600
1.5674 0.0282 -0.258819045103 -0.933012701892 -0.250000000000 4.2600
1.5727 0.0282 -0.258819045103 -0.933012701892 0.250000000000 4.2600
1.5170 0.0282 -0.258819045103 -0.836516303738 -0.482962913145 4.2600
1.5380 0.0282 -0.258819045103 -0.836516303738 0.482962913145 4.2600
1.4293 0.0282 -0.258819045103 -0.683012701892 -0.683012701892 4.2600
1.4441 0.0282 -0.258819045103 -0.683012701892 0.683012701892 4.2600
1.3745 0.0282 -0.258819045103 -0.482962913145 -0.836516303738 4.2600
1.3761 0.0282 -0.258819045103 -0.482962913145 0.836516303738 4.2600
1.3154 0.0282 -0.258819045103 -0.250000000000 -0.933012701892 4.2600
1.3154 0.0282 -0.258819045103 -0.250000000000 0.933012701892 4.2600
1.3088 0.0282 -0.258819045103 -0.000000000000 -0.965925826289 4.2600
1.3086 0.0282 -0.258819045103 0.000000000000 0.965925826289 4.2600
1.3152 0.0282 -0.258819045103 0.250000000000 -0.933012701892 4.2600
1.3154 0.0282 -0.258819045103 0.250000000000 0.933012701892 4.2600
1.3762 0.0282 -0.258819045103 0.482962913145 -0.836516303738 4.2600
1.3740 0.0282 -0.258819045103 0.482962913145 0.836516303738 4.2600
1.4438 0.0282 -0.258819045103 0.683012701892 -0.683012701892 4.2600
1.4291 0.0282 -0.258819045103 0.683012701892 0.683012701892 4.2600
1.5381 0.0282 -0.258819045103 0.836516303738 -0.482962913145 4.2600
1.5170 0.0282 -0.258819045103 0.836516303738 0.482962913145 4.2600
1.5726 0.0282 -0.258819045103 0.933012701892 -0.250000000000 4.2600
1.5675 0.0282 -0.258819045103 0.933012701892 0.250000000000 4.2600
1.5826 0.0282 -0.258819045103 0.965925826289 0.000000000000 4.2600
1.5803 0.0282 -0.173648177667 -0.984807753012 0.000000000000 4.2600
1.5645 0.0282 -0.173648177667 -0.951251242564 -0.254887002244 4.2600
1.5699 0.0282 -0.173648177667 -0.951251242564 0.254887002244 4.2600
1.5120 0.0282 -0.173648177667 -0.852868531952 -0.492403876506 4.2600
1.5339 0.0282 -0.173648177667 -0.852868531952 0.492403876506 4.2600
1.4208 0.0282 -0.173648177667 -0.696364240320 -0.696364240320 4.2600
1.4362 0.0282 -0.173648177667 -0.696364240320 0.696364240320 4.2600
1.3638 0.0282 -0.173648177667 -0.492403876506 -0.852868531952 4.2600
1.3656 0.0282 -0.173648177667 -0.492403876506 0.852868531952 4.2600
1.3025 0.0282 -0.173648177667 -0.254887002244 -0.951251242564 4.2600
1.3025 0.0282 -0.173648177667 -0.254887002244 0.951251242564 4.2600
1.2955 0.0282 -0.173648177667 -0.000000002588 -0.984807753012 4.2600
1.2954 0.0282 -0.173648177667 0.000000002588 0.984807753012 4.2600
1.3023 0.0282 -0.173648177667 0.254887002244 -0.951251242564 4.2600
1.3024 0.0282 -0.173648177667 0.254887002244 0.951251242564 4.2600
1.3657 0.0282 -0.173648177667 0.492403876506 -0.852868531952 4.2600
1.3635 0.0282 -0.173648177667 0.492403876506 0.852868531952 4.2600
1.4360 0.0282 -0.173648177667 0.696364240320 -0.696364240320 4.2600
1.4207 0.0282 -0.173648177667 0.696364240320 0.696364240320 4.2600
1.5339 0.0282 -0.173648177667 0.852868531952 -0.492403876506 4.2600
1.5120 0.0282 -0.173648177667 0.852868531952 0.492403876506 4.2600
1.5698 0.0282 -0.173648177667 0.951251242564 -0.254887002244 4.2600
1.5645 0.0282 -0.173648177667 0.951251242564 0.254887002244 4.2600
1.5803 0.0282 -0.173648177667 0.984807753012 0.000000000000 4.2600
1.5788 0.0282 -0.087155742748 -0.996194698092 0.000000000000 4.2600
1.5627 0.0282 -0.087155742748 -0.962250186899 -0.257834160496 4.2600
1.5682 0.0282 -0.087155742748 -0.962250186899 0.257834160496 4.2600
1.5090 0.0282 -0.087155742748 -0.862729915663 -0.498097349046 4.2600
1.5314 0.0282 -0.087155742748 -0.862729915663 0.498097349046 4.2600
1.4156 0.0282 -0.087155742748 -0.704416026403 -0.704416026403 4.2600
1.4313 0.0282 -0.087155742748 -0.704416026403 0.704416026403 4.2600
1.3572 0.0282 -0.087155742748 -0.498097349046 -0.862729915663 4.2600
1.3591 0.0282 -0.087155742748 -0.498097349046 0.862729915663 4.2600
1.2946 0.0282 -0.087155742748 -0.257834160496 -0.962250186899 4.2600
1.2945 0.0282 -0.087155742748 -0.257834160496 0.962250186899 4.2600
1.2874 0.0282 -0.087155742748 -0.000000000000 -0.996194698092 4.2600
1.2874 0.0282 -0.087155742748 0.000000000000 0.996194698092 4.2600
1.2944 0.0282 -0.087155742748 0.257834160496 -0.962250186899 4.2600
1.2945 0.0282 -0.087155742748 0.257834160496 0.962250186899 4.2600
1.3592 0.0282 -0.087155742748 0.498097349046 -0.862729915663 4.2600
1.3571 0.0282 -0.087155742748 0.498097349046 0.862729915663 4.2600
1.4312 0.0282 -0.087155742748 0.704416026403 -0.704416026403 4.2600
1.4156 0.0282 -0.087155742748 0.704416026403 0.704416026403 4.2600
1.5314 0.0282 -0.087155742748 0.862729915663 -0.498097349046 4.2600
1.5090 0.0282 -0.087155742748 0.862729915663 0.498097349046 4.2600
1.5682 0.0282 -0.087155742748 0.962250186899 -0.257834160496 4.2600
1.5627 0.0282 -0.087155742748 0.962250186899 0.257834160496 4.2600
1.5788 0.0282 -0.087155742748 0.996194698092 0.000000000000 4.2600
1.5783 0.0282 0.000000000000 -1.000000000000 0.000000000000 4.2600
1.5621 0.0282 0.000000000000 -0.965925826289 -0.258819045103 4.2600
1.5676 0.0282 0.000000000000 -0.965925826289 0.258819045103 4.2600
1.5079 0.0282 0.000000000000 -0.866025403784 -0.500000000000 4.2600
1.5305 0.0282 0.000000000000 -0.866025403784 0.500000000000 4.2600
1.4138 0.0282 0.000000000000 -0.707106781187 -0.707106781187 4.2600
1.4296 0.0282 0.000000000000 -0.707106781187 0.707106781187 4.2600
1.3550 0.0282 0.000000000000 -0.500000000000 -0.866025403784 4.2600
1.3570 0.0282 0.000000000000 -0.500000000000 0.866025403784 4.2600
1.2919 0.0282 0.000000000000 -0.258819045103 -0.965925826289 4.2600
1.2918 0.0282 0.000000000000 -0.258819045103 0.965925826289 4.2600
1.2847 0.0282 0.000000000000 0.000000000000 -1.000000000000 4.2600
1.2847 0.0282 -0.000000000000 0.000000000000 1.000000000000 4.2600
1.2918 0.0282 0.000000000000 0.258819045103 -0.965925826289 4.2600
1.2919 0.0282 0.000000000000 0.258819045103 0.965925826289 4.2600
1.3570 0.0282 0.000000000000 0.500000000000 -0.866025403784 4.2600
1.3550 0.0282 0.000000000000 0.500000000000 0.866025403784 4.2600
1.4296 0.0282 0.000000000000 0.707106781187 -0.707106781187 4.2600
1.4138 0.0282 0.000000000000 0.707106781187 0.707106781187 4.2600
1.5305 0.0282 0.000000000000 0.866025403784 -0.500000000000 4.2600
1.5079 0.0282 0.000000000000 0.866025403784 0.500000000000 4.2600
1.5676 0.0282 0.000000000000 0.965925826289 -0.258819045103 4.2600
1.5621 0.0282 0.000000000000 0.965925826289 0.258819045103 4.2600
1.5783 0.0282 0.000000000000 1.000000000000 0.000000000000 4.2600
1.5788 0.0282 0.087155742748 -0.996194698092 0.000000000000 4.2600
1.5627 0.0282 0.087155742748 -0.962250186899 -0.257834160496 4.2600
1.5682 0.0282 0.087155742748 -0.962250186899 0.257834160496 4.2600
1.5090 0.0282 0.087155742748 -0.862729915663 -0.498097349046 4.2600
1.5314 0.0282 0.087155742748 -0.862729915663 0.498097349046 4.2600
1.4156 0.0282 0.087155742748 -0.704416026403 -0.704416026403 4.2600
1.4312 0.0282 0.087155742748 -0.704416026403 0.704416026403 4.2600
1.3571 0.0282 0.087155742748 -0.498097349046 -0.862729915663 4.2600
1.3592 0.0282 0.087155742748 -0.498097349046 0.862729915663 4.2600
1.2945 0.0282 0.087155742748 -0.257834160496 -0.962250186899 4.2600
1.2944 0.0282 0.087155742748 -0.257834160496 0.962250186899 4.2600
1.2874 0.0282 0.087155742748 0.000000000000 -0.996194698092 4.2600
1.2874 0.0282 0.087155742748 0.000000000000 0.996194698092 4.2600
1.2945 0.0282 0.087155742748 0.257834160496 -0.962250186899 4.2600
1.2946 0.0282 0.087155742748 0.257834160496 0.962250186899 4.2600
1.3591 0.0282 0.087155742748 0.498097349046 -0.862729915663 4.2600
1.3572 0.0282 0.087155742748 0.498097349046 0.862729915663 4.2600
1.4313 0.0282 0.087155742748 0.704416026403 -0.704416026403 4.2600
1.4156 0.0282 0.087155742748 0.704416026403 0.704416026403 4.2600
1.5314 0.0282 0.087155742748 0.862729915663 -0.498097349046 4.2600
1.5090 0.0282 0.087155742748 0.862729915663 0.498097349046 4.2600
1.5682 0.0282 0.087155742748 0.962250186899 -0.257834160496 4.2600
1.5627 0.0282 0.087155742748 0.962250186899 0.257834160496 4.2600
1.5788 0.0282 0.087155742748 0.996194698092 0.000000000000 4.2600
1.5803 0.0282 0.173648177667 -0.984807753012 0.000000000000 4.2600
1.5645 0.0282 0.173648177667 -0.951251242564 -0.254887002244 4.2600
1.5698 0.0282 0.173648177667 -0.951251242564 0.254887002244 4.2600
1.5120 0.0282 0.173648177667 -0.852868531952 -0.492403876506 4.2600
1.5339 0.0282 0.173648177667 -0.852868531952 0.492403876506 4.2600
1.4207 0.0282 0.173648177667 -0.696364240320 -0.696364240320 4.2600
1.4360 0.0282 0.173648177667 -0.696364240320 0.696364240320 4.2600
1.3635 0.0282 0.173648177667 -0.492403876506 -0.852868531952 4.2600
1.3657 0.0282 0.173648177667 -0.492403876506 0.852868531952 4.2600
1.3024 0.0282 0.173648177667 -0.254887002244 -0.951251242564 4.2600
1.3023 0.0282 0.173648177667 -0.254887002244 0.951251242564 4.2600
1.2954 0.0282 0.173648177667 -0.000000002588 -0.984807753012 4.2600
1.2955 0.0282 0.173648177667 0.000000002588 0.984807753012 4.2600
1.3025 0.0282 0.173648177667 0.254887002244 -0.951251242564 4.2600
1.3025 0.0282 0.173648177667 0.254887002244 0.951251242564 4.2600
1.3656 0.0282 0.173648177667 0.492403876506 -0.852868531952 4.2600
1.3638 0.0282 0.173648177667 0.492403876506 0.852868531952 4.2600
1.4362 0.0282 0.173648177667 0.696364240320 -0.696364240320 4.2600
1.4208 0.0282 0.173648177667 0.696364240320 0.696364240320 4.2600
1.5339 0.0282 0.173648177667 0.852868531952 -0.492403876506 4.2600
1.5120 0.0282 0.173648177667 0.852868531952 0.492403876506 4.2600
1.5699 0.0282 0.173648177667 0.951251242564 -0.254887002244 4.2600
1.5645 0.0282 0.173648177667 0.951251242564 0.254887002244 4.2600
1.5803 0.0282 0.173648177667 0.984807753012 0.000000000000 4.2600
1.5826 0.0282 0.258819045103 -0.965925826289 0.000000000000 4.2600
1.5675 0.0282 0.258819045103 -0.933012701892 -0.250000000000 4.2600
1.5726 0.0282 0.258819045103 -0.933012701892 0.250000000000 4.2600
1.5170 0.0282 0.258819045103 -0.836516303738 -0.482962913145 4.2600
1.5381 0.0282 0.258819045103 -0.836516303738 0.482962913145 4.2600
1.4291 0.0282 0.258819045103 -0.683012701892 -0.683012701892 4.2600
1.4438 0.0282 0.258819045103 -0.683012701892 0.683012701892 4.2600
1.3740 0.0282 0.258819045103 -0.482962913145 -0.836516303738 4.2600
1.3762 0.0282 0.258819045103 -0.482962913145 0.836516303738 4.2600
1.3154 0.0282 0.258819045103 -0.250000000000 -0.933012701892 4.2600
1.3152 0.0282 0.258819045103 -0.250000000000 0.933012701892 4.2600
1.3086 0.0282 0.258819045103 0.000000000000 -0.965925826289 4.2600
1.3088 0.0282 0.258819045103 0.000000000000 0.965925826289 4.2600
1.3154 0.0282 0.258819045103 0.250000000000 -0.933012701892 4.2600
1.3154 0.0282 0.258819045103 0.250000000000 0.933012701892 4.2600
1.3761 0.0282 0.258819045103 0.482962913145 -0.836516303738 4.2600
1.3745 0.0282 0.258819045103 0.482962913145 0.836516303738 4.2600
1.4441 0.0282 0.258819045103 0.683012701892 -0.683012701892 4.2600
1.4293 0.0282 0.258819045103 0.683012701892 0.683012701892 4.2600
1.5380 0.0282 0.258819045103 0.836516303738 -0.482962913145 4.2600
1.5170 0.0282 0.258819045103 0.836516303738 0.482962913145 4.2600
1.5727 0.0282 0.258819045103 0.933012701892 -0.250000000000 4.2600
1.5674 0.0282 0.258819045103 0.933012701892 0.250000000000 4.2600
1.5827 0.0282 0.258819045103 0.965925826289 0.000000000000 4.2600
1.5859 0.0282 0.342020143326 -0.939692620786 0.000000000000 4.2600
1.5716 0.0282 0.342020143326 -0.907673371190 -0.243210346802 4.2600
1.5764 0.0282 0.342020143326 -0.907673371190 0.243210346802 4.2600
1.5237 0.0282 0.342020143326 -0.813797681349 -0.469846310393 4.2600
1.5437 0.0282 0.342020143326 -0.813797681349 0.469846310393 4.2600
1.4406 0.0282 0.342020143326 -0.664463024389 -0.664463024389 4.2600
1.4544 0.0282 0.342020143326 -0.664463024389 0.664463024389 4.2600
1.3883 0.0282 0.342020143326 -0.469846310393 -0.813797681349 4.2600
1.3906 0.0282 0.342020143326 -0.469846310393 0.813797681349 4.2600
1.3329 0.0282 0.342020143326 -0.243210346802 -0.907673371190 4.2600
1.3327 0.0282 0.342020143326 -0.243210346802 0.907673371190 4.2600
1.3264 0.0282 0.342020143326 0.000000000000 -0.939692620786 4.2600
1.3267 0.0282 0.342020143326 0.000000000000 0.939692620786 4.2600
1.3330 0.0282 0.342020143326 0.243210346802 -0.907673371190 4.2600
1.3330 0.0282 0.342020143326 0.243210346802 0.907673371190 4.2600
1.3903 0.0282 0.342020143326 0.469846310393 -0.813797681349 4.2600
1.3889 0.0282 0.342020143326 0.469846310393 0.813797681349 4.2600
1.4548 0.0282 0.342020143326 0.664463024389 -0.664463024389 4.2600
1.4407 0.0282 0.342020143326 0.664463024389 0.664463024389 4.2600
1.5437 0.0282 0.342020143326 0.813797681349 -0.469846310393 4.2600
1.5237 0.0282 0.342020143326 0.813797681349 0.469846310393 4.2600
1.5764 0.0282 0.342020143326 0.907673371190 -0.243210346802 4.2600
1.5715 0.0282 0.342020143326 0.907673371190 0.243210346802 4.2600
1.5859 0.0282 0.342020143326 0.939692620786 0.000000000000 4.2600
1.5898 0.0282 0.422618261741 -0.906307787037 0.000000000000 4.2600
1.5766 0.0282 0.422618261741 -0.875426098066 -0.234569716010 4.2600
1.5810 0.0282 0.422618261741 -0.875426098066 0.234569716010 4.2600
1.5320 0.0282 0.422618261741 -0.784885567221 -0.453153893518 4.2600
1.5506 0.0282 0.422618261741 -0.784885567221 0.453153893518 4.2600
1.4547 0.0282 0.422618261741 -0.640856382056 -0.640856382056 4.2600
1.4675 0.0282 0.422618261741 -0.640856382056 0.640856382056 4.2600
1.4060 0.0282 0.422618261741 -0.453153893518 -0.784885567221 4.2600
1.4082 0.0282 0.422618261741 -0.453153893518 0.784885567221 4.2600
1.3545 0.0282 0.422618261741 -0.234569716010 -0.875426098066 4.2600
1.3543 0.0282 0.422618261741 -0.234569716010 0.875426098066 4.2600
1.3485 0.0282 0.422618261741 0.000000000000 -0.906307787037 4.2600
1.3488 0.0282 0.422618261741 0.000000000000 0.906307787037 4.2600
1.3547 0.0282 0.422618261741 0.234569716010 -0.875426098066 4.2600
1.3546 0.0282 0.422618261741 0.234569716010 0.875426098066 4.2600
1.4079 0.0282 0.422618261741 0.453153893518 -0.784885567221 4.2600
1.4067 0.0282 0.422618261741 0.453153893518 0.784885567221 4.2600
1.4680 0.0282 0.422618261741 0.640856382056 -0.640856382056 4.2600
1.4549 0.0282 0.422618261741 0.640856382056 0.640856382056 4.2600
1.5506 0.0282 0.422618261741 0.784885567221 -0.453153893518 4.2600
1.5320 0.0282 0.422618261741 0.784885567221 0.453153893518 4.2600
1.5811 0.0282 0.422618261741 0.875426098066 -0.234569716010 4.2600
1.5765 0.0282 0.422618261741 0.875426098066 0.234569716010 4.2600
1.5899 0.0282 0.422618261741 0.906307787037 0.000000000000 4.2600
1.5944 0.0282 0.500000000000 -0.866025403784 0.000000000000 4.2600
1.5823 0.0282 0.500000000000 -0.836516303738 -0.224143868042 4.2600
1.5864 0.0282 0.500000000000 -0.836516303738 0.224143868042 4.2600
1.5417 0.0282 0.500000000000 -0.750000000000 -0.433012701892 4.2600
1.5587 0.0282 0.500000000000 -0.750000000000 0.433012701892 4.2600
1.4710 0.0282 0.500000000000 -0.612372435696 -0.612372435696 4.2600
1.4827 0.0282 0.500000000000 -0.612372435696 0.612372435696 4.2600
1.4265 0.0282 0.500000000000 -0.433012701892 -0.750000000000 4.2600
1.4286 0.0282 0.500000000000 -0.433012701892 0.750000000000 4.2600
1.3796 0.0282 0.500000000000 -0.224143868042 -0.836516303738 4.2600
1.3793 0.0282 0.500000000000 -0.224143868042 0.836516303738 4.2600
1.3740 0.0282 0.500000000000 0.000000000000 -0.866025403784 4.2600
1.3744 0.0282 0.500000000000 0.000000000000 0.866025403784 4.2600
1.3798 0.0282 0.500000000000 0.224143868042 -0.836516303738 4.2600
1.3797 0.0282 0.500000000000 0.224143868042 0.836516303738 4.2600
1.4283 0.0282 0.500000000000 0.433012701892 -0.750000000000 4.2600
1.4274 0.0282 0.500000000000 0.433012701892 0.750000000000 4.2600
1.4832 0.0282 0.500000000000 0.612372435696 -0.612372435696 4.2600
1.4712 0.0282 0.500000000000 0.612372435696 0.612372435696 4.2600
1.5586 0.0282 0.500000000000 0.750000000000 -0.433012701892 4.2600
1.5417 0.0282 0.500000000000 0.750000000000 0.433012701892 4.2600
1.5865 0.0282 0.500000000000 0.836516303738 -0.224143868042 4.2600
1.5822 0.0282 0.500000000000 0.836516303738 0.224143868042 4.2600
1.5945 0.0282 0.500000000000 0.866025403784 0.000000000000 4.2600
1.5995 0.0282 0.573576436351 -0.819152044289 0.000000000000 4.2600
1.5887 0.0282 0.573576436351 -0.791240115236 -0.212012149897 4.2600
1.5923 0.0282 0.573576436351 -0.791240115236 0.212012149897 4.2600
1.5523 0.0282 0.573576436351 -0.709406479916 -0.409576022144 4.2600
1.5675 0.0282 0.573576436351 -0.709406479916 0.409576022144 4.2600
1.4891 0.0282 0.573576436351 -0.579227965340 -0.579227965340 4.2600
1.4995 0.0282 0.573576436351 -0.579227965340 0.579227965340 4.2600
1.4493 0.0282 0.573576436351 -0.409576022144 -0.709406479916 4.2600
1.4512 0.0282 0.573576436351 -0.409576022144 0.709406479916 4.2600
1.4073 0.0282 0.573576436351 -0.212012149897 -0.791240115236 4.2600
1.4071 0.0282 0.573576436351 -0.212012149897 0.791240115236 4.2600
1.4023 0.0282 0.573576436351 0.000000000000 -0.819152044289 4.2600
1.4027 0.0282 0.573576436351 0.000000008547 0.819152044289 4.2600
1.4075 0.0282 0.573576436351 0.212012149897 -0.791240115236 4.2600
1.4074 0.0282 0.573576436351 0.212012149897 0.791240115236 4.2600
1.4509 0.0282 0.573576436351 0.409576022144 -0.709406479916 4.2600
1.4501 0.0282 0.573576436351 0.409576022144 0.709406479916 4.2600
1.5001 0.0282 0.573576436351 0.579227965340 -0.579227965340 4.2600
1.4893 0.0282 0.573576436351 0.579227965340 0.579227965340 4.2600
1.5675 0.0282 0.573576436351 0.709406479916 -0.409576022144 4.2600
1.5523 0.0282 0.573576436351 0.709406479916 0.409576022144 4.2600
1.5924 0.0282 0.573576436351 0.791240115236 -0.212012149897 4.2600
1.5886 0.0282 0.573576436351 0.791240115236 0.212012149897 4.2600
1.5996 0.0282 0.573576436351 0.819152044289 0.000000000000 4.2600
1.6050 0.0282 0.642787609687 -0.766044443119 0.000000000000 4.2600
1.5955 0.0282 0.642787609687 -0.739942111694 -0.198266891274 4.2600
1.5987 0.0282 0.642787609687 -0.739942111694 0.198266891274 4.2600
1.5637 0.0282 0.642787609687 -0.663413948169 -0.383022221559 4.2600
1.5770 0.0282 0.642787609687 -0.663413948169 0.383022221559 4.2600
1.5084 0.0282 0.642787609687 -0.541675220420 -0.541675220420 4.2600
1.5175 0.0282 0.642787609687 -0.541675220420 0.541675220420 4.2600
1.4735 0.0282 0.642787609687 -0.383022221559 -0.663413948169 4.2600
1.4753 0.0282 0.642787609687 -0.383022221559 0.663413948169 4.2600
1.4369 0.0282 0.642787609687 -0.198266891274 -0.739942111694 4.2600
1.4366 0.0282 0.642787609687 -0.198266891274 0.739942111694 4.2600
1.4325 0.0282 0.642787609687 -0.000000009578 -0.766044443119 4.2600
1.4329 0.0282 0.642787609687 0.000000000000 0.766044443119 4.2600
1.4371 0.0282 0.642787609687 0.198266891274 -0.739942111694 4.2600
1.4370 0.0282 0.642787609687 0.198266891274 0.739942111694 4.2600
1.4749 0.0282 0.642787609687 0.383022221559 -0.663413948169 4.2600
1.4744 0.0282 0.642787609687 0.383022221559 0.663413948169 4.2600
1.5181 0.0282 0.642787609687 0.541675220420 -0.541675220420 4.2600
1.5086 0.0282 0.642787609687 0.541675220420 0.541675220420 4.2600
1.5769 0.0282 0.642787609687 0.663413948169 -0.383022221559 4.2600
1.5637 0.0282 0.642787609687 0.663413948169 0.383022221559 4.2600
1.5988 0.0282 0.642787609687 0.739942111694 -0.198266891274 4.2600
1.5954 0.0282 0.642787609687 0.739942111694 0.198266891274 4.2600
1.6050 0.0282 0.642787609687 0.766044443119 0.000000000000 4.2600
1.6106 0.0282 0.707106781187 -0.707106781187 0.000000000000 4.2600
1.6025 0.0282 0.707106781187 -0.683012701892 -0.183012701892 4.2600
1.6052 0.0282 0.707106781187 -0.683012701892 0.183012701892 4.2600
1.5754 0.0282 0.707106781187 -0.612372435696 -0.353553390593 4.2600
1.5868 0.0282 0.707106781187 -0.612372435696 0.353553390593 4.2600
1.5282 0.0282 0.707106781187 -0.500000000000 -0.500000000000 4.2600
1.5360 0.0282 0.707106781187 -0.500000000000 0.500000000000 4.2600
1.4985 0.0282 0.707106781187 -0.353553390593 -0.612372435696 4.2600
1.5001 0.0282 0.707106781187 -0.353553390593 0.612372435696 4.2600
1.4673 0.0282 0.707106781187 -0.183012701892 -0.683012701892 4.2600
1.4671 0.0282 0.707106781187 -0.183012701892 0.683012701892 4.2600
1.4636 0.0282 0.707106781187 0.000000000000 -0.707106781187 4.2600
1.4640 0.0282 0.707106781187 0.000000000000 0.707106781187 4.2600
1.4676 0.0282 0.707106781187 0.183012701892 -0.683012701892 4.2600
1.4674 0.0282 0.707106781187 0.183012701892 0.683012701892 4.2600
1.4998 0.0282 0.707106781187 0.353553390593 -0.612372435696 4.2600
1.4994 0.0282 0.707106781187 0.353553390593 0.612372435696 4.2600
1.5366 0.0282 0.707106781187 0.500000000000 -0.500000000000 4.2600
1.5285 0.0282 0.707106781187 0.500000000000 0.500000000000 4.2600
1.5867 0.0282 0.707106781187 0.612372435696 -0.353553390593 4.2600
1.5754 0.0282 0.707106781187 0.612372435696 0.353553390593 4.2600
1.6053 0.0282 0.707106781187 0.683012701892 -0.183012701892 4.2600
1.6024 0.0282 0.707106781187 0.683012701892 0.183012701892 4.2600
1.6106 0.0282 0.707106781187 0.707106781187 0.000000000000 4.2600
1.6162 0.0282 0.766044443119 -0.642787609687 0.000000000000 4.2600
1.6096 0.0282 0.766044443119 -0.620885153015 -0.166365675343 4.2600
1.6117 0.0282 0.766044443119 -0.620885153015 0.166365675343 4.2600
1.5871 0.0282 0.766044443119 -0.556670399226 -0.321393804843 4.2600
1.5965 0.0282 0.766044443119 -0.556670399226 0.321393804843 4.2600
1.5481 0.0282 0.766044443119 -0.454519477672 -0.454519477672 4.2600
1.5545 0.0282 0.766044443119 -0.454519477672 0.454519477672 4.2600
1.5235 0.0282 0.766044443119 -0.321393804843 -0.556670399226 4.2600
1.5250 0.0282 0.766044443119 -0.321393804843 0.556670399226 4.2600
1.4978 0.0282 0.766044443119 -0.166365675343 -0.620885153015 4.2600
1.4976 0.0282 0.766044443119 -0.166365675343 0.620885153015 4.2600
1.4947 0.0282 0.766044443119 0.000000000000 -0.642787609687 4.2600
1.4951 0.0282 0.766044443119 0.000000000000 0.642787609687 4.2600
1.4981 0.0282 0.766044443119 0.166365675343 -0.620885153015 4.2600
1.4979 0.0282 0.766044443119 0.166365675343 0.620885153015 4.2600
1.5246 0.0282 0.766044443119 0.321393804843 -0.556670399226 4.2600
1.5244 0.0282 0.766044443119 0.321393804843 0.556670399226 4.2600
1.5551 0.0282 0.766044443119 0.454519477672 -0.454519477672 4.2600
1.5484 0.0282 0.766044443119 0.454519477672 0.454519477672 4.2600
1.5964 0.0282 0.766044443119 0.556670399226 -0.321393804843 4.2600
1.5871 0.0282 0.766044443119 0.556670399226 0.321393804843 4.2600
1.6118 0.0282 0.766044443119 0.620885153015 -0.166365675343 4.2600
1.6094 0.0282 0.766044443119 0.620885153015 0.166365675343 4.2600
1.6162 0.0282 0.766044443119 0.642787609687 0.000000000000 4.2600
1.6216 0.0282 0.819152044289 -0.573576436351 0.000000000000 4.2600
1.6164 0.0282 0.819152044289 -0.554032293222 -0.148452505550 4.2600
1.6181 0.0282 0.819152044289 -0.554032293222 0.148452505550 4.2600
1.5985 0.0282 0.819152044289 -0.496731764892 -0.286788218176 4.2600
1.6060 0.0282 0.819152044289 -0.496731764892 0.286788218176 4.2600
1.5674 0.0282 0.819152044289 -0.405579787673 -0.405579787673 4.2600
1.5725 0.0282 0.819152044289 -0.405579787673 0.405579787673 4.2600
1.5477 0.0282 0.819152044289 -0.286788218176 -0.496731764892 4.2600
1.5490 0.0282 0.819152044289 -0.286788218176 0.496731764892 4.2600
1.5274 0.0282 0.819152044289 -0.148452505550 -0.554032293222 4.2600
1.5271 0.0282 0.819152044289 -0.148452505550 0.554032293222 4.2600
1.5248 0.0282 0.819152044289 0.000000000000 -0.573576436351 4.2600
1.5253 0.0282 0.819152044289 0.000000000000 0.573576436351 4.2600
1.5276 0.0282 0.819152044289 0.148452505550 -0.554032293222 4.2600
1.5275 0.0282 0.819152044289 0.148452505550 0.554032293222 4.2600
1.5487 0.0282 0.819152044289 0.286788218176 -0.496731764892 4.2600
1.5486 0.0282 0.819152044289 0.286788218176 0.496731764892 4.2600
1.5730 0.0282 0.819152044289 0.405579787673 -0.405579787673 4.2600
1.5677 0.0282 0.819152044289 0.405579787673 0.405579787673 4.2600
1.6059 0.0282 0.819152044289 0.496731764892 -0.286788218176 4.2600
1.5985 0.0282 0.819152044289 0.496731764892 0.286788218176 4.2600
1.6182 0.0282 0.819152044289 0.554032293222 -0.148452505550 4.2600
1.6162 0.0282 0.819152044289 0.554032293222 0.148452505550 4.2600
1.6217 0.0282 0.819152044289 0.573576436351 0.000000000000 4.2600
1.6267 0.0282 0.866025403784 -0.500000000000 0.000000000000 4.2600
1.6227 0.0282 0.866025403784 -0.482962913145 -0.129409522551 4.2600
1.6240 0.0282 0.866025403784 -0.482962913145 0.129409522551 4.2600
1.6092 0.0282 0.866025403784 -0.433012701892 -0.250000000000 4.2600
1.6148 0.0282 0.866025403784 -0.433012701892 0.250000000000 4.2600
1.5855 0.0282 0.866025403784 -0.353553390593 -0.353553390593 4.2600
1.5893 0.0282 0.866025403784 -0.353553390593 0.353553390593 4.2600
1.5705 0.0282 0.866025403784 -0.250000000000 -0.433012701892 4.2600
1.5716 0.0282 0.866025403784 -0.250000000000 0.433012701892 4.2600
1.5551 0.0282 0.866025403784 -0.129409522551 -0.482962913145 4.2600
1.5549 0.0282 0.866025403784 -0.129409522551 0.482962913145 4.2600
1.5531 0.0282 0.866025403784 0.000000000000 -0.500000000000 4.2600
1.5535 0.0282 0.866025403784 0.000000012905 0.500000000000 4.2600
1.5553 0.0282 0.866025403784 0.129409522551 -0.482962913145 4.2600
1.5552 0.0282 0.866025403784 0.129409522551 0.482962913145 4.2600
1.5713 0.0282 0.866025403784 0.250000000000 -0.433012701892 4.2600
1.5713 0.0282 0.866025403784 0.250000000000 0.433012701892 4.2600
1.5898 0.0282 0.866025403784 0.353553390593 -0.353553390593 4.2600
1.5858 0.0282 0.866025403784 0.353553390593 0.353553390593 4.2600
1.6148 0.0282 0.866025403784 0.433012701892 -0.250000000000 4.2600
1.6092 0.0282 0.866025403784 0.433012701892 0.250000000000 4.2600
1.6241 0.0282 0.866025403784 0.482962913145 -0.129409522551 4.2600
1.6226 0.0282 0.866025403784 0.482962913145 0.129409522551 4.2600
1.6268 0.0282 0.866025403784 0.500000000000 0.000000000000 4.2600
1.6313 0.0282 0.906307787037 -0.422618261741 0.000000000000 4.2600
1.6285 0.0282 0.906307787037 -0.408217893677 -0.109381654947 4.2600
1.6294 0.0282 0.906307787037 -0.408217893677 0.109381654947 4.2600
1.6188 0.0282 0.906307787037 -0.365998150771 -0.211309130870 4.2600
1.6229 0.0282 0.906307787037 -0.365998150771 0.211309130870 4.2600
1.6019 0.0282 0.906307787037 -0.298836238730 -0.298836238730 4.2600
1.6046 0.0282 0.906307787037 -0.298836238730 0.298836238730 4.2600
1.5911 0.0282 0.906307787037 -0.211309130870 -0.365998150771 4.2600
1.5920 0.0282 0.906307787037 -0.211309130870 0.365998150771 4.2600
1.5802 0.0282 0.906307787037 -0.109381654947 -0.408217893677 4.2600
1.5800 0.0282 0.906307787037 -0.109381654947 0.408217893677 4.2600
1.5787 0.0282 0.906307787037 0.000000000000 -0.422618261741 4.2600
1.5791 0.0282 0.906307787037 0.000000000000 0.422618261741 4.2600
1.5804 0.0282 0.906307787037 0.109381654947 -0.408217893677 4.2600
1.5802 0.0282 0.906307787037 0.109381654947 0.408217893677 4.2600
1.5917 0.0282 0.906307787037 0.211309130870 -0.365998150771 4.2600
1.5918 0.0282 0.906307787037 0.211309130870 0.365998150771 4.2600
1.6050 0.0282 0.906307787037 0.298836238730 -0.298836238730 4.2600
1.6021 0.0282 0.906307787037 0.298836238730 0.298836238730 4.2600
1.6228 0.0282 0.906307787037 0.365998150771 -0.211309130870 4.2600
1.6188 0.0282 0.906307787037 0.365998150771 0.211309130870 4.2600
1.6295 0.0282 0.906307787037 0.408217893677 -0.109381654947 4.2600
1.6284 0.0282 0.906307787037 0.408217893677 0.109381654947 4.2600
1.6314 0.0282 0.906307787037 0.422618261741 0.000000000000 4.2600
1.6353 0.0282 0.939692620786 -0.342020143326 0.000000000000 4.2600
1.6335 0.0282 0.939692620786 -0.330366089549 -0.088521326901 4.2600
1.6341 0.0282 0.939692620786 -0.330366089549 0.088521326901 4.2600
1.6271 0.0282 0.939692620786 -0.296198132726 -0.171010071663 4.2600
1.6298 0.0282 0.939692620786 -0.296198132726 0.171010071663 4.2600
1.6160 0.0282 0.939692620786 -0.241844762648 -0.241844762648 4.2600
1.6178 0.0282 0.939692620786 -0.241844762648 0.241844762648 4.2600
1.6089 0.0282 0.939692620786 -0.171010071663 -0.296198132726 4.2600
1.6096 0.0282 0.939692620786 -0.171010071663 0.296198132726 4.2600
1.6018 0.0282 0.939692620786 -0.088521326901 -0.330366089549 4.2600
1.6017 0.0282 0.939692620786 -0.088521326901 0.330366089549 4.2600
1.6008 0.0282 0.939692620786 0.000000000000 -0.342020143326 4.2600
1.6011 0.0282 0.939692620786 0.000000000000 0.342020143326 4.2600
1.6020 0.0282 0.939692620786 0.088521326901 -0.330366089549 4.2600
1.6019 0.0282 0.939692620786 0.088521326901 0.330366089549 4.2600
1.6093 0.0282 0.939692620786 0.171010071663 -0.296198132726 4.2600
1.6095 0.0282 0.939692620786 0.171010071663 0.296198132726 4.2600
1.6181 0.0282 0.939692620786 0.241844762648 -0.241844762648 4.2600
1.6162 0.0282 0.939692620786 0.241844762648 0.241844762648 4.2600
1.6297 0.0282 0.939692620786 0.296198132726 -0.171010071663 4.2600
1.6271 0.0282 0.939692620786 0.296198132726 0.171010071663 4.2600
1.6341 0.0282 0.939692620786 0.330366089549 -0.088521326901 4.2600
1.6334 0.0282 0.939692620786 0.330366089549 0.088521326901 4.2600
1.6354 0.0282 0.939692620786 0.342020143326 0.000000000000 4.2600
1.6386 0.0282 0.965925826289 -0.258819045103 0.000000000000 4.2600
1.6375 0.0282 0.965925826289 -0.250000000000 -0.066987298108 4.2600
1.6378 0.0282 0.965925826289 -0.250000000000 0.066987298108 4.2600
1.6339 0.0282 0.965925826289 -0.224143868042 -0.129409522551 4.2600
1.6354 0.0282 0.965925826289 -0.224143868042 0.129409522551 4.2600
1.6275 0.0282 0.965925826289 -0.183012701892 -0.183012701892 4.2600
1.6285 0.0282 0.965925826289 -0.183012701892 0.183012701892 4.2600
1.6234 0.0282 0.965925826289 -0.129409522551 -0.224143868042 4.2600
1.6238 0.0282 0.965925826289 -0.129409522551 0.224143868042 4.2600
1.6194 0.0282 0.965925826289 -0.066987298108 -0.250000000000 4.2600
1.6193 0.0282 0.965925826289 -0.066987298108 0.250000000000 4.2600
1.6188 0.0282 0.965925826289 -0.000000014393 -0.258819045103 4.2600
1.6190 0.0282 0.965925826289 0.000000000000 0.258819045103 4.2600
1.6195 0.0282 0.965925826289 0.066987298108 -0.250000000000 4.2600
1.6194 0.0282 0.965925826289 0.066987298108 0.250000000000 4.2600
1.6237 0.0282 0.965925826289 0.129409522551 -0.224143868042 4.2600
1.6238 0.0282 0.965925826289 0.129409522551 0.224143868042 4.2600
1.6288 0.0282 0.965925826289 0.183012701892 -0.183012701892 4.2600
1.6276 0.0282 0.965925826289 0.183012701892 0.183012701892 4.2600
1.6354 0.0282 0.965925826289 0.224143868042 -0.129409522551 4.2600
1.6339 0.0282 0.965925826289 0.224143868042 0.129409522551 4.2600
1.6379 0.0282 0.965925826289 0.250000000000 -0.066987298108 4.2600
1.6375 0.0282 0.965925826289 0.250000000000 0.066987298108 4.2600
1.6386 0.0282 0.965925826289 0.258819045103 0.000000000000 4.2600
1.6409 0.0282 0.984807753012 -0.173648177667 0.000000000000 4.2600
1.6405 0.0282 0.984807753012 -0.167731259497 -0.044943455528 4.2600
1.6406 0.0282 0.984807753012 -0.167731259497 0.044943455528 4.2600
1.6388 0.0282 0.984807753012 -0.150383733180 -0.086824088833 4.2600
1.6395 0.0282 0.984807753012 -0.150383733180 0.086824088833 4.2600
1.6359 0.0282 0.984807753012 -0.122787803969 -0.122787803969 4.2600
1.6364 0.0282 0.984807753012 -0.122787803969 0.122787803969 4.2600
1.6341 0.0282 0.984807753012 -0.086824088833 -0.150383733180 4.2600
1.6343 0.0282 0.984807753012 -0.086824088833 0.150383733180 4.2600
1.6323 0.0282 0.984807753012 -0.044943455528 -0.167731259497 4.2600
1.6322 0.0282 0.984807753012 -0.044943455528 0.167731259497 4.2600
1.6320 0.0282 0.984807753012 0.000000000000 -0.173648177667 4.2600
1.6322 0.0282 0.984807753012 0.000000000000 0.173648177667 4.2600
1.6324 0.0282 0.984807753012 0.044943455528 -0.167731259497 4.2600
1.6323 0.0282 0.984807753012 0.044943455528 0.167731259497 4.2600
1.6342 0.0282 0.984807753012 0.086824088833 -0.150383733180 4.2600
1.6344 0.0282 0.984807753012 0.086824088833 0.150383733180 4.2600
1.6366 0.0282 0.984807753012 0.122787803969 -0.122787803969 4.2600
1.6360 0.0282 0.984807753012 0.122787803969 0.122787803969 4.2600
1.6395 0.0282 0.984807753012 0.150383733180 -0.086824088833 4.2600
1.6388 0.0282 0.984807753012 0.150383733180 0.086824088833 4.2600
1.6406 0.0282 0.984807753012 0.167731259497 -0.044943455528 4.2600
1.6404 0.0282 0.984807753012 0.167731259497 0.044943455528 4.2600
1.6410 0.0282 0.984807753012 0.173648177667 0.000000000000 4.2600
1.6424 0.0282 0.996194698092 -0.087155742748 0.000000000000 4.2600
1.6423 0.0282 0.996194698092 -0.084185982829 -0.022557566113 4.2600
1.6423 0.0282 0.996194698092 -0.084185982829 0.022557566113 4.2600
1.6419 0.0282 0.996194698092 -0.075479087305 -0.043577871374 4.2600
1.6421 0.0282 0.996194698092 -0.075479087305 0.043577871374 4.2600
1.6411 0.0282 0.996194698092 -0.061628416716 -0.061628416716 4.2600
1.6412 0.0282 0.996194698092 -0.061628416716 0.061628416716 4.2600
1.6406 0.0282 0.996194698092 -0.043577871374 -0.075479087305 4.2600
1.6408 0.0282 0.996194698092 -0.043577871374 0.075479087305 4.2600
1.6402 0.0282 0.996194698092 -0.022557566113 -0.084185982829 4.2600
1.6402 0.0282 0.996194698092 -0.022557566113 0.084185982829 4.2600
1.6401 0.0282 0.996194698092 -0.000000014844 -0.087155742748 4.2600
1.6402 0.0282 0.996194698092 0.000000000000 0.087155742748 4.2600
1.6403 0.0282 0.996194698092 0.022557566113 -0.084185982829 4.2600
1.6402 0.0282 0.996194698092 0.022557566113 0.084185982829 4.2600
1.6407 0.0282 0.996194698092 0.043577871374 -0.075479087305 4.2600
1.6408 0.0282 0.996194698092 0.043577871374 0.075479087305 4.2600
1.6413 0.0282 0.996194698092 0.061628416716 -0.061628416716 4.2600
1.6412 0.0282 0.996194698092 0.061628416716 0.061628416716 4.2600
1.6420 0.0282 0.996194698092 0.075479087305 -0.043577871374 4.2600
1.6419 0.0282 0.996194698092 0.075479087305 0.043577871374 4.2600
1.6423 0.0282 0.996194698092 0.084185982829 -0.022557566113 4.2600
1.6423 0.0282 0.996194698092 0.084185982829 0.022557566113 4.2600
1.6424 0.0282 0.996194698092 0.087155742748 0.000000000000 4.2600
1.6429 0.0282 1.000000000000 0.000000000000 0.000000000000 4.2600
