0.1042 0.0022 -1.000000000000 0.000000000000 0.000000000000 0.5700
0.1042 0.0022 -0.996194698092 -0.087155742748 0.000000000000 0.5700
0.1042 0.0022 -0.996194698092 -0.084185982829 -0.022557566113 0.5700
0.1042 0.0022 -0.996194698092 -0.084185982829 0.022557566113 0.5700
0.1042 0.0022 -0.996194698092 -0.075479087305 -0.043577871374 0.5700
0.1041 0.0022 -0.996194698092 -0.075479087305 0.043577871374 0.5700
0.1041 0.0022 -0.996194698092 -0.061628416716 -0.061628416716 0.5700
0.1041 0.0022 -0.996194698092 -0.061628416716 0.061628416716 0.5700
0.1041 0.0022 -0.996194698092 -0.043577871374 -0.075479087305 0.5700
0.1041 0.0022 -0.996194698092 -0.043577871374 0.075479087305 0.5700
0.1040 0.0022 -0.996194698092 -0.022557566113 -0.084185982829 0.5700
0.1040 0.0022 -0.996194698092 -0.022557566113 0.084185982829 0.5700
0.1040 0.0022 -0.996194698092 0.000000000000 -0.087155742748 0.5700
0.1040 0.0022 -0.996194698092 0.000000000000 0.087155742748 0.5700
0.1040 0.0022 -0.996194698092 0.022557566113 -0.084185982829 0.5700
0.1040 0.0022 -0.996194698092 0.022557566113 0.084185982829 0.5700
0.1041 0.0022 -0.996194698092 0.043577871374 -0.075479087305 0.5700
0.1041 0.0022 -0.996194698092 0.043577871374 0.075479087305 0.5700
0.1041 0.0022 -0.996194698092 0.061628416716 -0.061628416716 0.5700
0.1041 0.0022 -0.996194698092 0.061628416716 0.061628416716 0.5700
0.1041 0.0022 -0.996194698092 0.075479087305 -0.043577871374 0.5700
0.1042 0.0022 -0.996194698092 0.075479087305 0.043577871374 0.5700
0.1042 0.0022 -0.996194698092 0.084185982829 -0.022557566113 0.5700
0.1042 0.0022 -0.996194698092 0.084185982829 0.022557566113 0.5700
0.1042 0.0022 -0.996194698092 0.087155742748 0.000000000000 0.5700
0.1042 0.0022 -0.984807753012 -0.173648177667 0.000000000000 0.5700
0.1041 0.0022 -0.984807753012 -0.167731259497 -0.044943455528 0.5700
0.1041 0.0022 -0.984807753012 -0.167731259497 0.044943455528 0.5700
0.1040 0.0022 -0.984807753012 -0.150383733180 -0.086824088833 0.5700
0.1039 0.0022 -0.984807753012 -0.150383733180 0.086824088833 0.5700
0.1038 0.0022 -0.984807753012 -0.122787803969 -0.122787803969 0.5700
0.1037 0.0022 -0.984807753012 -0.122787803969 0.122787803969 0.5700
0.1037 0.0022 -0.984807753012 -0.086824088833 -0.150383733180 0.5700
0.1037 0.0022 -0.984807753012 -0.086824088833 0.150383733180 0.5700
0.1036 0.0022 -0.984807753012 -0.044943455528 -0.167731259497 0.5700
0.1035 0.0022 -0.984807753012 -0.044943455528 0.167731259497 0.5700
0.1035 0.0022 -0.984807753012 0.000000000000 0.173648177667 0.5700
0.1035 0.0022 -0.984807753012 0.000000014675 -0.173648177667 0.5700
0.1035 0.0022 -0.984807753012 0.044943455528 -0.167731259497 0.5700
0.1036 0.0022 -0.984807753012 0.044943455528 0.167731259497 0.5700
0.1036 0.0022 -0.984807753012 0.086824088833 -0.150383733180 0.5700
0.1037 0.0022 -0.984807753012 0.086824088833 0.150383733180 0.5700
0.1037 0.0022 -0.984807753012 0.122787803969 -0.122787803969 0.5700
0.1038 0.0022 -0.984807753012 0.122787803969 0.122787803969 0.5700
0.1039 0.0022 -0.984807753012 0.150383733180 -0.086824088833 0.5700
0.1040 0.0022 -0.984807753012 0.150383733180 0.086824088833 0.5700
0.1041 0.0022 -0.984807753012 0.167731259497 -0.044943455528 0.5700
0.1041 0.0022 -0.984807753012 0.167731259497 0.044943455528 0.5700
0.1042 0.0022 -0.984807753012 0.173648177667 0.000000000000 0.5700
0.1041 0.0022 -0.965925826289 -0.258819045103 0.000000000000 0.5700
0.1040 0.0022 -0.965925826289 -0.250000000000 -0.066987298108 0.5700
0.1039 0.0022 -0.965925826289 -0.250000000000 0.066987298108 0.5700
0.1038 0.0022 -0.965925826289 -0.224143868042 -0.129409522551 0.5700
0.1036 0.0022 -0.965925826289 -0.224143868042 0.129409522551 0.5700
0.1033 0.0022 -0.965925826289 -0.183012701892 -0.183012701892 0.5700
0.1032 0.0022 -0.965925826289 -0.183012701892 0.183012701892 0.5700
0.1031 0.0022 -0.965925826289 -0.129409522551 -0.224143868042 0.5700
0.1030 0.0022 -0.965925826289 -0.129409522551 0.224143868042 0.5700
0.1028 0.0022 -0.965925826289 -0.066987298108 -0.250000000000 0.5700
0.1027 0.0022 -0.965925826289 -0.066987298108 0.250000000000 0.5700
0.1027 0.0022 -0.965925826289 0.000000000000 -0.258819045103 0.5700
0.1027 0.0022 -0.965925826289 0.000000000000 0.258819045103 0.5700
0.1027 0.0022 -0.965925826289 0.066987298108 -0.250000000000 0.5700
0.1028 0.0022 -0.965925826289 0.066987298108 0.250000000000 0.5700
0.1030 0.0022 -0.965925826289 0.129409522551 -0.224143868042 0.5700
0.1031 0.0022 -0.965925826289 0.129409522551 0.224143868042 0.5700
0.1032 0.0022 -0.965925826289 0.183012701892 -0.183012701892 0.5700
0.1033 0.0022 -0.965925826289 0.183012701892 0.183012701892 0.5700
0.1036 0.0022 -0.965925826289 0.224143868042 -0.129409522551 0.5700
0.1038 0.0022 -0.965925826289 0.224143868042 0.129409522551 0.5700
0.1039 0.0022 -0.965925826289 0.250000000000 -0.066987298108 0.5700
0.1040 0.0022 -0.965925826289 0.250000000000 0.066987298108 0.5700
0.1041 0.0022 -0.965925826289 0.258819045103 0.000000000000 0.5700
0.1041 0.0022 -0.939692620786 -0.342020143326 0.000000000000 0.5700
0.1039 0.0022 -0.939692620786 -0.330366089549 -0.088521326901 0.5700
0.1037 0.0022 -0.939692620786 -0.330366089549 0.088521326901 0.5700
0.1035 0.0022 -0.939692620786 -0.296198132726 -0.171010071663 0.5700
0.1031 0.0022 -0.939692620786 -0.296198132726 0.171010071663 0.5700
0.1027 0.0022 -0.939692620786 -0.241844762648 -0.241844762648 0.5700
0.1024 0.0022 -0.939692620786 -0.241844762648 0.241844762648 0.5700
0.1023 0.0022 -0.939692620786 -0.171010071663 -0.296198132726 0.5700
0.1021 0.0022 -0.939692620786 -0.171010071663 0.296198132726 0.5700
0.1018 0.0022 -0.939692620786 -0.088521326901 -0.330366089549 0.5700
0.1016 0.0022 -0.939692620786 -0.088521326901 0.330366089549 0.5700
0.1016 0.0022 -0.939692620786 0.000000000000 -0.342020143326 0.5700
0.1017 0.0022 -0.939692620786 0.000000000000 0.342020143326 0.5700
0.1016 0.0022 -0.939692620786 0.088521326901 -0.330366089549 0.5700
0.1018 0.0022 -0.939692620786 0.088521326901 0.330366089549 0.5700
0.1021 0.0022 -0.939692620786 0.171010071663 -0.296198132726 0.5700
0.1023 0.0022 -0.939692620786 0.171010071663 0.296198132726 0.5700
0.1024 0.0022 -0.939692620786 0.241844762648 -0.241844762648 0.5700
0.1027 0.0022 -0.939692620786 0.241844762648 0.241844762648 0.5700
0.1031 0.0022 -0.939692620786 0.296198132726 -0.171010071663 0.5700
0.1035 0.0022 -0.939692620786 0.296198132726 0.171010071663 0.5700
0.1037 0.0022 -0.939692620786 0.330366089549 -0.088521326901 0.5700
0.1039 0.0022 -0.939692620786 0.330366089549 0.088521326901 0.5700
0.1041 0.0022 -0.939692620786 0.342020143326 0.000000000000 0.5700
0.1040 0.0022 -0.906307787037 -0.422618261741 0.000000000000 0.5700
0.1037 0.0022 -0.906307787037 -0.408217893677 -0.109381654947 0.5700
0.1034 0.0022 -0.906307787037 -0.408217893677 0.109381654947 0.5700
0.1031 0.0022 -0.906307787037 -0.365998150771 -0.211309130870 0.5700
0.1025 0.0022 -0.906307787037 -0.365998150771 0.211309130870 0.5700
0.1019 0.0022 -0.906307787037 -0.298836238730 -0.298836238730 0.5700
0.1015 0.0022 -0.906307787037 -0.298836238730 0.298836238730 0.5700
0.1013 0.0022 -0.906307787037 -0.211309130870 -0.365998150771 0.5700
0.1010 0.0022 -0.906307787037 -0.211309130870 0.365998150771 0.5700
0.1006 0.0022 -0.906307787037 -0.109381654947 -0.408217893677 0.5700
0.1002 0.0022 -0.906307787037 -0.109381654947 0.408217893677 0.5700
0.1003 0.0022 -0.906307787037 0.000000000000 0.422618261741 0.5700
0.1003 0.0022 -0.906307787037 0.000000013505 -0.422618261741 0.5700
0.1002 0.0022 -0.906307787037 0.109381654947 -0.408217893677 0.5700
0.1006 0.0022 -0.906307787037 0.109381654947 0.408217893677 0.5700
0.1009 0.0022 -0.906307787037 0.211309130870 -0.365998150771 0.5700
0.1013 0.0022 -0.906307787037 0.211309130870 0.365998150771 0.5700
0.1014 0.0022 -0.906307787037 0.298836238730 -0.298836238730 0.5700
0.1019 0.0022 -0.906307787037 0.298836238730 0.298836238730 0.5700
0.1025 0.0022 -0.906307787037 0.365998150771 -0.211309130870 0.5700
0.1031 0.0022 -0.906307787037 0.365998150771 0.211309130870 0.5700
0.1034 0.0022 -0.906307787037 0.408217893677 -0.109381654947 0.5700
0.1037 0.0022 -0.906307787037 0.408217893677 0.109381654947 0.5700
0.1040 0.0022 -0.906307787037 0.422618261741 0.000000000000 0.5700
0.1040 0.0022 -0.866025403784 -0.500000000000 0.000000000000 0.5700
0.1035 0.0022 -0.866025403784 -0.482962913145 -0.129409522551 0.5700
0.1031 0.0022 -0.866025403784 -0.482962913145 0.129409522551 0.5700
0.1026 0.0022 -0.866025403784 -0.433012701892 -0.250000000000 0.5700
0.1019 0.0022 -0.866025403784 -0.433012701892 0.250000000000 0.5700
0.1010 0.0022 -0.866025403784 -0.353553390593 -0.353553390593 0.5700
0.1004 0.0022 -0.866025403784 -0.353553390593 0.353553390593 0.5700
0.1001 0.0022 -0.866025403784 -0.250000000000 -0.433012701892 0.5700
0.0997 0.0022 -0.866025403784 -0.250000000000 0.433012701892 0.5700
0.0991 0.0022 -0.866025403784 -0.129409522551 -0.482962913145 0.5700
0.0986 0.0022 -0.866025403784 -0.129409522551 0.482962913145 0.5700
0.0987 0.0022 -0.866025403784 0.000000000000 0.500000000000 0.5700
0.0987 0.0022 -0.866025403784 0.000000012905 -0.500000000000 0.5700
0.0986 0.0022 -0.866025403784 0.129409522551 -0.482962913145 0.5700
0.0991 0.0022 -0.866025403784 0.129409522551 0.482962913145 0.5700
0.0996 0.0022 -0.866025403784 0.250000000000 -0.433012701892 0.5700
0.1001 0.0022 -0.866025403784 0.250000000000 0.433012701892 0.5700
0.1003 0.0022 -0.866025403784 0.353553390593 -0.353553390593 0.5700
0.1010 0.0022 -0.866025403784 0.353553390593 0.353553390593 0.5700
0.1018 0.0022 -0.866025403784 0.433012701892 -0.250000000000 0.5700
0.1026 0.0022 -0.866025403784 0.433012701892 0.250000000000 0.5700
0.1031 0.0022 -0.866025403784 0.482962913145 -0.129409522551 0.5700
0.1035 0.0022 -0.866025403784 0.482962913145 0.129409522551 0.5700
0.1040 0.0022 -0.866025403784 0.500000000000 0.000000000000 0.5700
0.1039 0.0022 -0.819152044289 -0.573576436351 0.000000000000 0.5700
0.1033 0.0022 -0.819152044289 -0.554032293222 -0.148452505550 0.5700
0.1028 0.0022 -0.819152044289 -0.554032293222 0.148452505550 0.5700
0.1022 0.0022 -0.819152044289 -0.496731764892 -0.286788218176 0.5700
0.1011 0.0022 -0.819152044289 -0.496731764892 0.286788218176 0.5700
0.0999 0.0022 -0.819152044289 -0.405579787673 -0.405579787673 0.5700
0.0991 0.0022 -0.819152044289 -0.405579787673 0.405579787673 0.5700
0.0988 0.0022 -0.819152044289 -0.286788218176 -0.496731764892 0.5700
0.0982 0.0022 -0.819152044289 -0.286788218176 0.496731764892 0.5700
0.0975 0.0022 -0.819152044289 -0.148452505550 -0.554032293222 0.5700
0.0969 0.0022 -0.819152044289 -0.148452505550 0.554032293222 0.5700
0.0970 0.0022 -0.819152044289 0.000000000000 -0.573576436351 0.5700
0.0970 0.0022 -0.819152044289 0.000000000000 0.573576436351 0.5700
0.0968 0.0022 -0.819152044289 0.148452505550 -0.554032293222 0.5700
0.0975 0.0022 -0.819152044289 0.148452505550 0.554032293222 0.5700
0.0982 0.0022 -0.819152044289 0.286788218176 -0.496731764892 0.5700
0.0988 0.0022 -0.819152044289 0.286788218176 0.496731764892 0.5700
0.0991 0.0022 -0.819152044289 0.405579787673 -0.405579787673 0.5700
0.0999 0.0022 -0.819152044289 0.405579787673 0.405579787673 0.5700
0.1011 0.0022 -0.819152044289 0.496731764892 -0.286788218176 0.5700
0.1022 0.0022 -0.819152044289 0.496731764892 0.286788218176 0.5700
0.1028 0.0022 -0.819152044289 0.554032293222 -0.148452505550 0.5700
0.1033 0.0022 -0.819152044289 0.554032293222 0.148452505550 0.5700
0.1039 0.0022 -0.819152044289 0.573576436351 0.000000000000 0.5700
0.1038 0.0022 -0.766044443119 -0.642787609687 0.000000000000 0.5700
0.1031 0.0022 -0.766044443119 -0.620885153015 -0.166365675343 0.5700
0.1024 0.0022 -0.766044443119 -0.620885153015 0.166365675343 0.5700
0.1016 0.0022 -0.766044443119 -0.556670399226 -0.321393804843 0.5700
0.1003 0.0022 -0.766044443119 -0.556670399226 0.321393804843 0.5700
0.0989 0.0022 -0.766044443119 -0.454519477672 -0.454519477672 0.5700
0.0978 0.0022 -0.766044443119 -0.454519477672 0.454519477672 0.5700
0.0974 0.0022 -0.766044443119 -0.321393804843 -0.556670399226 0.5700
0.0967 0.0022 -0.766044443119 -0.321393804843 0.556670399226 0.5700
0.0958 0.0022 -0.766044443119 -0.166365675343 -0.620885153015 0.5700
0.0950 0.0022 -0.766044443119 -0.166365675343 0.620885153015 0.5700
0.0951 0.0022 -0.766044443119 0.000000000000 -0.642787609687 0.5700
0.0952 0.0022 -0.766044443119 0.000000000000 0.642787609687 0.5700
0.0949 0.0022 -0.766044443119 0.166365675343 -0.620885153015 0.5700
0.0958 0.0022 -0.766044443119 0.166365675343 0.620885153015 0.5700
0.0967 0.0022 -0.766044443119 0.321393804843 -0.556670399226 0.5700
0.0974 0.0022 -0.766044443119 0.321393804843 0.556670399226 0.5700
0.0978 0.0022 -0.766044443119 0.454519477672 -0.454519477672 0.5700
0.0989 0.0022 -0.766044443119 0.454519477672 0.454519477672 0.5700
0.1003 0.0022 -0.766044443119 0.556670399226 -0.321393804843 0.5700
0.1016 0.0022 -0.766044443119 0.556670399226 0.321393804843 0.5700
0.1024 0.0022 -0.766044443119 0.620885153015 -0.166365675343 0.5700
0.1031 0.0022 -0.766044443119 0.620885153015 0.166365675343 0.5700
0.1038 0.0022 -0.766044443119 0.642787609687 0.000000000000 0.5700
0.1037 0.0022 -0.707106781187 -0.707106781187 0.000000000000 0.5700
0.1029 0.0022 -0.707106781187 -0.683012701892 -0.183012701892 0.5700
0.1020 0.0022 -0.707106781187 -0.683012701892 0.183012701892 0.5700
0.1011 0.0022 -0.707106781187 -0.612372435696 -0.353553390593 0.5700
0.0995 0.0022 -0.707106781187 -0.612372435696 0.353553390593 0.5700
0.0977 0.0022 -0.707106781187 -0.500000000000 -0.500000000000 0.5700
0.0965 0.0022 -0.707106781187 -0.500000000000 0.500000000000 0.5700
0.0960 0.0022 -0.707106781187 -0.353553390593 -0.612372435696 0.5700
0.0951 0.0022 -0.707106781187 -0.353553390593 0.612372435696 0.5700
0.0941 0.0022 -0.707106781187 -0.183012701892 -0.683012701892 0.5700
0.0931 0.0022 -0.707106781187 -0.183012701892 0.683012701892 0.5700
0.0933 0.0022 -0.707106781187 0.000000000000 0.707106781187 0.5700
0.0932 0.0022 -0.707106781187 0.000000010537 -0.707106781187 0.5700
0.0930 0.0022 -0.707106781187 0.183012701892 -0.683012701892 0.5700
0.0941 0.0022 -0.707106781187 0.183012701892 0.683012701892 0.5700
0.0951 0.0022 -0.707106781187 0.353553390593 -0.612372435696 0.5700
0.0960 0.0022 -0.707106781187 0.353553390593 0.612372435696 0.5700
0.0965 0.0022 -0.707106781187 0.500000000000 -0.500000000000 0.5700
0.0977 0.0022 -0.707106781187 0.500000000000 0.500000000000 0.5700
0.0995 0.0022 -0.707106781187 0.612372435696 -0.353553390593 0.5700
0.1011 0.0022 -0.707106781187 0.612372435696 0.353553390593 0.5700
0.1020 0.0022 -0.707106781187 0.683012701892 -0.183012701892 0.5700
0.1029 0.0022 -0.707106781187 0.683012701892 0.183012701892 0.5700
0.1037 0.0022 -0.707106781187 0.707106781187 0.000000000000 0.5700
0.1037 0.0022 -0.642787609687 -0.766044443119 0.000000000000 0.5700
0.1026 0.0022 -0.642787609687 -0.739942111694 -0.198266891274 0.5700
0.1016 0.0022 -0.642787609687 -0.739942111694 0.198266891274 0.5700
0.1006 0.0022 -0.642787609687 -0.663413948169 -0.383022221559 0.5700
0.0987 0.0022 -0.642787609687 -0.663413948169 0.383022221559 0.5700
0.0966 0.0022 -0.642787609687 -0.541675220420 -0.541675220420 0.5700
0.0952 0.0022 -0.642787609687 -0.541675220420 0.541675220420 0.5700
0.0946 0.0022 -0.642787609687 -0.383022221559 -0.663413948169 0.5700
0.0935 0.0022 -0.642787609687 -0.383022221559 0.663413948169 0.5700
0.0923 0.0022 -0.642787609687 -0.198266891274 -0.739942111694 0.5700
0.0911 0.0022 -0.642787609687 -0.198266891274 0.739942111694 0.5700
0.0913 0.0022 -0.642787609687 0.000000000000 -0.766044443119 0.5700
0.0914 0.0022 -0.642787609687 0.000000009578 0.766044443119 0.5700
0.0911 0.0022 -0.642787609687 0.198266891274 -0.739942111694 0.5700
0.0923 0.0022 -0.642787609687 0.198266891274 0.739942111694 0.5700
0.0935 0.0022 -0.642787609687 0.383022221559 -0.663413948169 0.5700
0.0946 0.0022 -0.642787609687 0.383022221559 0.663413948169 0.5700
0.0951 0.0022 -0.642787609687 0.541675220420 -0.541675220420 0.5700
0.0966 0.0022 -0.642787609687 0.541675220420 0.541675220420 0.5700
0.0987 0.0022 -0.642787609687 0.663413948169 -0.383022221559 0.5700
0.1006 0.0022 -0.642787609687 0.663413948169 0.383022221559 0.5700
0.1016 0.0022 -0.642787609687 0.739942111694 -0.198266891274 0.5700
0.1026 0.0022 -0.642787609687 0.739942111694 0.198266891274 0.5700
0.1037 0.0022 -0.642787609687 0.766044443119 0.000000000000 0.5700
0.1036 0.0022 -0.573576436351 -0.819152044289 0.000000000000 0.5700
0.1024 0.0022 -0.573576436351 -0.791240115236 -0.212012149897 0.5700
0.1013 0.0022 -0.573576436351 -0.791240115236 0.212012149897 0.5700
0.1000 0.0022 -0.573576436351 -0.709406479916 -0.409576022144 0.5700
0.0979 0.0022 -0.573576436351 -0.709406479916 0.409576022144 0.5700
0.0955 0.0022 -0.573576436351 -0.579227965340 -0.579227965340 0.5700
0.0939 0.0022 -0.573576436351 -0.579227965340 0.579227965340 0.5700
0.0932 0.0022 -0.573576436351 -0.409576022144 -0.709406479916 0.5700
0.0920 0.0022 -0.573576436351 -0.409576022144 0.709406479916 0.5700
0.0906 0.0022 -0.573576436351 -0.212012149897 -0.791240115236 0.5700
0.0892 0.0022 -0.573576436351 -0.212012149897 0.791240115236 0.5700
0.0894 0.0022 -0.573576436351 0.000000000000 -0.819152044289 0.5700
0.0895 0.0022 -0.573576436351 0.000000000000 0.819152044289 0.5700
0.0892 0.0022 -0.573576436351 0.212012149897 -0.791240115236 0.5700
0.0906 0.0022 -0.573576436351 0.212012149897 0.791240115236 0.5700
0.0920 0.0022 -0.573576436351 0.409576022144 -0.709406479916 0.5700
0.0932 0.0022 -0.573576436351 0.409576022144 0.709406479916 0.5700
0.0938 0.0022 -0.573576436351 0.579227965340 -0.579227965340 0.5700
0.0955 0.0022 -0.573576436351 0.579227965340 0.579227965340 0.5700
0.0979 0.0022 -0.573576436351 0.709406479916 -0.409576022144 0.5700
0.1000 0.0022 -0.573576436351 0.709406479916 0.409576022144 0.5700
0.1013 0.0022 -0.573576436351 0.791240115236 -0.212012149897 0.5700
0.1024 0.0022 -0.573576436351 0.791240115236 0.212012149897 0.5700
0.1036 0.0022 -0.573576436351 0.819152044289 0.000000000000 0.5700
0.1035 0.0022 -0.500000000000 -0.866025403784 0.000000000000 0.5700
0.1022 0.0022 -0.500000000000 -0.836516303738 -0.224143868042 0.5700
0.1009 0.0022 -0.500000000000 -0.836516303738 0.224143868042 0.5700
0.0995 0.0022 -0.500000000000 -0.750000000000 -0.433012701892 0.5700
0.0971 0.0022 -0.500000000000 -0.750000000000 0.433012701892 0.5700
0.0945 0.0022 -0.500000000000 -0.612372435696 -0.612372435696 0.5700
0.0926 0.0022 -0.500000000000 -0.612372435696 0.612372435696 0.5700
0.0919 0.0022 -0.500000000000 -0.433012701892 -0.750000000000 0.5700
0.0906 0.0022 -0.500000000000 -0.433012701892 0.750000000000 0.5700
0.0890 0.0022 -0.500000000000 -0.224143868042 -0.836516303738 0.5700
0.0875 0.0022 -0.500000000000 -0.224143868042 0.836516303738 0.5700
0.0877 0.0022 -0.500000000000 0.000000000000 -0.866025403784 0.5700
0.0878 0.0022 -0.500000000000 0.000000000000 0.866025403784 0.5700
0.0874 0.0022 -0.500000000000 0.224143868042 -0.836516303738 0.5700
0.0890 0.0022 -0.500000000000 0.224143868042 0.836516303738 0.5700
0.0905 0.0022 -0.500000000000 0.433012701892 -0.750000000000 0.5700
0.0919 0.0022 -0.500000000000 0.433012701892 0.750000000000 0.5700
0.0926 0.0022 -0.500000000000 0.612372435696 -0.612372435696 0.5700
0.0945 0.0022 -0.500000000000 0.612372435696 0.612372435696 0.5700
0.0971 0.0022 -0.500000000000 0.750000000000 -0.433012701892 0.5700
0.0995 0.0022 -0.500000000000 0.750000000000 0.433012701892 0.5700
0.1009 0.0022 -0.500000000000 0.836516303738 -0.224143868042 0.5700
0.1022 0.0022 -0.500000000000 0.836516303738 0.224143868042 0.5700
0.1035 0.0022 -0.500000000000 0.866025403784 0.000000000000 0.5700
0.1034 0.0022 -0.422618261741 -0.906307787037 0.000000000000 0.5700
0.1020 0.0022 -0.422618261741 -0.875426098066 -0.234569716010 0.5700
0.1006 0.0022 -0.422618261741 -0.875426098066 0.234569716010 0.5700
0.0991 0.0022 -0.422618261741 -0.784885567221 -0.453153893518 0.5700
0.0965 0.0022 -0.422618261741 -0.784885567221 0.453153893518 0.5700
0.0936 0.0022 -0.422618261741 -0.640856382056 -0.640856382056 0.5700
0.0915 0.0022 -0.422618261741 -0.640856382056 0.640856382056 0.5700
0.0907 0.0022 -0.422618261741 -0.453153893518 -0.784885567221 0.5700
0.0893 0.0022 -0.422618261741 -0.453153893518 0.784885567221 0.5700
0.0876 0.0022 -0.422618261741 -0.234569716010 -0.875426098066 0.5700
0.0859 0.0022 -0.422618261741 -0.234569716010 0.875426098066 0.5700
0.0862 0.0022 -0.422618261741 0.000000000000 -0.906307787037 0.5700
0.0862 0.0022 -0.422618261741 0.000000000000 0.906307787037 0.5700
0.0858 0.0022 -0.422618261741 0.234569716010 -0.875426098066 0.5700
0.0876 0.0022 -0.422618261741 0.234569716010 0.875426098066 0.5700
0.0892 0.0022 -0.422618261741 0.453153893518 -0.784885567221 0.5700
0.0907 0.0022 -0.422618261741 0.453153893518 0.784885567221 0.5700
0.0915 0.0022 -0.422618261741 0.640856382056 -0.640856382056 0.5700
0.0936 0.0022 -0.422618261741 0.640856382056 0.640856382056 0.5700
0.0965 0.0022 -0.422618261741 0.784885567221 -0.453153893518 0.5700
0.0991 0.0022 -0.422618261741 0.784885567221 0.453153893518 0.5700
0.1006 0.0022 -0.422618261741 0.875426098066 -0.234569716010 0.5700
0.1020 0.0022 -0.422618261741 0.875426098066 0.234569716010 0.5700
0.1034 0.0022 -0.422618261741 0.906307787037 0.000000000000 0.5700
0.1034 0.0022 -0.342020143326 -0.939692620786 0.000000000000 0.5700
0.1018 0.0022 -0.342020143326 -0.907673371190 -0.243210346802 0.5700
0.1004 0.0022 -0.342020143326 -0.907673371190 0.243210346802 0.5700
0.0987 0.0022 -0.342020143326 -0.813797681349 -0.469846310393 0.5700
0.0959 0.0022 -0.342020143326 -0.813797681349 0.469846310393 0.5700
0.0928 0.0022 -0.342020143326 -0.664463024389 -0.664463024389 0.5700
0.0906 0.0022 -0.342020143326 -0.664463024389 0.664463024389 0.5700
0.0897 0.0022 -0.342020143326 -0.469846310393 -0.813797681349 0.5700
0.0881 0.0022 -0.342020143326 -0.469846310393 0.813797681349 0.5700
0.0863 0.0022 -0.342020143326 -0.243210346802 -0.907673371190 0.5700
0.0845 0.0022 -0.342020143326 -0.243210346802 0.907673371190 0.5700
0.0848 0.0022 -0.342020143326 0.000000000000 -0.939692620786 0.5700
0.0848 0.0022 -0.342020143326 0.000000000000 0.939692620786 0.5700
0.0845 0.0022 -0.342020143326 0.243210346802 -0.907673371190 0.5700
0.0863 0.0022 -0.342020143326 0.243210346802 0.907673371190 0.5700
0.0881 0.0022 -0.342020143326 0.469846310393 -0.813797681349 0.5700
0.0897 0.0022 -0.342020143326 0.469846310393 0.813797681349 0.5700
0.0906 0.0022 -0.342020143326 0.664463024389 -0.664463024389 0.5700
0.0928 0.0022 -0.342020143326 0.664463024389 0.664463024389 0.5700
0.0959 0.0022 -0.342020143326 0.813797681349 -0.469846310393 0.5700
0.0987 0.0022 -0.342020143326 0.813797681349 0.469846310393 0.5700
0.1003 0.0022 -0.342020143326 0.907673371190 -0.243210346802 0.5700
0.1018 0.0022 -0.342020143326 0.907673371190 0.243210346802 0.5700
0.1034 0.0022 -0.342020143326 0.939692620786 0.000000000000 0.5700
0.1033 0.0022 -0.258819045103 -0.965925826289 0.000000000000 0.5700
0.1017 0.0022 -0.258819045103 -0.933012701892 -0.250000000000 0.5700
0.1001 0.0022 -0.258819045103 -0.933012701892 0.250000000000 0.5700
0.0984 0.0022 -0.258819045103 -0.836516303738 -0.482962913145 0.5700
0.0954 0.0022 -0.258819045103 -0.836516303738 0.482962913145 0.5700
0.0921 0.0022 -0.258819045103 -0.683012701892 -0.683012701892 0.5700
0.0898 0.0022 -0.258819045103 -0.683012701892 0.683012701892 0.5700
0.0889 0.0022 -0.258819045103 -0.482962913145 -0.836516303738 0.5700
0.0872 0.0022 -0.258819045103 -0.482962913145 0.836516303738 0.5700
0.0853 0.0022 -0.258819045103 -0.250000000000 -0.933012701892 0.5700
0.0834 0.0022 -0.258819045103 -0.250000000000 0.933012701892 0.5700
0.0837 0.0022 -0.258819045103 -0.000000000000 -0.965925826289 0.5700
0.0837 0.0022 -0.258819045103 0.000000000000 0.965925826289 0.5700
0.0833 0.0022 -0.258819045103 0.250000000000 -0.933012701892 0.5700
0.0853 0.0022 -0.258819045103 0.250000000000 0.933012701892 0.5700
0.0872 0.0022 -0.258819045103 0.482962913145 -0.836516303738 0.5700
0.0889 0.0022 -0.258819045103 0.482962913145 0.836516303738 0.5700
0.0898 0.0022 -0.258819045103 0.683012701892 -0.683012701892 0.5700
0.0921 0.0022 -0.258819045103 0.683012701892 0.683012701892 0.5700
0.0954 0.0022 -0.258819045103 0.836516303738 -0.482962913145 0.5700
0.0984 0.0022 -0.258819045103 0.836516303738 0.482962913145 0.5700
0.1001 0.0022 -0.258819045103 0.933012701892 -0.250000000000 0.5700
0.1017 0.0022 -0.258819045103 0.933012701892 0.250000000000 0.5700
0.1033 0.0022 -0.258819045103 0.965925826289 0.000000000000 0.5700
0.1033 0.0022 -0.173648177667 -0.984807753012 0.000000000000 0.5700
0.1016 0.0022 -0.173648177667 -0.951251242564 -0.254887002244 0.5700
0.1000 0.0022 -0.173648177667 -0.951251242564 0.254887002244 0.5700
0.0982 0.0022 -0.173648177667 -0.852868531952 -0.492403876506 0.5700
0.0951 0.0022 -0.173648177667 -0.852868531952 0.492403876506 0.5700
0.0917 0.0022 -0.173648177667 -0.696364240320 -0.696364240320 0.5700
0.0892 0.0022 -0.173648177667 -0.696364240320 0.696364240320 0.5700
0.0883 0.0022 -0.173648177667 -0.492403876506 -0.852868531952 0.5700
0.0865 0.0022 -0.173648177667 -0.492403876506 0.852868531952 0.5700
0.0846 0.0022 -0.173648177667 -0.254887002244 -0.951251242564 0.5700
0.0825 0.0022 -0.173648177667 -0.254887002244 0.951251242564 0.5700
0.0829 0.0022 -0.173648177667 -0.000000002588 -0.984807753012 0.5700
0.0829 0.0022 -0.173648177667 0.000000000000 0.984807753012 0.5700
0.0825 0.0022 -0.173648177667 0.254887002244 -0.951251242564 0.5700
0.0846 0.0022 -0.173648177667 0.254887002244 0.951251242564 0.5700
0.0865 0.0022 -0.173648177667 0.492403876506 -0.852868531952 0.5700
0.0883 0.0022 -0.173648177667 0.492403876506 0.852868531952 0.5700
0.0892 0.0022 -0.173648177667 0.696364240320 -0.696364240320 0.5700
0.0917 0.0022 -0.173648177667 0.696364240320 0.696364240320 0.5700
0.0951 0.0022 -0.173648177667 0.852868531952 -0.492403876506 0.5700
0.0982 0.0022 -0.173648177667 0.852868531952 0.492403876506 0.5700
0.1000 0.0022 -0.173648177667 0.951251242564 -0.254887002244 0.5700
0.1016 0.0022 -0.173648177667 0.951251242564 0.254887002244 0.5700
0.1033 0.0022 -0.173648177667 0.984807753012 0.000000000000 0.5700
0.1033 0.0022 -0.087155742748 -0.996194698092 0.000000000000 0.5700
0.1015 0.0022 -0.087155742748 -0.962250186899 -0.257834160496 0.5700
0.0999 0.0022 -0.087155742748 -0.962250186899 0.257834160496 0.5700
0.0980 0.0022 -0.087155742748 -0.862729915663 -0.498097349046 0.5700
0.0949 0.0022 -0.087155742748 -0.862729915663 0.498097349046 0.5700
0.0914 0.0022 -0.087155742748 -0.704416026403 -0.704416026403 0.5700
0.0889 0.0022 -0.087155742748 -0.704416026403 0.704416026403 0.5700
0.0879 0.0022 -0.087155742748 -0.498097349046 -0.862729915663 0.5700
0.0861 0.0022 -0.087155742748 -0.498097349046 0.862729915663 0.5700
0.0841 0.0022 -0.087155742748 -0.257834160496 -0.962250186899 0.5700
0.0820 0.0022 -0.087155742748 -0.257834160496 0.962250186899 0.5700
0.0824 0.0022 -0.087155742748 -0.000000001299 -0.996194698092 0.5700
0.0824 0.0022 -0.087155742748 0.000000000000 0.996194698092 0.5700
0.0820 0.0022 -0.087155742748 0.257834160496 -0.962250186899 0.5700
0.0841 0.0022 -0.087155742748 0.257834160496 0.962250186899 0.5700
0.0861 0.0022 -0.087155742748 0.498097349046 -0.862729915663 0.5700
0.0879 0.0022 -0.087155742748 0.498097349046 0.862729915663 0.5700
0.0889 0.0022 -0.087155742748 0.704416026403 -0.704416026403 0.5700
0.0914 0.0022 -0.087155742748 0.704416026403 0.704416026403 0.5700
0.0949 0.0022 -0.087155742748 0.862729915663 -0.498097349046 0.5700
0.0980 0.0022 -0.087155742748 0.862729915663 0.498097349046 0.5700
0.0999 0.0022 -0.087155742748 0.962250186899 -0.257834160496 0.5700
0.1015 0.0022 -0.087155742748 0.962250186899 0.257834160496 0.5700
0.1033 0.0022 -0.087155742748 0.996194698092 0.000000000000 0.5700
0.1033 0.0022 0.000000000000 -1.000000000000 0.000000000000 0.5700
0.1015 0.0022 0.000000000000 -0.965925826289 -0.258819045103 0.5700
0.0998 0.0022 0.000000000000 -0.965925826289 0.258819045103 0.5700
0.0980 0.0022 0.000000000000 -0.866025403784 -0.500000000000 0.5700
0.0948 0.0022 0.000000000000 -0.866025403784 0.500000000000 0.5700
0.0913 0.0022 0.000000000000 -0.707106781187 -0.707106781187 0.5700
0.0888 0.0022 0.000000000000 -0.707106781187 0.707106781187 0.5700
0.0878 0.0022 0.000000000000 -0.500000000000 -0.866025403784 0.5700
0.0860 0.0022 0.000000000000 -0.500000000000 0.866025403784 0.5700
0.0840 0.0022 0.000000000000 -0.258819045103 -0.965925826289 0.5700
0.0819 0.0022 0.000000000000 -0.258819045103 0.965925826289 0.5700
0.0823 0.0022 0.000000000000 0.000000000000 -1.000000000000 0.5700
0.0823 0.0022 -0.000000000000 0.000000000000 1.000000000000 0.5700
0.0819 0.0022 0.000000000000 0.258819045103 -0.965925826289 0.5700
0.0840 0.0022 0.000000000000 0.258819045103 0.965925826289 0.5700
0.0860 0.0022 0.000000000000 0.500000000000 -0.866025403784 0.5700
0.0878 0.0022 0.000000000000 0.500000000000 0.866025403784 0.5700
0.0888 0.0022 0.000000000000 0.707106781187 -0.707106781187 0.5700
0.0913 0.0022 0.000000000000 0.707106781187 0.707106781187 0.5700
0.0948 0.0022 0.000000000000 0.866025403784 -0.500000000000 0.5700
0.0980 0.0022 0.000000000000 0.866025403784 0.500000000000 0.5700
0.0998 0.0022 0.000000000000 0.965925826289 -0.258819045103 0.5700
0.1015 0.0022 0.000000000000 0.965925826289 0.258819045103 0.5700
0.1033 0.0022 0.000000000000 1.000000000000 0.000000000000 0.5700
0.1033 0.0022 0.087155742748 -0.996194698092 0.000000000000 0.5700
0.1015 0.0022 0.087155742748 -0.962250186899 -0.257834160496 0.5700
0.0999 0.0022 0.087155742748 -0.962250186899 0.257834160496 0.5700
0.0980 0.0022 0.087155742748 -0.862729915663 -0.498097349046 0.5700
0.0949 0.0022 0.087155742748 -0.862729915663 0.498097349046 0.5700
0.0914 0.0022 0.087155742748 -0.704416026403 -0.704416026403 0.5700
0.0889 0.0022 0.087155742748 -0.704416026403 0.704416026403 0.5700
0.0879 0.0022 0.087155742748 -0.498097349046 -0.862729915663 0.5700
0.0861 0.0022 0.087155742748 -0.498097349046 0.862729915663 0.5700
0.0841 0.0022 0.087155742748 -0.257834160496 -0.962250186899 0.5700
0.0820 0.0022 0.087155742748 -0.257834160496 0.962250186899 0.5700
0.0824 0.0022 0.087155742748 0.000000000000 -0.996194698092 0.5700
0.0824 0.0022 0.087155742748 0.000000001299 0.996194698092 0.5700
0.0820 0.0022 0.087155742748 0.257834160496 -0.962250186899 0.5700
0.0841 0.0022 0.087155742748 0.257834160496 0.962250186899 0.5700
0.0861 0.0022 0.087155742748 0.498097349046 -0.862729915663 0.5700
0.0879 0.0022 0.087155742748 0.498097349046 0.862729915663 0.5700
0.0889 0.0022 0.087155742748 0.704416026403 -0.704416026403 0.5700
0.0914 0.0022 0.087155742748 0.704416026403 0.704416026403 0.5700
0.0949 0.0022 0.087155742748 0.862729915663 -0.498097349046 0.5700
0.0980 0.0022 0.087155742748 0.862729915663 0.498097349046 0.5700
0.0999 0.0022 0.087155742748 0.962250186899 -0.257834160496 0.5700
0.1015 0.0022 0.087155742748 0.962250186899 0.257834160496 0.5700
0.1033 0.0022 0.087155742748 0.996194698092 0.000000000000 0.5700
0.1033 0.0022 0.173648177667 -0.984807753012 0.000000000000 0.5700
0.1016 0.0022 0.173648177667 -0.951251242564 -0.254887002244 0.5700
0.1000 0.0022 0.173648177667 -0.951251242564 0.254887002244 0.5700
0.0982 0.0022 0.173648177667 -0.852868531952 -0.492403876506 0.5700
0.0951 0.0022 0.173648177667 -0.852868531952 0.492403876506 0.5700
0.0917 0.0022 0.173648177667 -0.696364240320 -0.696364240320 0.5700
0.0892 0.0022 0.173648177667 -0.696364240320 0.696364240320 0.5700
0.0883 0.0022 0.173648177667 -0.492403876506 -0.852868531952 0.5700
0.0865 0.0022 0.173648177667 -0.492403876506 0.852868531952 0.5700
0.0846 0.0022 0.173648177667 -0.254887002244 -0.951251242564 0.5700
0.0825 0.0022 0.173648177667 -0.254887002244 0.951251242564 0.5700
0.0829 0.0022 0.173648177667 0.000000000000 -0.984807753012 0.5700
0.0829 0.0022 0.173648177667 0.000000002588 0.984807753012 0.5700
0.0825 0.0022 0.173648177667 0.254887002244 -0.951251242564 0.5700
0.0846 0.0022 0.173648177667 0.254887002244 0.951251242564 0.5700
0.0865 0.0022 0.173648177667 0.492403876506 -0.852868531952 0.5700
0.0883 0.0022 0.173648177667 0.492403876506 0.852868531952 0.5700
0.0892 0.0022 0.173648177667 0.696364240320 -0.696364240320 0.5700
0.0917 0.0022 0.173648177667 0.696364240320 0.696364240320 0.5700
0.0951 0.0022 0.173648177667 0.852868531952 -0.492403876506 0.5700
0.0982 0.0022 0.173648177667 0.852868531952 0.492403876506 0.5700
0.1000 0.0022 0.173648177667 0.951251242564 -0.254887002244 0.5700
0.1016 0.0022 0.173648177667 0.951251242564 0.254887002244 0.5700
0.1033 0.0022 0.173648177667 0.984807753012 0.000000000000 0.5700
0.1033 0.0022 0.258819045103 -0.965925826289 0.000000000000 0.5700
0.1017 0.0022 0.258819045103 -0.933012701892 -0.250000000000 0.5700
0.1001 0.0022 0.258819045103 -0.933012701892 0.250000000000 0.5700
0.0984 0.0022 0.258819045103 -0.836516303738 -0.482962913145 0.5700
0.0954 0.0022 0.258819045103 -0.836516303738 0.482962913145 0.5700
0.0921 0.0022 0.258819045103 -0.683012701892 -0.683012701892 0.5700
0.0898 0.0022 0.258819045103 -0.683012701892 0.683012701892 0.5700
0.0889 0.0022 0.258819045103 -0.482962913145 -0.836516303738 0.5700
0.0872 0.0022 0.258819045103 -0.482962913145 0.836516303738 0.5700
0.0853 0.0022 0.258819045103 -0.250000000000 -0.933012701892 0.5700
0.0833 0.0022 0.258819045103 -0.250000000000 0.933012701892 0.5700
0.0837 0.0022 0.258819045103 0.000000000000 -0.965925826289 0.5700
0.0837 0.0022 0.258819045103 0.000000000000 0.965925826289 0.5700
0.0834 0.0022 0.258819045103 0.250000000000 -0.933012701892 0.5700
0.0853 0.0022 0.258819045103 0.250000000000 0.933012701892 0.5700
0.0872 0.0022 0.258819045103 0.482962913145 -0.836516303738 0.5700
0.0889 0.0022 0.258819045103 0.482962913145 0.836516303738 0.5700
0.0898 0.0022 0.258819045103 0.683012701892 -0.683012701892 0.5700
0.0921 0.0022 0.258819045103 0.683012701892 0.683012701892 0.5700
0.0954 0.0022 0.258819045103 0.836516303738 -0.482962913145 0.5700
0.0984 0.0022 0.258819045103 0.836516303738 0.482962913145 0.5700
0.1001 0.0022 0.258819045103 0.933012701892 -0.250000000000 0.5700
0.1017 0.0022 0.258819045103 0.933012701892 0.250000000000 0.5700
0.1033 0.0022 0.258819045103 0.965925826289 0.000000000000 0.5700
0.1034 0.0022 0.342020143326 -0.939692620786 0.000000000000 0.5700
0.1018 0.0022 0.342020143326 -0.907673371190 -0.243210346802 0.5700
0.1003 0.0022 0.342020143326 -0.907673371190 0.243210346802 0.5700
0.0987 0.0022 0.342020143326 -0.813797681349 -0.469846310393 0.5700
0.0959 0.0022 0.342020143326 -0.813797681349 0.469846310393 0.5700
0.0928 0.0022 0.342020143326 -0.664463024389 -0.664463024389 0.5700
0.0906 0.0022 0.342020143326 -0.664463024389 0.664463024389 0.5700
0.0897 0.0022 0.342020143326 -0.469846310393 -0.813797681349 0.5700
0.0881 0.0022 0.342020143326 -0.469846310393 0.813797681349 0.5700
0.0863 0.0022 0.342020143326 -0.243210346802 -0.907673371190 0.5700
0.0845 0.0022 0.342020143326 -0.243210346802 0.907673371190 0.5700
0.0848 0.0022 0.342020143326 0.000000000000 -0.939692620786 0.5700
0.0848 0.0022 0.342020143326 0.000000000000 0.939692620786 0.5700
0.0845 0.0022 0.342020143326 0.243210346802 -0.907673371190 0.5700
0.0863 0.0022 0.342020143326 0.243210346802 0.907673371190 0.5700
0.0881 0.0022 0.342020143326 0.469846310393 -0.813797681349 0.5700
0.0897 0.0022 0.342020143326 0.469846310393 0.813797681349 0.5700
0.0906 0.0022 0.342020143326 0.664463024389 -0.664463024389 0.5700
0.0928 0.0022 0.342020143326 0.664463024389 0.664463024389 0.5700
0.0959 0.0022 0.342020143326 0.813797681349 -0.469846310393 0.5700
0.0987 0.0022 0.342020143326 0.813797681349 0.469846310393 0.5700
0.1004 0.0022 0.342020143326 0.907673371190 -0.243210346802 0.5700
0.1018 0.0022 0.342020143326 0.907673371190 0.243210346802 0.5700
0.1034 0.0022 0.342020143326 0.939692620786 0.000000000000 0.5700
0.1034 0.0022 0.422618261741 -0.906307787037 0.000000000000 0.5700
0.1020 0.0022 0.422618261741 -0.875426098066 -0.234569716010 0.5700
0.1006 0.0022 0.422618261741 -0.875426098066 0.234569716010 0.5700
0.0991 0.0022 0.422618261741 -0.784885567221 -0.453153893518 0.5700
0.0965 0.0022 0.422618261741 -0.784885567221 0.453153893518 0.5700
0.0936 0.0022 0.422618261741 -0.640856382056 -0.640856382056 0.5700
0.0915 0.0022 0.422618261741 -0.640856382056 0.640856382056 0.5700
0.0907 0.0022 0.422618261741 -0.453153893518 -0.784885567221 0.5700
0.0892 0.0022 0.422618261741 -0.453153893518 0.784885567221 0.5700
0.0876 0.0022 0.422618261741 -0.234569716010 -0.875426098066 0.5700
0.0858 0.0022 0.422618261741 -0.234569716010 0.875426098066 0.5700
0.0862 0.0022 0.422618261741 0.000000000000 -0.906307787037 0.5700
0.0862 0.0022 0.422618261741 0.000000000000 0.906307787037 0.5700
0.0859 0.0022 0.422618261741 0.234569716010 -0.875426098066 0.5700
0.0876 0.0022 0.422618261741 0.234569716010 0.875426098066 0.5700
0.0893 0.0022 0.422618261741 0.453153893518 -0.784885567221 0.5700
0.0907 0.0022 0.422618261741 0.453153893518 0.784885567221 0.5700
0.0915 0.0022 0.422618261741 0.640856382056 -0.640856382056 0.5700
0.0936 0.0022 0.422618261741 0.640856382056 0.640856382056 0.5700
0.0965 0.0022 0.422618261741 0.784885567221 -0.453153893518 0.5700
0.0991 0.0022 0.422618261741 0.784885567221 0.453153893518 0.5700
0.1006 0.0022 0.422618261741 0.875426098066 -0.234569716010 0.5700
0.1020 0.0022 0.422618261741 0.875426098066 0.234569716010 0.5700
0.1034 0.0022 0.422618261741 0.906307787037 0.000000000000 0.5700
0.1035 0.0022 0.500000000000 -0.866025403784 0.000000000000 0.5700
0.1022 0.0022 0.500000000000 -0.836516303738 -0.224143868042 0.5700
0.1009 0.0022 0.500000000000 -0.836516303738 0.224143868042 0.5700
0.0995 0.0022 0.500000000000 -0.750000000000 -0.433012701892 0.5700
0.0971 0.0022 0.500000000000 -0.750000000000 0.433012701892 0.5700
0.0945 0.0022 0.500000000000 -0.612372435696 -0.612372435696 0.5700
0.0926 0.0022 0.500000000000 -0.612372435696 0.612372435696 0.5700
0.0919 0.0022 0.500000000000 -0.433012701892 -0.750000000000 0.5700
0.0905 0.0022 0.500000000000 -0.433012701892 0.750000000000 0.5700
0.0890 0.0022 0.500000000000 -0.224143868042 -0.836516303738 0.5700
0.0874 0.0022 0.500000000000 -0.224143868042 0.836516303738 0.5700
0.0878 0.0022 0.500000000000 0.000000000000 -0.866025403784 0.5700
0.0877 0.0022 0.500000000000 0.000000000000 0.866025403784 0.5700
0.0875 0.0022 0.500000000000 0.224143868042 -0.836516303738 0.5700
0.0890 0.0022 0.500000000000 0.224143868042 0.836516303738 0.5700
0.0906 0.0022 0.500000000000 0.433012701892 -0.750000000000 0.5700
0.0919 0.0022 0.500000000000 0.433012701892 0.750000000000 0.5700
0.0926 0.0022 0.500000000000 0.612372435696 -0.612372435696 0.5700
0.0945 0.0022 0.500000000000 0.612372435696 0.612372435696 0.5700
0.0971 0.0022 0.500000000000 0.750000000000 -0.433012701892 0.5700
0.0995 0.0022 0.500000000000 0.750000000000 0.433012701892 0.5700
0.1009 0.0022 0.500000000000 0.836516303738 -0.224143868042 0.5700
0.1022 0.0022 0.500000000000 0.836516303738 0.224143868042 0.5700
0.1035 0.0022 0.500000000000 0.866025403784 0.000000000000 0.5700
0.1036 0.0022 0.573576436351 -0.819152044289 0.000000000000 0.5700
0.1024 0.0022 0.573576436351 -0.791240115236 -0.212012149897 0.5700
0.1013 0.0022 0.573576436351 -0.791240115236 0.212012149897 0.5700
0.1000 0.0022 0.573576436351 -0.709406479916 -0.409576022144 0.5700
0.0979 0.0022 0.573576436351 -0.709406479916 0.409576022144 0.5700
0.0955 0.0022 0.573576436351 -0.579227965340 -0.579227965340 0.5700
0.0938 0.0022 0.573576436351 -0.579227965340 0.579227965340 0.5700
0.0932 0.0022 0.573576436351 -0.409576022144 -0.709406479916 0.5700
0.0920 0.0022 0.573576436351 -0.409576022144 0.709406479916 0.5700
0.0906 0.0022 0.573576436351 -0.212012149897 -0.791240115236 0.5700
0.0892 0.0022 0.573576436351 -0.212012149897 0.791240115236 0.5700
0.0895 0.0022 0.573576436351 0.000000000000 -0.819152044289 0.5700
0.0894 0.0022 0.573576436351 0.000000000000 0.819152044289 0.5700
0.0892 0.0022 0.573576436351 0.212012149897 -0.791240115236 0.5700
0.0906 0.0022 0.573576436351 0.212012149897 0.791240115236 0.5700
0.0920 0.0022 0.573576436351 0.409576022144 -0.709406479916 0.5700
0.0932 0.0022 0.573576436351 0.409576022144 0.709406479916 0.5700
0.0939 0.0022 0.573576436351 0.579227965340 -0.579227965340 0.5700
0.0955 0.0022 0.573576436351 0.579227965340 0.579227965340 0.5700
0.0979 0.0022 0.573576436351 0.709406479916 -0.409576022144 0.5700
0.1000 0.0022 0.573576436351 0.709406479916 0.409576022144 0.5700
0.1013 0.0022 0.573576436351 0.791240115236 -0.212012149897 0.5700
0.1024 0.0022 0.573576436351 0.791240115236 0.212012149897 0.5700
0.1036 0.0022 0.573576436351 0.819152044289 0.000000000000 0.5700
0.1037 0.0022 0.642787609687 -0.766044443119 0.000000000000 0.5700
0.1026 0.0022 0.642787609687 -0.739942111694 -0.198266891274 0.5700
0.1016 0.0022 0.642787609687 -0.739942111694 0.198266891274 0.5700
0.1006 0.0022 0.642787609687 -0.663413948169 -0.383022221559 0.5700
0.0987 0.0022 0.642787609687 -0.663413948169 0.383022221559 0.5700
0.0966 0.0022 0.642787609687 -0.541675220420 -0.541675220420 0.5700
0.0951 0.0022 0.642787609687 -0.541675220420 0.541675220420 0.5700
0.0946 0.0022 0.642787609687 -0.383022221559 -0.663413948169 0.5700
0.0935 0.0022 0.642787609687 -0.383022221559 0.663413948169 0.5700
0.0923 0.0022 0.642787609687 -0.198266891274 -0.739942111694 0.5700
0.0911 0.0022 0.642787609687 -0.198266891274 0.739942111694 0.5700
0.0914 0.0022 0.642787609687 -0.000000009578 -0.766044443119 0.5700
0.0913 0.0022 0.642787609687 0.000000000000 0.766044443119 0.5700
0.0911 0.0022 0.642787609687 0.198266891274 -0.739942111694 0.5700
0.0923 0.0022 0.642787609687 0.198266891274 0.739942111694 0.5700
0.0935 0.0022 0.642787609687 0.383022221559 -0.663413948169 0.5700
0.0946 0.0022 0.642787609687 0.383022221559 0.663413948169 0.5700
0.0952 0.0022 0.642787609687 0.541675220420 -0.541675220420 0.5700
0.0966 0.0022 0.642787609687 0.541675220420 0.541675220420 0.5700
0.0987 0.0022 0.642787609687 0.663413948169 -0.383022221559 0.5700
0.1006 0.0022 0.642787609687 0.663413948169 0.383022221559 0.5700
0.1016 0.0022 0.642787609687 0.739942111694 -0.198266891274 0.5700
0.1026 0.0022 0.642787609687 0.739942111694 0.198266891274 0.5700
0.1037 0.0022 0.642787609687 0.766044443119 0.000000000000 0.5700
0.1037 0.0022 0.707106781187 -0.707106781187 0.000000000000 0.5700
0.1029 0.0022 0.707106781187 -0.683012701892 -0.183012701892 0.5700
0.1020 0.0022 0.707106781187 -0.683012701892 0.183012701892 0.5700
0.1011 0.0022 0.707106781187 -0.612372435696 -0.353553390593 0.5700
0.0995 0.0022 0.707106781187 -0.612372435696 0.353553390593 0.5700
0.0977 0.0022 0.707106781187 -0.500000000000 -0.500000000000 0.5700
0.0965 0.0022 0.707106781187 -0.500000000000 0.500000000000 0.5700
0.0960 0.0022 0.707106781187 -0.353553390593 -0.612372435696 0.5700
0.0951 0.0022 0.707106781187 -0.353553390593 0.612372435696 0.5700
0.0941 0.0022 0.707106781187 -0.183012701892 -0.683012701892 0.5700
0.0930 0.0022 0.707106781187 -0.183012701892 0.683012701892 0.5700
0.0932 0.0022 0.707106781187 -0.000000010537 0.707106781187 0.5700
0.0933 0.0022 0.707106781187 0.000000000000 -0.707106781187 0.5700
0.0931 0.0022 0.707106781187 0.183012701892 -0.683012701892 0.5700
0.0941 0.0022 0.707106781187 0.183012701892 0.683012701892 0.5700
0.0951 0.0022 0.707106781187 0.353553390593 -0.612372435696 0.5700
0.0960 0.0022 0.707106781187 0.353553390593 0.612372435696 0.5700
0.0965 0.0022 0.707106781187 0.500000000000 -0.500000000000 0.5700
0.0977 0.0022 0.707106781187 0.500000000000 0.500000000000 0.5700
0.0995 0.0022 0.707106781187 0.612372435696 -0.353553390593 0.5700
0.1011 0.0022 0.707106781187 0.612372435696 0.353553390593 0.5700
0.1020 0.0022 0.707106781187 0.683012701892 -0.183012701892 0.5700
0.1029 0.0022 0.707106781187 0.683012701892 0.183012701892 0.5700
0.1037 0.0022 0.707106781187 0.707106781187 0.000000000000 0.5700
0.1038 0.0022 0.766044443119 -0.642787609687 0.000000000000 0.5700
0.1031 0.0022 0.766044443119 -0.620885153015 -0.166365675343 0.5700
0.1024 0.0022 0.766044443119 -0.620885153015 0.166365675343 0.5700
0.1016 0.0022 0.766044443119 -0.556670399226 -0.321393804843 0.5700
0.1003 0.0022 0.766044443119 -0.556670399226 0.321393804843 0.5700
0.0989 0.0022 0.766044443119 -0.454519477672 -0.454519477672 0.5700
0.0978 0.0022 0.766044443119 -0.454519477672 0.454519477672 0.5700
0.0974 0.0022 0.766044443119 -0.321393804843 -0.556670399226 0.5700
0.0967 0.0022 0.766044443119 -0.321393804843 0.556670399226 0.5700
0.0958 0.0022 0.766044443119 -0.166365675343 -0.620885153015 0.5700
0.0949 0.0022 0.766044443119 -0.166365675343 0.620885153015 0.5700
0.0952 0.0022 0.766044443119 0.000000000000 -0.642787609687 0.5700
0.0951 0.0022 0.766044443119 0.000000000000 0.642787609687 0.5700
0.0950 0.0022 0.766044443119 0.166365675343 -0.620885153015 0.5700
0.0958 0.0022 0.766044443119 0.166365675343 0.620885153015 0.5700
0.0967 0.0022 0.766044443119 0.321393804843 -0.556670399226 0.5700
0.0974 0.0022 0.766044443119 0.321393804843 0.556670399226 0.5700
0.0978 0.0022 0.766044443119 0.454519477672 -0.454519477672 0.5700
0.0989 0.0022 0.766044443119 0.454519477672 0.454519477672 0.5700
0.1003 0.0022 0.766044443119 0.556670399226 -0.321393804843 0.5700
0.1016 0.0022 0.766044443119 0.556670399226 0.321393804843 0.5700
0.1024 0.0022 0.766044443119 0.620885153015 -0.166365675343 0.5700
0.1031 0.0022 0.766044443119 0.620885153015 0.166365675343 0.5700
0.1038 0.0022 0.766044443119 0.642787609687 0.000000000000 0.5700
0.1039 0.0022 0.819152044289 -0.573576436351 0.000000000000 0.5700
0.1033 0.0022 0.819152044289 -0.554032293222 -0.148452505550 0.5700
0.1028 0.0022 0.819152044289 -0.554032293222 0.148452505550 0.5700
0.1022 0.0022 0.819152044289 -0.496731764892 -0.286788218176 0.5700
0.1011 0.0022 0.819152044289 -0.496731764892 0.286788218176 0.5700
0.0999 0.0022 0.819152044289 -0.405579787673 -0.405579787673 0.5700
0.0991 0.0022 0.819152044289 -0.405579787673 0.405579787673 0.5700
0.0988 0.0022 0.819152044289 -0.286788218176 -0.496731764892 0.5700
0.0982 0.0022 0.819152044289 -0.286788218176 0.496731764892 0.5700
0.0975 0.0022 0.819152044289 -0.148452505550 -0.554032293222 0.5700
0.0968 0.0022 0.819152044289 -0.148452505550 0.554032293222 0.5700
0.0970 0.0022 0.819152044289 0.000000000000 -0.573576436351 0.5700
0.0970 0.0022 0.819152044289 0.000000000000 0.573576436351 0.5700
0.0969 0.0022 0.819152044289 0.148452505550 -0.554032293222 0.5700
0.0975 0.0022 0.819152044289 0.148452505550 0.554032293222 0.5700
0.0982 0.0022 0.819152044289 0.286788218176 -0.496731764892 0.5700
0.0988 0.0022 0.819152044289 0.286788218176 0.496731764892 0.5700
0.0991 0.0022 0.819152044289 0.405579787673 -0.405579787673 0.5700
0.0999 0.0022 0.819152044289 0.405579787673 0.405579787673 0.5700
0.1011 0.0022 0.819152044289 0.496731764892 -0.286788218176 0.5700
0.1022 0.0022 0.819152044289 0.496731764892 0.286788218176 0.5700
0.1028 0.0022 0.819152044289 0.554032293222 -0.148452505550 0.5700
0.1033 0.0022 0.819152044289 0.554032293222 0.148452505550 0.5700
0.1039 0.0022 0.819152044289 0.573576436351 0.000000000000 0.5700
0.1040 0.0022 0.866025403784 -0.500000000000 0.000000000000 0.5700
0.1035 0.0022 0.866025403784 -0.482962913145 -0.129409522551 0.5700
0.1031 0.0022 0.866025403784 -0.482962913145 0.129409522551 0.5700
0.1026 0.0022 0.866025403784 -0.433012701892 -0.250000000000 0.5700
0.1018 0.0022 0.866025403784 -0.433012701892 0.250000000000 0.5700
0.1010 0.0022 0.866025403784 -0.353553390593 -0.353553390593 0.5700
0.1003 0.0022 0.866025403784 -0.353553390593 0.353553390593 0.5700
0.1001 0.0022 0.866025403784 -0.250000000000 -0.433012701892 0.5700
0.0996 0.0022 0.866025403784 -0.250000000000 0.433012701892 0.5700
0.0991 0.0022 0.866025403784 -0.129409522551 -0.482962913145 0.5700
0.0986 0.0022 0.866025403784 -0.129409522551 0.482962913145 0.5700
0.0987 0.0022 0.866025403784 -0.000000012905 0.500000000000 0.5700
0.0987 0.0022 0.866025403784 0.000000000000 -0.500000000000 0.5700
0.0986 0.0022 0.866025403784 0.129409522551 -0.482962913145 0.5700
0.0991 0.0022 0.866025403784 0.129409522551 0.482962913145 0.5700
0.0997 0.0022 0.866025403784 0.250000000000 -0.433012701892 0.5700
0.1001 0.0022 0.866025403784 0.250000000000 0.433012701892 0.5700
0.1004 0.0022 0.866025403784 0.353553390593 -0.353553390593 0.5700
0.1010 0.0022 0.866025403784 0.353553390593 0.353553390593 0.5700
0.1019 0.0022 0.866025403784 0.433012701892 -0.250000000000 0.5700
0.1026 0.0022 0.866025403784 0.433012701892 0.250000000000 0.5700
0.1031 0.0022 0.866025403784 0.482962913145 -0.129409522551 0.5700
0.1035 0.0022 0.866025403784 0.482962913145 0.129409522551 0.5700
0.1040 0.0022 0.866025403784 0.500000000000 0.000000000000 0.5700
0.1040 0.0022 0.906307787037 -0.422618261741 0.000000000000 0.5700
0.1037 0.0022 0.906307787037 -0.408217893677 -0.109381654947 0.5700
0.1034 0.0022 0.906307787037 -0.408217893677 0.109381654947 0.5700
0.1031 0.0022 0.906307787037 -0.365998150771 -0.211309130870 0.5700
0.1025 0.0022 0.906307787037 -0.365998150771 0.211309130870 0.5700
0.1019 0.0022 0.906307787037 -0.298836238730 -0.298836238730 0.5700
0.1014 0.0022 0.906307787037 -0.298836238730 0.298836238730 0.5700
0.1013 0.0022 0.906307787037 -0.211309130870 -0.365998150771 0.5700
0.1009 0.0022 0.906307787037 -0.211309130870 0.365998150771 0.5700
0.1006 0.0022 0.906307787037 -0.109381654947 -0.408217893677 0.5700
0.1002 0.0022 0.906307787037 -0.109381654947 0.408217893677 0.5700
0.1003 0.0022 0.906307787037 -0.000000013505 0.422618261741 0.5700
0.1003 0.0022 0.906307787037 0.000000000000 -0.422618261741 0.5700
0.1002 0.0022 0.906307787037 0.109381654947 -0.408217893677 0.5700
0.1006 0.0022 0.906307787037 0.109381654947 0.408217893677 0.5700
0.1010 0.0022 0.906307787037 0.211309130870 -0.365998150771 0.5700
0.1013 0.0022 0.906307787037 0.211309130870 0.365998150771 0.5700
0.1015 0.0022 0.906307787037 0.298836238730 -0.298836238730 0.5700
0.1019 0.0022 0.906307787037 0.298836238730 0.298836238730 0.5700
0.1025 0.0022 0.906307787037 0.365998150771 -0.211309130870 0.5700
0.1031 0.0022 0.906307787037 0.365998150771 0.211309130870 0.5700
0.1034 0.0022 0.906307787037 0.408217893677 -0.109381654947 0.5700
0.1037 0.0022 0.906307787037 0.408217893677 0.109381654947 0.5700
0.1040 0.0022 0.906307787037 0.422618261741 0.000000000000 0.5700
0.1041 0.0022 0.939692620786 -0.342020143326 0.000000000000 0.5700
0.1039 0.0022 0.939692620786 -0.330366089549 -0.088521326901 0.5700
0.1037 0.0022 0.939692620786 -0.330366089549 0.088521326901 0.5700
0.1035 0.0022 0.939692620786 -0.296198132726 -0.171010071663 0.5700
0.1031 0.0022 0.939692620786 -0.296198132726 0.171010071663 0.5700
0.1027 0.0022 0.939692620786 -0.241844762648 -0.241844762648 0.5700
0.1024 0.0022 0.939692620786 -0.241844762648 0.241844762648 0.5700
0.1023 0.0022 0.939692620786 -0.171010071663 -0.296198132726 0.5700
0.1021 0.0022 0.939692620786 -0.171010071663 0.296198132726 0.5700
0.1018 0.0022 0.939692620786 -0.088521326901 -0.330366089549 0.5700
0.1016 0.0022 0.939692620786 -0.088521326901 0.330366089549 0.5700
0.1017 0.0022 0.939692620786 0.000000000000 -0.342020143326 0.5700
0.1016 0.0022 0.939692620786 0.000000000000 0.342020143326 0.5700
0.1016 0.0022 0.939692620786 0.088521326901 -0.330366089549 0.5700
0.1018 0.0022 0.939692620786 0.088521326901 0.330366089549 0.5700
0.1021 0.0022 0.939692620786 0.171010071663 -0.296198132726 0.5700
0.1023 0.0022 0.939692620786 0.171010071663 0.296198132726 0.5700
0.1024 0.0022 0.939692620786 0.241844762648 -0.241844762648 0.5700
0.1027 0.0022 0.939692620786 0.241844762648 0.241844762648 0.5700
0.1031 0.0022 0.939692620786 0.296198132726 -0.171010071663 0.5700
0.1035 0.0022 0.939692620786 0.296198132726 0.171010071663 0.5700
0.1037 0.0022 0.939692620786 0.330366089549 -0.088521326901 0.5700
0.1039 0.0022 0.939692620786 0.330366089549 0.088521326901 0.5700
0.1041 0.0022 0.939692620786 0.342020143326 0.000000000000 0.5700
0.1041 0.0022 0.965925826289 -0.258819045103 0.000000000000 0.5700
0.1040 0.0022 0.965925826289 -0.250000000000 -0.066987298108 0.5700
0.1039 0.0022 0.965925826289 -0.250000000000 0.066987298108 0.5700
0.1038 0.0022 0.965925826289 -0.224143868042 -0.129409522551 0.5700
0.1036 0.0022 0.965925826289 -0.224143868042 0.129409522551 0.5700
0.1033 0.0022 0.965925826289 -0.183012701892 -0.183012701892 0.5700
0.1032 0.0022 0.965925826289 -0.183012701892 0.183012701892 0.5700
0.1031 0.0022 0.965925826289 -0.129409522551 -0.224143868042 0.5700
0.1030 0.0022 0.965925826289 -0.129409522551 0.224143868042 0.5700
0.1028 0.0022 0.965925826289 -0.066987298108 -0.250000000000 0.5700
0.1027 0.0022 0.965925826289 -0.066987298108 0.250000000000 0.5700
0.1027 0.0022 0.965925826289 0.000000000000 -0.258819045103 0.5700
0.1027 0.0022 0.965925826289 0.000000000000 0.258819045103 0.5700
0.1027 0.0022 0.965925826289 0.066987298108 -0.250000000000 0.5700
0.1028 0.0022 0.965925826289 0.066987298108 0.250000000000 0.5700
0.1030 0.0022 0.965925826289 0.129409522551 -0.224143868042 0.5700
0.1031 0.0022 0.965925826289 0.129409522551 0.224143868042 0.5700
0.1032 0.0022 0.965925826289 0.183012701892 -0.183012701892 0.5700
0.1033 0.0022 0.965925826289 0.183012701892 0.183012701892 0.5700
0.1036 0.0022 0.965925826289 0.224143868042 -0.129409522551 0.5700
0.1038 0.0022 0.965925826289 0.224143868042 0.129409522551 0.5700
0.1039 0.0022 0.965925826289 0.250000000000 -0.066987298108 0.5700
0.1040 0.0022 0.965925826289 0.250000000000 0.066987298108 0.5700
0.1041 0.0022 0.965925826289 0.258819045103 0.000000000000 0.5700
0.1042 0.0022 0.984807753012 -0.173648177667 0.000000000000 0.5700
0.1041 0.0022 0.984807753012 -0.167731259497 -0.044943455528 0.5700
0.1041 0.0022 0.984807753012 -0.167731259497 0.044943455528 0.5700
0.1040 0.0022 0.984807753012 -0.150383733180 -0.086824088833 0.5700
0.1039 0.0022 0.984807753012 -0.150383733180 0.086824088833 0.5700
0.1038 0.0022 0.984807753012 -0.122787803969 -0.122787803969 0.5700
0.1037 0.0022 0.984807753012 -0.122787803969 0.122787803969 0.5700
0.1037 0.0022 0.984807753012 -0.086824088833 -0.150383733180 0.5700
0.1036 0.0022 0.984807753012 -0.086824088833 0.150383733180 0.5700
0.1036 0.0022 0.984807753012 -0.044943455528 -0.167731259497 0.5700
0.1035 0.0022 0.984807753012 -0.044943455528 0.167731259497 0.5700
0.1035 0.0022 0.984807753012 -0.000000014675 0.173648177667 0.5700
0.1035 0.0022 0.984807753012 0.000000000000 -0.173648177667 0.5700
0.1035 0.0022 0.984807753012 0.044943455528 -0.167731259497 0.5700
0.1036 0.0022 0.984807753012 0.044943455528 0.167731259497 0.5700
0.1037 0.0022 0.984807753012 0.086824088833 -0.150383733180 0.5700
0.1037 0.0022 0.984807753012 0.086824088833 0.150383733180 0.5700
0.1037 0.0022 0.984807753012 0.122787803969 -0.122787803969 0.5700
0.1038 0.0022 0.984807753012 0.122787803969 0.122787803969 0.5700
0.1039 0.0022 0.984807753012 0.150383733180 -0.086824088833 0.5700
0.1040 0.0022 0.984807753012 0.150383733180 0.086824088833 0.5700
0.1041 0.0022 0.984807753012 0.167731259497 -0.044943455528 0.5700
0.1041 0.0022 0.984807753012 0.167731259497 0.044943455528 0.5700
0.1042 0.0022 0.984807753012 0.173648177667 0.000000000000 0.5700
0.1042 0.0022 0.996194698092 -0.087155742748 0.000000000000 0.5700
0.1042 0.0022 0.996194698092 -0.084185982829 -0.022557566113 0.5700
0.1042 0.0022 0.996194698092 -0.084185982829 0.022557566113 0.5700
0.1042 0.0022 0.996194698092 -0.075479087305 -0.043577871374 0.5700
0.1041 0.0022 0.996194698092 -0.075479087305 0.043577871374 0.5700
0.1041 0.0022 0.996194698092 -0.061628416716 -0.061628416716 0.5700
0.1041 0.0022 0.996194698092 -0.061628416716 0.061628416716 0.5700
0.1041 0.0022 0.996194698092 -0.043577871374 -0.075479087305 0.5700
0.1041 0.0022 0.996194698092 -0.043577871374 0.075479087305 0.5700
0.1040 0.0022 0.996194698092 -0.022557566113 -0.084185982829 0.5700
0.1040 0.0022 0.996194698092 -0.022557566113 0.084185982829 0.5700
0.1040 0.0022 0.996194698092 0.000000000000 -0.087155742748 0.5700
0.1040 0.0022 0.996194698092 0.000000000000 0.087155742748 0.5700
0.1040 0.0022 0.996194698092 0.022557566113 -0.084185982829 0.5700
0.1040 0.0022 0.996194698092 0.022557566113 0.084185982829 0.5700
0.1041 0.0022 0.996194698092 0.043577871374 -0.075479087305 0.5700
0.1041 0.0022 0.996194698092 0.043577871374 0.075479087305 0.5700
0.1041 0.0022 0.996194698092 0.061628416716 -0.061628416716 0.5700
0.1041 0.0022 0.996194698092 0.061628416716 0.061628416716 0.5700
0.1041 0.0022 0.996194698092 0.075479087305 -0.043577871374 0.5700
0.1042 0.0022 0.996194698092 0.075479087305 0.043577871374 0.5700
0.1042 0.0022 0.996194698092 0.084185982829 -0.022557566113 0.5700
0.1042 0.0022 0.996194698092 0.084185982829 0.022557566113 0.5700
0.1042 0.0022 0.996194698092 0.087155742748 0.000000000000 0.5700
0.1042 0.0022 1.000000000000 0.000000000000 0.000000000000 0.5700
