3.0871 0.0996 -1.000000000000 0.000000000000 0.000000000000 6.6500
3.0858 0.0996 -0.996194698092 -0.087155742748 0.000000000000 6.6500
3.0858 0.0996 -0.996194698092 -0.084185982829 -0.022557566113 6.6500
3.0857 0.0996 -0.996194698092 -0.084185982829 0.022557566113 6.6500
3.0856 0.0996 -0.996194698092 -0.075479087305 -0.043577871374 6.6500
3.0855 0.0996 -0.996194698092 -0.075479087305 0.043577871374 6.6500
3.0838 0.0996 -0.996194698092 -0.061628416716 -0.061628416716 6.6500
3.0838 0.0996 -0.996194698092 -0.061628416716 0.061628416716 6.6500
3.0838 0.0996 -0.996194698092 -0.043577871374 -0.075479087305 6.6500
3.0835 0.0996 -0.996194698092 -0.043577871374 0.075479087305 6.6500
3.0824 0.0996 -0.996194698092 -0.022557566113 -0.084185982829 6.6500
3.0824 0.0996 -0.996194698092 -0.022557566113 0.084185982829 6.6500
3.0822 0.0996 -0.996194698092 0.000000000000 0.087155742748 6.6500
3.0821 0.0996 -0.996194698092 0.000000014844 -0.087155742748 6.6500
3.0823 0.0996 -0.996194698092 0.022557566113 -0.084185982829 6.6500
3.0827 0.0996 -0.996194698092 0.022557566113 0.084185982829 6.6500
3.0837 0.0996 -0.996194698092 0.043577871374 -0.075479087305 6.6500
3.0840 0.0996 -0.996194698092 0.043577871374 0.075479087305 6.6500
3.0837 0.0996 -0.996194698092 0.061628416716 -0.061628416716 6.6500
3.0840 0.0996 -0.996194698092 0.061628416716 0.061628416716 6.6500
3.0854 0.0996 -0.996194698092 0.075479087305 -0.043577871374 6.6500
3.0855 0.0996 -0.996194698092 0.075479087305 0.043577871374 6.6500
3.0858 0.0996 -0.996194698092 0.084185982829 -0.022557566113 6.6500
3.0859 0.0996 -0.996194698092 0.084185982829 0.022557566113 6.6500
3.0858 0.0996 -0.996194698092 0.087155742748 0.000000000000 6.6500
3.0820 0.0996 -0.984807753012 -0.173648177667 0.000000000000 6.6500
3.0821 0.0996 -0.984807753012 -0.167731259497 -0.044943455528 6.6500
3.0817 0.0996 -0.984807753012 -0.167731259497 0.044943455528 6.6500
3.0810 0.0996 -0.984807753012 -0.150383733180 -0.086824088833 6.6500
3.0806 0.0996 -0.984807753012 -0.150383733180 0.086824088833 6.6500
3.0741 0.0996 -0.984807753012 -0.122787803969 -0.122787803969 6.6500
3.0739 0.0996 -0.984807753012 -0.122787803969 0.122787803969 6.6500
3.0742 0.0996 -0.984807753012 -0.086824088833 -0.150383733180 6.6500
3.0730 0.0996 -0.984807753012 -0.086824088833 0.150383733180 6.6500
3.0688 0.0996 -0.984807753012 -0.044943455528 -0.167731259497 6.6500
3.0683 0.0996 -0.984807753012 -0.044943455528 0.167731259497 6.6500
3.0673 0.0996 -0.984807753012 0.000000000000 -0.173648177667 6.6500
3.0675 0.0996 -0.984807753012 0.000000000000 0.173648177667 6.6500
3.0683 0.0996 -0.984807753012 0.044943455528 -0.167731259497 6.6500
3.0693 0.0996 -0.984807753012 0.044943455528 0.167731259497 6.6500
3.0734 0.0996 -0.984807753012 0.086824088833 -0.150383733180 6.6500
3.0746 0.0996 -0.984807753012 0.086824088833 0.150383733180 6.6500
3.0737 0.0996 -0.984807753012 0.122787803969 -0.122787803969 6.6500
3.0745 0.0996 -0.984807753012 0.122787803969 0.122787803969 6.6500
3.0806 0.0996 -0.984807753012 0.150383733180 -0.086824088833 6.6500
3.0809 0.0996 -0.984807753012 0.150383733180 0.086824088833 6.6500
3.0818 0.0996 -0.984807753012 0.167731259497 -0.044943455528 6.6500
3.0823 0.0996 -0.984807753012 0.167731259497 0.044943455528 6.6500
3.0821 0.0996 -0.984807753012 0.173648177667 0.000000000000 6.6500
3.0758 0.0996 -0.965925826289 -0.258819045103 0.000000000000 6.6500
3.0761 0.0996 -0.965925826289 -0.250000000000 -0.066987298108 6.6500
3.0752 0.0996 -0.965925826289 -0.250000000000 0.066987298108 6.6500
3.0736 0.0996 -0.965925826289 -0.224143868042 -0.129409522551 6.6500
3.0727 0.0996 -0.965925826289 -0.224143868042 0.129409522551 6.6500
3.0584 0.0996 -0.965925826289 -0.183012701892 -0.183012701892 6.6500
3.0577 0.0996 -0.965925826289 -0.183012701892 0.183012701892 6.6500
3.0586 0.0996 -0.965925826289 -0.129409522551 -0.224143868042 6.6500
3.0560 0.0996 -0.965925826289 -0.129409522551 0.224143868042 6.6500
3.0466 0.0996 -0.965925826289 -0.066987298108 -0.250000000000 6.6500
3.0454 0.0996 -0.965925826289 -0.066987298108 0.250000000000 6.6500
3.0431 0.0996 -0.965925826289 0.000000000000 -0.258819045103 6.6500
3.0435 0.0996 -0.965925826289 0.000000000000 0.258819045103 6.6500
3.0453 0.0996 -0.965925826289 0.066987298108 -0.250000000000 6.6500
3.0473 0.0996 -0.965925826289 0.066987298108 0.250000000000 6.6500
3.0566 0.0996 -0.965925826289 0.129409522551 -0.224143868042 6.6500
3.0592 0.0996 -0.965925826289 0.129409522551 0.224143868042 6.6500
3.0575 0.0996 -0.965925826289 0.183012701892 -0.183012701892 6.6500
3.0589 0.0996 -0.965925826289 0.183012701892 0.183012701892 6.6500
3.0726 0.0996 -0.965925826289 0.224143868042 -0.129409522551 6.6500
3.0734 0.0996 -0.965925826289 0.224143868042 0.129409522551 6.6500
3.0752 0.0996 -0.965925826289 0.250000000000 -0.066987298108 6.6500
3.0763 0.0996 -0.965925826289 0.250000000000 0.066987298108 6.6500
3.0760 0.0996 -0.965925826289 0.258819045103 0.000000000000 6.6500
3.0674 0.0996 -0.939692620786 -0.342020143326 0.000000000000 6.6500
3.0679 0.0996 -0.939692620786 -0.330366089549 -0.088521326901 6.6500
3.0663 0.0996 -0.939692620786 -0.330366089549 0.088521326901 6.6500
3.0634 0.0996 -0.939692620786 -0.296198132726 -0.171010071663 6.6500
3.0620 0.0996 -0.939692620786 -0.296198132726 0.171010071663 6.6500
3.0371 0.0996 -0.939692620786 -0.241844762648 -0.241844762648 6.6500
3.0357 0.0996 -0.939692620786 -0.241844762648 0.241844762648 6.6500
3.0375 0.0996 -0.939692620786 -0.171010071663 -0.296198132726 6.6500
3.0329 0.0996 -0.939692620786 -0.171010071663 0.296198132726 6.6500
3.0166 0.0996 -0.939692620786 -0.088521326901 -0.330366089549 6.6500
3.0142 0.0996 -0.939692620786 -0.088521326901 0.330366089549 6.6500
3.0104 0.0996 -0.939692620786 0.000000000000 -0.342020143326 6.6500
3.0109 0.0996 -0.939692620786 0.000000000000 0.342020143326 6.6500
3.0141 0.0996 -0.939692620786 0.088521326901 -0.330366089549 6.6500
3.0175 0.0996 -0.939692620786 0.088521326901 0.330366089549 6.6500
3.0337 0.0996 -0.939692620786 0.171010071663 -0.296198132726 6.6500
3.0382 0.0996 -0.939692620786 0.171010071663 0.296198132726 6.6500
3.0354 0.0996 -0.939692620786 0.241844762648 -0.241844762648 6.6500
3.0377 0.0996 -0.939692620786 0.241844762648 0.241844762648 6.6500
3.0619 0.0996 -0.939692620786 0.296198132726 -0.171010071663 6.6500
3.0633 0.0996 -0.939692620786 0.296198132726 0.171010071663 6.6500
3.0664 0.0996 -0.939692620786 0.330366089549 -0.088521326901 6.6500
3.0682 0.0996 -0.939692620786 0.330366089549 0.088521326901 6.6500
3.0676 0.0996 -0.939692620786 0.342020143326 0.000000000000 6.6500
3.0571 0.0996 -0.906307787037 -0.422618261741 0.000000000000 6.6500
3.0578 0.0996 -0.906307787037 -0.408217893677 -0.109381654947 6.6500
3.0553 0.0996 -0.906307787037 -0.408217893677 0.109381654947 6.6500
3.0509 0.0996 -0.906307787037 -0.365998150771 -0.211309130870 6.6500
3.0487 0.0996 -0.906307787037 -0.365998150771 0.211309130870 6.6500
3.0108 0.0996 -0.906307787037 -0.298836238730 -0.298836238730 6.6500
3.0086 0.0996 -0.906307787037 -0.298836238730 0.298836238730 6.6500
3.0115 0.0996 -0.906307787037 -0.211309130870 -0.365998150771 6.6500
3.0045 0.0996 -0.906307787037 -0.211309130870 0.365998150771 6.6500
2.9795 0.0996 -0.906307787037 -0.109381654947 -0.408217893677 6.6500
2.9758 0.0996 -0.906307787037 -0.109381654947 0.408217893677 6.6500
2.9701 0.0996 -0.906307787037 0.000000000000 -0.422618261741 6.6500
2.9706 0.0996 -0.906307787037 0.000000000000 0.422618261741 6.6500
2.9756 0.0996 -0.906307787037 0.109381654947 -0.408217893677 6.6500
2.9806 0.0996 -0.906307787037 0.109381654947 0.408217893677 6.6500
3.0054 0.0996 -0.906307787037 0.211309130870 -0.365998150771 6.6500
3.0123 0.0996 -0.906307787037 0.211309130870 0.365998150771 6.6500
3.0082 0.0996 -0.906307787037 0.298836238730 -0.298836238730 6.6500
3.0116 0.0996 -0.906307787037 0.298836238730 0.298836238730 6.6500
3.0486 0.0996 -0.906307787037 0.365998150771 -0.211309130870 6.6500
3.0507 0.0996 -0.906307787037 0.365998150771 0.211309130870 6.6500
3.0554 0.0996 -0.906307787037 0.408217893677 -0.109381654947 6.6500
3.0581 0.0996 -0.906307787037 0.408217893677 0.109381654947 6.6500
3.0573 0.0996 -0.906307787037 0.422618261741 0.000000000000 6.6500
3.0451 0.0996 -0.866025403784 -0.500000000000 0.000000000000 6.6500
3.0461 0.0996 -0.866025403784 -0.482962913145 -0.129409522551 6.6500
3.0426 0.0996 -0.866025403784 -0.482962913145 0.129409522551 6.6500
3.0364 0.0996 -0.866025403784 -0.433012701892 -0.250000000000 6.6500
3.0334 0.0996 -0.866025403784 -0.433012701892 0.250000000000 6.6500
2.9804 0.0996 -0.866025403784 -0.353553390593 -0.353553390593 6.6500
2.9772 0.0996 -0.866025403784 -0.353553390593 0.353553390593 6.6500
2.9814 0.0996 -0.866025403784 -0.250000000000 -0.433012701892 6.6500
2.9716 0.0996 -0.866025403784 -0.250000000000 0.433012701892 6.6500
2.9367 0.0996 -0.866025403784 -0.129409522551 -0.482962913145 6.6500
2.9313 0.0996 -0.866025403784 -0.129409522551 0.482962913145 6.6500
2.9240 0.0996 -0.866025403784 0.000000000000 0.500000000000 6.6500
2.9234 0.0996 -0.866025403784 0.000000012905 -0.500000000000 6.6500
2.9311 0.0996 -0.866025403784 0.129409522551 -0.482962913145 6.6500
2.9379 0.0996 -0.866025403784 0.129409522551 0.482962913145 6.6500
2.9726 0.0996 -0.866025403784 0.250000000000 -0.433012701892 6.6500
2.9823 0.0996 -0.866025403784 0.250000000000 0.433012701892 6.6500
2.9767 0.0996 -0.866025403784 0.353553390593 -0.353553390593 6.6500
2.9813 0.0996 -0.866025403784 0.353553390593 0.353553390593 6.6500
3.0333 0.0996 -0.866025403784 0.433012701892 -0.250000000000 6.6500
3.0362 0.0996 -0.866025403784 0.433012701892 0.250000000000 6.6500
3.0428 0.0996 -0.866025403784 0.482962913145 -0.129409522551 6.6500
3.0465 0.0996 -0.866025403784 0.482962913145 0.129409522551 6.6500
3.0454 0.0996 -0.866025403784 0.500000000000 0.000000000000 6.6500
3.0319 0.0996 -0.819152044289 -0.573576436351 0.000000000000 6.6500
3.0332 0.0996 -0.819152044289 -0.554032293222 -0.148452505550 6.6500
3.0286 0.0996 -0.819152044289 -0.554032293222 0.148452505550 6.6500
3.0204 0.0996 -0.819152044289 -0.496731764892 -0.286788218176 6.6500
3.0164 0.0996 -0.819152044289 -0.496731764892 0.286788218176 6.6500
2.9468 0.0996 -0.819152044289 -0.405579787673 -0.405579787673 6.6500
2.9424 0.0996 -0.819152044289 -0.405579787673 0.405579787673 6.6500
2.9481 0.0996 -0.819152044289 -0.286788218176 -0.496731764892 6.6500
2.9352 0.0996 -0.819152044289 -0.286788218176 0.496731764892 6.6500
2.8893 0.0996 -0.819152044289 -0.148452505550 -0.554032293222 6.6500
2.8820 0.0996 -0.819152044289 -0.148452505550 0.554032293222 6.6500
2.8717 0.0996 -0.819152044289 0.000000000000 -0.573576436351 6.6500
2.8724 0.0996 -0.819152044289 0.000000000000 0.573576436351 6.6500
2.8818 0.0996 -0.819152044289 0.148452505550 -0.554032293222 6.6500
2.8906 0.0996 -0.819152044289 0.148452505550 0.554032293222 6.6500
2.9363 0.0996 -0.819152044289 0.286788218176 -0.496731764892 6.6500
2.9491 0.0996 -0.819152044289 0.286788218176 0.496731764892 6.6500
2.9419 0.0996 -0.819152044289 0.405579787673 -0.405579787673 6.6500
2.9478 0.0996 -0.819152044289 0.405579787673 0.405579787673 6.6500
3.0163 0.0996 -0.819152044289 0.496731764892 -0.286788218176 6.6500
3.0202 0.0996 -0.819152044289 0.496731764892 0.286788218176 6.6500
3.0288 0.0996 -0.819152044289 0.554032293222 -0.148452505550 6.6500
3.0337 0.0996 -0.819152044289 0.554032293222 0.148452505550 6.6500
3.0322 0.0996 -0.819152044289 0.573576436351 0.000000000000 6.6500
3.0178 0.0996 -0.766044443119 -0.642787609687 0.000000000000 6.6500
3.0195 0.0996 -0.766044443119 -0.620885153015 -0.166365675343 6.6500
3.0136 0.0996 -0.766044443119 -0.620885153015 0.166365675343 6.6500
3.0033 0.0996 -0.766044443119 -0.556670399226 -0.321393804843 6.6500
2.9983 0.0996 -0.766044443119 -0.556670399226 0.321393804843 6.6500
2.9110 0.0996 -0.766044443119 -0.454519477672 -0.454519477672 6.6500
2.9054 0.0996 -0.766044443119 -0.454519477672 0.454519477672 6.6500
2.9126 0.0996 -0.766044443119 -0.321393804843 -0.556670399226 6.6500
2.8965 0.0996 -0.766044443119 -0.321393804843 0.556670399226 6.6500
2.8389 0.0996 -0.766044443119 -0.166365675343 -0.620885153015 6.6500
2.8295 0.0996 -0.766044443119 -0.166365675343 0.620885153015 6.6500
2.8167 0.0996 -0.766044443119 0.000000000000 -0.642787609687 6.6500
2.8174 0.0996 -0.766044443119 0.000000011415 0.642787609687 6.6500
2.8293 0.0996 -0.766044443119 0.166365675343 -0.620885153015 6.6500
2.8402 0.0996 -0.766044443119 0.166365675343 0.620885153015 6.6500
2.8976 0.0996 -0.766044443119 0.321393804843 -0.556670399226 6.6500
2.9137 0.0996 -0.766044443119 0.321393804843 0.556670399226 6.6500
2.9048 0.0996 -0.766044443119 0.454519477672 -0.454519477672 6.6500
2.9121 0.0996 -0.766044443119 0.454519477672 0.454519477672 6.6500
2.9982 0.0996 -0.766044443119 0.556670399226 -0.321393804843 6.6500
3.0030 0.0996 -0.766044443119 0.556670399226 0.321393804843 6.6500
3.0138 0.0996 -0.766044443119 0.620885153015 -0.166365675343 6.6500
3.0199 0.0996 -0.766044443119 0.620885153015 0.166365675343 6.6500
3.0181 0.0996 -0.766044443119 0.642787609687 0.000000000000 6.6500
3.0033 0.0996 -0.707106781187 -0.707106781187 0.000000000000 6.6500
3.0054 0.0996 -0.707106781187 -0.683012701892 -0.183012701892 6.6500
2.9982 0.0996 -0.707106781187 -0.683012701892 0.183012701892 6.6500
2.9857 0.0996 -0.707106781187 -0.612372435696 -0.353553390593 6.6500
2.9796 0.0996 -0.707106781187 -0.612372435696 0.353553390593 6.6500
2.8741 0.0996 -0.707106781187 -0.500000000000 -0.500000000000 6.6500
2.8671 0.0996 -0.707106781187 -0.500000000000 0.500000000000 6.6500
2.8760 0.0996 -0.707106781187 -0.353553390593 -0.612372435696 6.6500
2.8566 0.0996 -0.707106781187 -0.353553390593 0.612372435696 6.6500
2.7868 0.0996 -0.707106781187 -0.183012701892 -0.683012701892 6.6500
2.7754 0.0996 -0.707106781187 -0.183012701892 0.683012701892 6.6500
2.7599 0.0996 -0.707106781187 -0.000000010537 -0.707106781187 6.6500
2.7606 0.0996 -0.707106781187 0.000000010537 0.707106781187 6.6500
2.7752 0.0996 -0.707106781187 0.183012701892 -0.683012701892 6.6500
2.7882 0.0996 -0.707106781187 0.183012701892 0.683012701892 6.6500
2.8577 0.0996 -0.707106781187 0.353553390593 -0.612372435696 6.6500
2.8772 0.0996 -0.707106781187 0.353553390593 0.612372435696 6.6500
2.8666 0.0996 -0.707106781187 0.500000000000 -0.500000000000 6.6500
2.8752 0.0996 -0.707106781187 0.500000000000 0.500000000000 6.6500
2.9795 0.0996 -0.707106781187 0.612372435696 -0.353553390593 6.6500
2.9854 0.0996 -0.707106781187 0.612372435696 0.353553390593 6.6500
2.9984 0.0996 -0.707106781187 0.683012701892 -0.183012701892 6.6500
3.0058 0.0996 -0.707106781187 0.683012701892 0.183012701892 6.6500
3.0036 0.0996 -0.707106781187 0.707106781187 0.000000000000 6.6500
2.9887 0.0996 -0.642787609687 -0.766044443119 0.000000000000 6.6500
2.9912 0.0996 -0.642787609687 -0.739942111694 -0.198266891274 6.6500
2.9828 0.0996 -0.642787609687 -0.739942111694 0.198266891274 6.6500
2.9680 0.0996 -0.642787609687 -0.663413948169 -0.383022221559 6.6500
2.9610 0.0996 -0.642787609687 -0.663413948169 0.383022221559 6.6500
2.8372 0.0996 -0.642787609687 -0.541675220420 -0.541675220420 6.6500
2.8289 0.0996 -0.642787609687 -0.541675220420 0.541675220420 6.6500
2.8395 0.0996 -0.642787609687 -0.383022221559 -0.663413948169 6.6500
2.8166 0.0996 -0.642787609687 -0.383022221559 0.663413948169 6.6500
2.7348 0.0996 -0.642787609687 -0.198266891274 -0.739942111694 6.6500
2.7212 0.0996 -0.642787609687 -0.198266891274 0.739942111694 6.6500
2.7032 0.0996 -0.642787609687 -0.000000009578 -0.766044443119 6.6500
2.7039 0.0996 -0.642787609687 0.000000000000 0.766044443119 6.6500
2.7210 0.0996 -0.642787609687 0.198266891274 -0.739942111694 6.6500
2.7362 0.0996 -0.642787609687 0.198266891274 0.739942111694 6.6500
2.8178 0.0996 -0.642787609687 0.383022221559 -0.663413948169 6.6500
2.8406 0.0996 -0.642787609687 0.383022221559 0.663413948169 6.6500
2.8283 0.0996 -0.642787609687 0.541675220420 -0.541675220420 6.6500
2.8383 0.0996 -0.642787609687 0.541675220420 0.541675220420 6.6500
2.9608 0.0996 -0.642787609687 0.663413948169 -0.383022221559 6.6500
2.9678 0.0996 -0.642787609687 0.663413948169 0.383022221559 6.6500
2.9830 0.0996 -0.642787609687 0.739942111694 -0.198266891274 6.6500
2.9916 0.0996 -0.642787609687 0.739942111694 0.198266891274 6.6500
2.9890 0.0996 -0.642787609687 0.766044443119 0.000000000000 6.6500
2.9747 0.0996 -0.573576436351 -0.819152044289 0.000000000000 6.6500
2.9775 0.0996 -0.573576436351 -0.791240115236 -0.212012149897 6.6500
2.9678 0.0996 -0.573576436351 -0.791240115236 0.212012149897 6.6500
2.9509 0.0996 -0.573576436351 -0.709406479916 -0.409576022144 6.6500
2.9429 0.0996 -0.573576436351 -0.709406479916 0.409576022144 6.6500
2.8015 0.0996 -0.573576436351 -0.579227965340 -0.579227965340 6.6500
2.7918 0.0996 -0.573576436351 -0.579227965340 0.579227965340 6.6500
2.8041 0.0996 -0.573576436351 -0.409576022144 -0.709406479916 6.6500
2.7779 0.0996 -0.573576436351 -0.409576022144 0.709406479916 6.6500
2.6844 0.0996 -0.573576436351 -0.212012149897 -0.791240115236 6.6500
2.6687 0.0996 -0.573576436351 -0.212012149897 0.791240115236 6.6500
2.6482 0.0996 -0.573576436351 -0.000000000000 -0.819152044289 6.6500
2.6488 0.0996 -0.573576436351 0.000000000000 0.819152044289 6.6500
2.6685 0.0996 -0.573576436351 0.212012149897 -0.791240115236 6.6500
2.6857 0.0996 -0.573576436351 0.212012149897 0.791240115236 6.6500
2.7790 0.0996 -0.573576436351 0.409576022144 -0.709406479916 6.6500
2.8051 0.0996 -0.573576436351 0.409576022144 0.709406479916 6.6500
2.7913 0.0996 -0.573576436351 0.579227965340 -0.579227965340 6.6500
2.8025 0.0996 -0.573576436351 0.579227965340 0.579227965340 6.6500
2.9427 0.0996 -0.573576436351 0.709406479916 -0.409576022144 6.6500
2.9507 0.0996 -0.573576436351 0.709406479916 0.409576022144 6.6500
2.9680 0.0996 -0.573576436351 0.791240115236 -0.212012149897 6.6500
2.9779 0.0996 -0.573576436351 0.791240115236 0.212012149897 6.6500
2.9749 0.0996 -0.573576436351 0.819152044289 0.000000000000 6.6500
2.9615 0.0996 -0.500000000000 -0.866025403784 0.000000000000 6.6500
2.9646 0.0996 -0.500000000000 -0.836516303738 -0.224143868042 6.6500
2.9538 0.0996 -0.500000000000 -0.836516303738 0.224143868042 6.6500
2.9349 0.0996 -0.500000000000 -0.750000000000 -0.433012701892 6.6500
2.9259 0.0996 -0.500000000000 -0.750000000000 0.433012701892 6.6500
2.7680 0.0996 -0.500000000000 -0.612372435696 -0.612372435696 6.6500
2.7570 0.0996 -0.500000000000 -0.612372435696 0.612372435696 6.6500
2.7709 0.0996 -0.500000000000 -0.433012701892 -0.750000000000 6.6500
2.7416 0.0996 -0.500000000000 -0.433012701892 0.750000000000 6.6500
2.6371 0.0996 -0.500000000000 -0.224143868042 -0.836516303738 6.6500
2.6195 0.0996 -0.500000000000 -0.224143868042 0.836516303738 6.6500
2.5966 0.0996 -0.500000000000 -0.000000000000 -0.866025403784 6.6500
2.5972 0.0996 -0.500000000000 0.000000007451 0.866025403784 6.6500
2.6193 0.0996 -0.500000000000 0.224143868042 -0.836516303738 6.6500
2.6383 0.0996 -0.500000000000 0.224143868042 0.836516303738 6.6500
2.7426 0.0996 -0.500000000000 0.433012701892 -0.750000000000 6.6500
2.7718 0.0996 -0.500000000000 0.433012701892 0.750000000000 6.6500
2.7565 0.0996 -0.500000000000 0.612372435696 -0.612372435696 6.6500
2.7689 0.0996 -0.500000000000 0.612372435696 0.612372435696 6.6500
2.9257 0.0996 -0.500000000000 0.750000000000 -0.433012701892 6.6500
2.9346 0.0996 -0.500000000000 0.750000000000 0.433012701892 6.6500
2.9540 0.0996 -0.500000000000 0.836516303738 -0.224143868042 6.6500
2.9650 0.0996 -0.500000000000 0.836516303738 0.224143868042 6.6500
2.9617 0.0996 -0.500000000000 0.866025403784 0.000000000000 6.6500
2.9495 0.0996 -0.422618261741 -0.906307787037 0.000000000000 6.6500
2.9530 0.0996 -0.422618261741 -0.875426098066 -0.234569716010 6.6500
2.9411 0.0996 -0.422618261741 -0.875426098066 0.234569716010 6.6500
2.9204 0.0996 -0.422618261741 -0.784885567221 -0.453153893518 6.6500
2.9105 0.0996 -0.422618261741 -0.784885567221 0.453153893518 6.6500
2.7377 0.0996 -0.422618261741 -0.640856382056 -0.640856382056 6.6500
2.7255 0.0996 -0.422618261741 -0.640856382056 0.640856382056 6.6500
2.7409 0.0996 -0.422618261741 -0.453153893518 -0.784885567221 6.6500
2.7089 0.0996 -0.422618261741 -0.453153893518 0.784885567221 6.6500
2.5944 0.0996 -0.422618261741 -0.234569716010 -0.875426098066 6.6500
2.5749 0.0996 -0.422618261741 -0.234569716010 0.875426098066 6.6500
2.5499 0.0996 -0.422618261741 -0.000000000000 -0.906307787037 6.6500
2.5505 0.0996 -0.422618261741 0.000000006298 0.906307787037 6.6500
2.5748 0.0996 -0.422618261741 0.234569716010 -0.875426098066 6.6500
2.5955 0.0996 -0.422618261741 0.234569716010 0.875426098066 6.6500
2.7097 0.0996 -0.422618261741 0.453153893518 -0.784885567221 6.6500
2.7417 0.0996 -0.422618261741 0.453153893518 0.784885567221 6.6500
2.7251 0.0996 -0.422618261741 0.640856382056 -0.640856382056 6.6500
2.7385 0.0996 -0.422618261741 0.640856382056 0.640856382056 6.6500
2.9104 0.0996 -0.422618261741 0.784885567221 -0.453153893518 6.6500
2.9202 0.0996 -0.422618261741 0.784885567221 0.453153893518 6.6500
2.9413 0.0996 -0.422618261741 0.875426098066 -0.234569716010 6.6500
2.9533 0.0996 -0.422618261741 0.875426098066 0.234569716010 6.6500
2.9497 0.0996 -0.422618261741 0.906307787037 0.000000000000 6.6500
2.9392 0.0996 -0.342020143326 -0.939692620786 0.000000000000 6.6500
2.9430 0.0996 -0.342020143326 -0.907673371190 -0.243210346802 6.6500
2.9302 0.0996 -0.342020143326 -0.907673371190 0.243210346802 6.6500
2.9078 0.0996 -0.342020143326 -0.813797681349 -0.469846310393 6.6500
2.8972 0.0996 -0.342020143326 -0.813797681349 0.469846310393 6.6500
2.7116 0.0996 -0.342020143326 -0.664463024389 -0.664463024389 6.6500
2.6983 0.0996 -0.342020143326 -0.664463024389 0.664463024389 6.6500
2.7150 0.0996 -0.342020143326 -0.469846310393 -0.813797681349 6.6500
2.6806 0.0996 -0.342020143326 -0.469846310393 0.813797681349 6.6500
2.5576 0.0996 -0.342020143326 -0.243210346802 -0.907673371190 6.6500
2.5365 0.0996 -0.342020143326 -0.243210346802 0.907673371190 6.6500
2.5097 0.0996 -0.342020143326 -0.000000000000 -0.939692620786 6.6500
2.5101 0.0996 -0.342020143326 0.000000000000 0.939692620786 6.6500
2.5363 0.0996 -0.342020143326 0.243210346802 -0.907673371190 6.6500
2.5585 0.0996 -0.342020143326 0.243210346802 0.907673371190 6.6500
2.6813 0.0996 -0.342020143326 0.469846310393 -0.813797681349 6.6500
2.7157 0.0996 -0.342020143326 0.469846310393 0.813797681349 6.6500
2.6980 0.0996 -0.342020143326 0.664463024389 -0.664463024389 6.6500
2.7122 0.0996 -0.342020143326 0.664463024389 0.664463024389 6.6500
2.8971 0.0996 -0.342020143326 0.813797681349 -0.469846310393 6.6500
2.9077 0.0996 -0.342020143326 0.813797681349 0.469846310393 6.6500
2.9303 0.0996 -0.342020143326 0.907673371190 -0.243210346802 6.6500
2.9433 0.0996 -0.342020143326 0.907673371190 0.243210346802 6.6500
2.9394 0.0996 -0.342020143326 0.939692620786 0.000000000000 6.6500
2.9309 0.0996 -0.258819045103 -0.965925826289 0.000000000000 6.6500
2.9349 0.0996 -0.258819045103 -0.933012701892 -0.250000000000 6.6500
2.9213 0.0996 -0.258819045103 -0.933012701892 0.250000000000 6.6500
2.8976 0.0996 -0.258819045103 -0.836516303738 -0.482962913145 6.6500
2.8865 0.0996 -0.258819045103 -0.836516303738 0.482962913145 6.6500
2.6904 0.0996 -0.258819045103 -0.683012701892 -0.683012701892 6.6500
2.6763 0.0996 -0.258819045103 -0.683012701892 0.683012701892 6.6500
2.6940 0.0996 -0.258819045103 -0.482962913145 -0.836516303738 6.6500
2.6577 0.0996 -0.258819045103 -0.482962913145 0.836516303738 6.6500
2.5277 0.0996 -0.258819045103 -0.250000000000 -0.933012701892 6.6500
2.5053 0.0996 -0.258819045103 -0.250000000000 0.933012701892 6.6500
2.4771 0.0996 -0.258819045103 -0.000000000000 -0.965925826289 6.6500
2.4774 0.0996 -0.258819045103 0.000000003857 0.965925826289 6.6500
2.5052 0.0996 -0.258819045103 0.250000000000 -0.933012701892 6.6500
2.5284 0.0996 -0.258819045103 0.250000000000 0.933012701892 6.6500
2.6583 0.0996 -0.258819045103 0.482962913145 -0.836516303738 6.6500
2.6946 0.0996 -0.258819045103 0.482962913145 0.836516303738 6.6500
2.6760 0.0996 -0.258819045103 0.683012701892 -0.683012701892 6.6500
2.6909 0.0996 -0.258819045103 0.683012701892 0.683012701892 6.6500
2.8864 0.0996 -0.258819045103 0.836516303738 -0.482962913145 6.6500
2.8975 0.0996 -0.258819045103 0.836516303738 0.482962913145 6.6500
2.9214 0.0996 -0.258819045103 0.933012701892 -0.250000000000 6.6500
2.9351 0.0996 -0.258819045103 0.933012701892 0.250000000000 6.6500
2.9310 0.0996 -0.258819045103 0.965925826289 0.000000000000 6.6500
2.9247 0.0996 -0.173648177667 -0.984807753012 0.000000000000 6.6500
2.9289 0.0996 -0.173648177667 -0.951251242564 -0.254887002244 6.6500
2.9148 0.0996 -0.173648177667 -0.951251242564 0.254887002244 6.6500
2.8901 0.0996 -0.173648177667 -0.852868531952 -0.492403876506 6.6500
2.8785 0.0996 -0.173648177667 -0.852868531952 0.492403876506 6.6500
2.6748 0.0996 -0.173648177667 -0.696364240320 -0.696364240320 6.6500
2.6600 0.0996 -0.173648177667 -0.696364240320 0.696364240320 6.6500
2.6786 0.0996 -0.173648177667 -0.492403876506 -0.852868531952 6.6500
2.6408 0.0996 -0.173648177667 -0.492403876506 0.852868531952 6.6500
2.5058 0.0996 -0.173648177667 -0.254887002244 -0.951251242564 6.6500
2.4823 0.0996 -0.173648177667 -0.254887002244 0.951251242564 6.6500
2.4531 0.0996 -0.173648177667 -0.000000000000 -0.984807753012 6.6500
2.4533 0.0996 -0.173648177667 0.000000002588 0.984807753012 6.6500
2.4822 0.0996 -0.173648177667 0.254887002244 -0.951251242564 6.6500
2.5063 0.0996 -0.173648177667 0.254887002244 0.951251242564 6.6500
2.6412 0.0996 -0.173648177667 0.492403876506 -0.852868531952 6.6500
2.6790 0.0996 -0.173648177667 0.492403876506 0.852868531952 6.6500
2.6598 0.0996 -0.173648177667 0.696364240320 -0.696364240320 6.6500
2.6752 0.0996 -0.173648177667 0.696364240320 0.696364240320 6.6500
2.8785 0.0996 -0.173648177667 0.852868531952 -0.492403876506 6.6500
2.8901 0.0996 -0.173648177667 0.852868531952 0.492403876506 6.6500
2.9149 0.0996 -0.173648177667 0.951251242564 -0.254887002244 6.6500
2.9290 0.0996 -0.173648177667 0.951251242564 0.254887002244 6.6500
2.9248 0.0996 -0.173648177667 0.984807753012 0.000000000000 6.6500
2.9210 0.0996 -0.087155742748 -0.996194698092 0.000000000000 6.6500
2.9253 0.0996 -0.087155742748 -0.962250186899 -0.257834160496 6.6500
2.9108 0.0996 -0.087155742748 -0.962250186899 0.257834160496 6.6500
2.8855 0.0996 -0.087155742748 -0.862729915663 -0.498097349046 6.6500
2.8737 0.0996 -0.087155742748 -0.862729915663 0.498097349046 6.6500
2.6653 0.0996 -0.087155742748 -0.704416026403 -0.704416026403 6.6500
2.6500 0.0996 -0.087155742748 -0.704416026403 0.704416026403 6.6500
2.6692 0.0996 -0.087155742748 -0.498097349046 -0.862729915663 6.6500
2.6306 0.0996 -0.087155742748 -0.498097349046 0.862729915663 6.6500
2.4924 0.0996 -0.087155742748 -0.257834160496 -0.962250186899 6.6500
2.4682 0.0996 -0.087155742748 -0.257834160496 0.962250186899 6.6500
2.4384 0.0996 -0.087155742748 -0.000000001299 -0.996194698092 6.6500
2.4385 0.0996 -0.087155742748 0.000000000000 0.996194698092 6.6500
2.4682 0.0996 -0.087155742748 0.257834160496 -0.962250186899 6.6500
2.4926 0.0996 -0.087155742748 0.257834160496 0.962250186899 6.6500
2.6307 0.0996 -0.087155742748 0.498097349046 -0.862729915663 6.6500
2.6694 0.0996 -0.087155742748 0.498097349046 0.862729915663 6.6500
2.6499 0.0996 -0.087155742748 0.704416026403 -0.704416026403 6.6500
2.6655 0.0996 -0.087155742748 0.704416026403 0.704416026403 6.6500
2.8736 0.0996 -0.087155742748 0.862729915663 -0.498097349046 6.6500
2.8855 0.0996 -0.087155742748 0.862729915663 0.498097349046 6.6500
2.9109 0.0996 -0.087155742748 0.962250186899 -0.257834160496 6.6500
2.9253 0.0996 -0.087155742748 0.962250186899 0.257834160496 6.6500
2.9210 0.0996 -0.087155742748 0.996194698092 0.000000000000 6.6500
2.9197 0.0996 0.000000000000 -1.000000000000 0.000000000000 6.6500
2.9241 0.0996 0.000000000000 -0.965925826289 -0.258819045103 6.6500
2.9095 0.0996 0.000000000000 -0.965925826289 0.258819045103 6.6500
2.8840 0.0996 0.000000000000 -0.866025403784 -0.500000000000 6.6500
2.8720 0.0996 0.000000000000 -0.866025403784 0.500000000000 6.6500
2.6622 0.0996 0.000000000000 -0.707106781187 -0.707106781187 6.6500
2.6466 0.0996 0.000000000000 -0.707106781187 0.707106781187 6.6500
2.6661 0.0996 0.000000000000 -0.500000000000 -0.866025403784 6.6500
2.6272 0.0996 0.000000000000 -0.500000000000 0.866025403784 6.6500
2.4880 0.0996 0.000000000000 -0.258819045103 -0.965925826289 6.6500
2.4635 0.0996 0.000000000000 -0.258819045103 0.965925826289 6.6500
2.4335 0.0996 0.000000000000 0.000000000000 -1.000000000000 6.6500
2.4335 0.0996 0.000000000000 0.000000000000 1.000000000000 6.6500
2.4635 0.0996 0.000000000000 0.258819045103 -0.965925826289 6.6500
2.4880 0.0996 0.000000000000 0.258819045103 0.965925826289 6.6500
2.6272 0.0996 0.000000000000 0.500000000000 -0.866025403784 6.6500
2.6661 0.0996 0.000000000000 0.500000000000 0.866025403784 6.6500
2.6466 0.0996 0.000000000000 0.707106781187 -0.707106781187 6.6500
2.6622 0.0996 0.000000000000 0.707106781187 0.707106781187 6.6500
2.8720 0.0996 0.000000000000 0.866025403784 -0.500000000000 6.6500
2.8840 0.0996 0.000000000000 0.866025403784 0.500000000000 6.6500
2.9095 0.0996 0.000000000000 0.965925826289 -0.258819045103 6.6500
2.9241 0.0996 0.000000000000 0.965925826289 0.258819045103 6.6500
2.9197 0.0996 0.000000000000 1.000000000000 0.000000000000 6.6500
2.9210 0.0996 0.087155742748 -0.996194698092 0.000000000000 6.6500
2.9253 0.0996 0.087155742748 -0.962250186899 -0.257834160496 6.6500
2.9109 0.0996 0.087155742748 -0.962250186899 0.257834160496 6.6500
2.8855 0.0996 0.087155742748 -0.862729915663 -0.498097349046 6.6500
2.8736 0.0996 0.087155742748 -0.862729915663 0.498097349046 6.6500
2.6655 0.0996 0.087155742748 -0.704416026403 -0.704416026403 6.6500
2.6499 0.0996 0.087155742748 -0.704416026403 0.704416026403 6.6500
2.6694 0.0996 0.087155742748 -0.498097349046 -0.862729915663 6.6500
2.6307 0.0996 0.087155742748 -0.498097349046 0.862729915663 6.6500
2.4926 0.0996 0.087155742748 -0.257834160496 -0.962250186899 6.6500
2.4682 0.0996 0.087155742748 -0.257834160496 0.962250186899 6.6500
2.4385 0.0996 0.087155742748 0.000000000000 -0.996194698092 6.6500
2.4384 0.0996 0.087155742748 0.000000001299 0.996194698092 6.6500
2.4682 0.0996 0.087155742748 0.257834160496 -0.962250186899 6.6500
2.4924 0.0996 0.087155742748 0.257834160496 0.962250186899 6.6500
2.6306 0.0996 0.087155742748 0.498097349046 -0.862729915663 6.6500
2.6692 0.0996 0.087155742748 0.498097349046 0.862729915663 6.6500
2.6500 0.0996 0.087155742748 0.704416026403 -0.704416026403 6.6500
2.6653 0.0996 0.087155742748 0.704416026403 0.704416026403 6.6500
2.8737 0.0996 0.087155742748 0.862729915663 -0.498097349046 6.6500
2.8855 0.0996 0.087155742748 0.862729915663 0.498097349046 6.6500
2.9108 0.0996 0.087155742748 0.962250186899 -0.257834160496 6.6500
2.9253 0.0996 0.087155742748 0.962250186899 0.257834160496 6.6500
2.9210 0.0996 0.087155742748 0.996194698092 0.000000000000 6.6500
2.9248 0.0996 0.173648177667 -0.984807753012 0.000000000000 6.6500
2.9290 0.0996 0.173648177667 -0.951251242564 -0.254887002244 6.6500
2.9149 0.0996 0.173648177667 -0.951251242564 0.254887002244 6.6500
2.8901 0.0996 0.173648177667 -0.852868531952 -0.492403876506 6.6500
2.8785 0.0996 0.173648177667 -0.852868531952 0.492403876506 6.6500
2.6752 0.0996 0.173648177667 -0.696364240320 -0.696364240320 6.6500
2.6598 0.0996 0.173648177667 -0.696364240320 0.696364240320 6.6500
2.6790 0.0996 0.173648177667 -0.492403876506 -0.852868531952 6.6500
2.6412 0.0996 0.173648177667 -0.492403876506 0.852868531952 6.6500
2.5063 0.0996 0.173648177667 -0.254887002244 -0.951251242564 6.6500
2.4822 0.0996 0.173648177667 -0.254887002244 0.951251242564 6.6500
2.4533 0.0996 0.173648177667 -0.000000002588 -0.984807753012 6.6500
2.4531 0.0996 0.173648177667 0.000000000000 0.984807753012 6.6500
2.4823 0.0996 0.173648177667 0.254887002244 -0.951251242564 6.6500
2.5058 0.0996 0.173648177667 0.254887002244 0.951251242564 6.6500
2.6408 0.0996 0.173648177667 0.492403876506 -0.852868531952 6.6500
2.6786 0.0996 0.173648177667 0.492403876506 0.852868531952 6.6500
2.6600 0.0996 0.173648177667 0.696364240320 -0.696364240320 6.6500
2.6748 0.0996 0.173648177667 0.696364240320 0.696364240320 6.6500
2.8785 0.0996 0.173648177667 0.852868531952 -0.492403876506 6.6500
2.8901 0.0996 0.173648177667 0.852868531952 0.492403876506 6.6500
2.9148 0.0996 0.173648177667 0.951251242564 -0.254887002244 6.6500
2.9289 0.0996 0.173648177667 0.951251242564 0.254887002244 6.6500
2.9247 0.0996 0.173648177667 0.984807753012 0.000000000000 6.6500
2.9310 0.0996 0.258819045103 -0.965925826289 0.000000000000 6.6500
2.9351 0.0996 0.258819045103 -0.933012701892 -0.250000000000 6.6500
2.9214 0.0996 0.258819045103 -0.933012701892 0.250000000000 6.6500
2.8975 0.0996 0.258819045103 -0.836516303738 -0.482962913145 6.6500
2.8864 0.0996 0.258819045103 -0.836516303738 0.482962913145 6.6500
2.6909 0.0996 0.258819045103 -0.683012701892 -0.683012701892 6.6500
2.6760 0.0996 0.258819045103 -0.683012701892 0.683012701892 6.6500
2.6946 0.0996 0.258819045103 -0.482962913145 -0.836516303738 6.6500
2.6583 0.0996 0.258819045103 -0.482962913145 0.836516303738 6.6500
2.5284 0.0996 0.258819045103 -0.250000000000 -0.933012701892 6.6500
2.5052 0.0996 0.258819045103 -0.250000000000 0.933012701892 6.6500
2.4774 0.0996 0.258819045103 -0.000000003857 -0.965925826289 6.6500
2.4771 0.0996 0.258819045103 0.000000000000 0.965925826289 6.6500
2.5053 0.0996 0.258819045103 0.250000000000 -0.933012701892 6.6500
2.5277 0.0996 0.258819045103 0.250000000000 0.933012701892 6.6500
2.6577 0.0996 0.258819045103 0.482962913145 -0.836516303738 6.6500
2.6940 0.0996 0.258819045103 0.482962913145 0.836516303738 6.6500
2.6763 0.0996 0.258819045103 0.683012701892 -0.683012701892 6.6500
2.6904 0.0996 0.258819045103 0.683012701892 0.683012701892 6.6500
2.8865 0.0996 0.258819045103 0.836516303738 -0.482962913145 6.6500
2.8976 0.0996 0.258819045103 0.836516303738 0.482962913145 6.6500
2.9213 0.0996 0.258819045103 0.933012701892 -0.250000000000 6.6500
2.9349 0.0996 0.258819045103 0.933012701892 0.250000000000 6.6500
2.9309 0.0996 0.258819045103 0.965925826289 0.000000000000 6.6500
2.9394 0.0996 0.342020143326 -0.939692620786 0.000000000000 6.6500
2.9433 0.0996 0.342020143326 -0.907673371190 -0.243210346802 6.6500
2.9303 0.0996 0.342020143326 -0.907673371190 0.243210346802 6.6500
2.9077 0.0996 0.342020143326 -0.813797681349 -0.469846310393 6.6500
2.8971 0.0996 0.342020143326 -0.813797681349 0.469846310393 6.6500
2.7122 0.0996 0.342020143326 -0.664463024389 -0.664463024389 6.6500
2.6980 0.0996 0.342020143326 -0.664463024389 0.664463024389 6.6500
2.7157 0.0996 0.342020143326 -0.469846310393 -0.813797681349 6.6500
2.6813 0.0996 0.342020143326 -0.469846310393 0.813797681349 6.6500
2.5585 0.0996 0.342020143326 -0.243210346802 -0.907673371190 6.6500
2.5363 0.0996 0.342020143326 -0.243210346802 0.907673371190 6.6500
2.5101 0.0996 0.342020143326 0.000000000000 -0.939692620786 6.6500
2.5097 0.0996 0.342020143326 0.000000000000 0.939692620786 6.6500
2.5365 0.0996 0.342020143326 0.243210346802 -0.907673371190 6.6500
2.5576 0.0996 0.342020143326 0.243210346802 0.907673371190 6.6500
2.6806 0.0996 0.342020143326 0.469846310393 -0.813797681349 6.6500
2.7150 0.0996 0.342020143326 0.469846310393 0.813797681349 6.6500
2.6983 0.0996 0.342020143326 0.664463024389 -0.664463024389 6.6500
2.7116 0.0996 0.342020143326 0.664463024389 0.664463024389 6.6500
2.8972 0.0996 0.342020143326 0.813797681349 -0.469846310393 6.6500
2.9078 0.0996 0.342020143326 0.813797681349 0.469846310393 6.6500
2.9302 0.0996 0.342020143326 0.907673371190 -0.243210346802 6.6500
2.9430 0.0996 0.342020143326 0.907673371190 0.243210346802 6.6500
2.9392 0.0996 0.342020143326 0.939692620786 0.000000000000 6.6500
2.9497 0.0996 0.422618261741 -0.906307787037 0.000000000000 6.6500
2.9533 0.0996 0.422618261741 -0.875426098066 -0.234569716010 6.6500
2.9413 0.0996 0.422618261741 -0.875426098066 0.234569716010 6.6500
2.9202 0.0996 0.422618261741 -0.784885567221 -0.453153893518 6.6500
2.9104 0.0996 0.422618261741 -0.784885567221 0.453153893518 6.6500
2.7385 0.0996 0.422618261741 -0.640856382056 -0.640856382056 6.6500
2.7251 0.0996 0.422618261741 -0.640856382056 0.640856382056 6.6500
2.7417 0.0996 0.422618261741 -0.453153893518 -0.784885567221 6.6500
2.7097 0.0996 0.422618261741 -0.453153893518 0.784885567221 6.6500
2.5955 0.0996 0.422618261741 -0.234569716010 -0.875426098066 6.6500
2.5748 0.0996 0.422618261741 -0.234569716010 0.875426098066 6.6500
2.5505 0.0996 0.422618261741 -0.000000006298 -0.906307787037 6.6500
2.5499 0.0996 0.422618261741 0.000000000000 0.906307787037 6.6500
2.5749 0.0996 0.422618261741 0.234569716010 -0.875426098066 6.6500
2.5944 0.0996 0.422618261741 0.234569716010 0.875426098066 6.6500
2.7089 0.0996 0.422618261741 0.453153893518 -0.784885567221 6.6500
2.7409 0.0996 0.422618261741 0.453153893518 0.784885567221 6.6500
2.7255 0.0996 0.422618261741 0.640856382056 -0.640856382056 6.6500
2.7377 0.0996 0.422618261741 0.640856382056 0.640856382056 6.6500
2.9105 0.0996 0.422618261741 0.784885567221 -0.453153893518 6.6500
2.9204 0.0996 0.422618261741 0.784885567221 0.453153893518 6.6500
2.9411 0.0996 0.422618261741 0.875426098066 -0.234569716010 6.6500
2.9530 0.0996 0.422618261741 0.875426098066 0.234569716010 6.6500
2.9495 0.0996 0.422618261741 0.906307787037 0.000000000000 6.6500
2.9617 0.0996 0.500000000000 -0.866025403784 0.000000000000 6.6500
2.9650 0.0996 0.500000000000 -0.836516303738 -0.224143868042 6.6500
2.9540 0.0996 0.500000000000 -0.836516303738 0.224143868042 6.6500
2.9346 0.0996 0.500000000000 -0.750000000000 -0.433012701892 6.6500
2.9257 0.0996 0.500000000000 -0.750000000000 0.433012701892 6.6500
2.7689 0.0996 0.500000000000 -0.612372435696 -0.612372435696 6.6500
2.7565 0.0996 0.500000000000 -0.612372435696 0.612372435696 6.6500
2.7718 0.0996 0.500000000000 -0.433012701892 -0.750000000000 6.6500
2.7426 0.0996 0.500000000000 -0.433012701892 0.750000000000 6.6500
2.6383 0.0996 0.500000000000 -0.224143868042 -0.836516303738 6.6500
2.6193 0.0996 0.500000000000 -0.224143868042 0.836516303738 6.6500
2.5972 0.0996 0.500000000000 -0.000000007451 -0.866025403784 6.6500
2.5966 0.0996 0.500000000000 0.000000000000 0.866025403784 6.6500
2.6195 0.0996 0.500000000000 0.224143868042 -0.836516303738 6.6500
2.6371 0.0996 0.500000000000 0.224143868042 0.836516303738 6.6500
2.7416 0.0996 0.500000000000 0.433012701892 -0.750000000000 6.6500
2.7709 0.0996 0.500000000000 0.433012701892 0.750000000000 6.6500
2.7570 0.0996 0.500000000000 0.612372435696 -0.612372435696 6.6500
2.7680 0.0996 0.500000000000 0.612372435696 0.612372435696 6.6500
2.9259 0.0996 0.500000000000 0.750000000000 -0.433012701892 6.6500
2.9349 0.0996 0.500000000000 0.750000000000 0.433012701892 6.6500
2.9538 0.0996 0.500000000000 0.836516303738 -0.224143868042 6.6500
2.9646 0.0996 0.500000000000 0.836516303738 0.224143868042 6.6500
2.9615 0.0996 0.500000000000 0.866025403784 0.000000000000 6.6500
2.9749 0.0996 0.573576436351 -0.819152044289 0.000000000000 6.6500
2.9779 0.0996 0.573576436351 -0.791240115236 -0.212012149897 6.6500
2.9680 0.0996 0.573576436351 -0.791240115236 0.212012149897 6.6500
2.9507 0.0996 0.573576436351 -0.709406479916 -0.409576022144 6.6500
2.9427 0.0996 0.573576436351 -0.709406479916 0.409576022144 6.6500
2.8025 0.0996 0.573576436351 -0.579227965340 -0.579227965340 6.6500
2.7913 0.0996 0.573576436351 -0.579227965340 0.579227965340 6.6500
2.8051 0.0996 0.573576436351 -0.409576022144 -0.709406479916 6.6500
2.7790 0.0996 0.573576436351 -0.409576022144 0.709406479916 6.6500
2.6857 0.0996 0.573576436351 -0.212012149897 -0.791240115236 6.6500
2.6685 0.0996 0.573576436351 -0.212012149897 0.791240115236 6.6500
2.6488 0.0996 0.573576436351 0.000000000000 -0.819152044289 6.6500
2.6482 0.0996 0.573576436351 0.000000000000 0.819152044289 6.6500
2.6687 0.0996 0.573576436351 0.212012149897 -0.791240115236 6.6500
2.6844 0.0996 0.573576436351 0.212012149897 0.791240115236 6.6500
2.7779 0.0996 0.573576436351 0.409576022144 -0.709406479916 6.6500
2.8041 0.0996 0.573576436351 0.409576022144 0.709406479916 6.6500
2.7918 0.0996 0.573576436351 0.579227965340 -0.579227965340 6.6500
2.8015 0.0996 0.573576436351 0.579227965340 0.579227965340 6.6500
2.9429 0.0996 0.573576436351 0.709406479916 -0.409576022144 6.6500
2.9509 0.0996 0.573576436351 0.709406479916 0.409576022144 6.6500
2.9678 0.0996 0.573576436351 0.791240115236 -0.212012149897 6.6500
2.9775 0.0996 0.573576436351 0.791240115236 0.212012149897 6.6500
2.9747 0.0996 0.573576436351 0.819152044289 0.000000000000 6.6500
2.9890 0.0996 0.642787609687 -0.766044443119 0.000000000000 6.6500
2.9916 0.0996 0.642787609687 -0.739942111694 -0.198266891274 6.6500
2.9830 0.0996 0.642787609687 -0.739942111694 0.198266891274 6.6500
2.9678 0.0996 0.642787609687 -0.663413948169 -0.383022221559 6.6500
2.9608 0.0996 0.642787609687 -0.663413948169 0.383022221559 6.6500
2.8383 0.0996 0.642787609687 -0.541675220420 -0.541675220420 6.6500
2.8283 0.0996 0.642787609687 -0.541675220420 0.541675220420 6.6500
2.8406 0.0996 0.642787609687 -0.383022221559 -0.663413948169 6.6500
2.8178 0.0996 0.642787609687 -0.383022221559 0.663413948169 6.6500
2.7362 0.0996 0.642787609687 -0.198266891274 -0.739942111694 6.6500
2.7210 0.0996 0.642787609687 -0.198266891274 0.739942111694 6.6500
2.7039 0.0996 0.642787609687 0.000000000000 -0.766044443119 6.6500
2.7032 0.0996 0.642787609687 0.000000009578 0.766044443119 6.6500
2.7212 0.0996 0.642787609687 0.198266891274 -0.739942111694 6.6500
2.7348 0.0996 0.642787609687 0.198266891274 0.739942111694 6.6500
2.8166 0.0996 0.642787609687 0.383022221559 -0.663413948169 6.6500
2.8395 0.0996 0.642787609687 0.383022221559 0.663413948169 6.6500
2.8289 0.0996 0.642787609687 0.541675220420 -0.541675220420 6.6500
2.8372 0.0996 0.642787609687 0.541675220420 0.541675220420 6.6500
2.9610 0.0996 0.642787609687 0.663413948169 -0.383022221559 6.6500
2.9680 0.0996 0.642787609687 0.663413948169 0.383022221559 6.6500
2.9828 0.0996 0.642787609687 0.739942111694 -0.198266891274 6.6500
2.9912 0.0996 0.642787609687 0.739942111694 0.198266891274 6.6500
2.9887 0.0996 0.642787609687 0.766044443119 0.000000000000 6.6500
3.0036 0.0996 0.707106781187 -0.707106781187 0.000000000000 6.6500
3.0058 0.0996 0.707106781187 -0.683012701892 -0.183012701892 6.6500
2.9984 0.0996 0.707106781187 -0.683012701892 0.183012701892 6.6500
2.9854 0.0996 0.707106781187 -0.612372435696 -0.353553390593 6.6500
2.9795 0.0996 0.707106781187 -0.612372435696 0.353553390593 6.6500
2.8752 0.0996 0.707106781187 -0.500000000000 -0.500000000000 6.6500
2.8666 0.0996 0.707106781187 -0.500000000000 0.500000000000 6.6500
2.8772 0.0996 0.707106781187 -0.353553390593 -0.612372435696 6.6500
2.8577 0.0996 0.707106781187 -0.353553390593 0.612372435696 6.6500
2.7882 0.0996 0.707106781187 -0.183012701892 -0.683012701892 6.6500
2.7752 0.0996 0.707106781187 -0.183012701892 0.683012701892 6.6500
2.7606 0.0996 0.707106781187 -0.000000010537 -0.707106781187 6.6500
2.7599 0.0996 0.707106781187 0.000000010537 0.707106781187 6.6500
2.7754 0.0996 0.707106781187 0.183012701892 -0.683012701892 6.6500
2.7868 0.0996 0.707106781187 0.183012701892 0.683012701892 6.6500
2.8566 0.0996 0.707106781187 0.353553390593 -0.612372435696 6.6500
2.8760 0.0996 0.707106781187 0.353553390593 0.612372435696 6.6500
2.8671 0.0996 0.707106781187 0.500000000000 -0.500000000000 6.6500
2.8741 0.0996 0.707106781187 0.500000000000 0.500000000000 6.6500
2.9796 0.0996 0.707106781187 0.612372435696 -0.353553390593 6.6500
2.9857 0.0996 0.707106781187 0.612372435696 0.353553390593 6.6500
2.9982 0.0996 0.707106781187 0.683012701892 -0.183012701892 6.6500
3.0054 0.0996 0.707106781187 0.683012701892 0.183012701892 6.6500
3.0033 0.0996 0.707106781187 0.707106781187 0.000000000000 6.6500
3.0181 0.0996 0.766044443119 -0.642787609687 0.000000000000 6.6500
3.0199 0.0996 0.766044443119 -0.620885153015 -0.166365675343 6.6500
3.0138 0.0996 0.766044443119 -0.620885153015 0.166365675343 6.6500
3.0030 0.0996 0.766044443119 -0.556670399226 -0.321393804843 6.6500
2.9982 0.0996 0.766044443119 -0.556670399226 0.321393804843 6.6500
2.9121 0.0996 0.766044443119 -0.454519477672 -0.454519477672 6.6500
2.9048 0.0996 0.766044443119 -0.454519477672 0.454519477672 6.6500
2.9137 0.0996 0.766044443119 -0.321393804843 -0.556670399226 6.6500
2.8976 0.0996 0.766044443119 -0.321393804843 0.556670399226 6.6500
2.8402 0.0996 0.766044443119 -0.166365675343 -0.620885153015 6.6500
2.8293 0.0996 0.766044443119 -0.166365675343 0.620885153015 6.6500
2.8174 0.0996 0.766044443119 -0.000000011415 -0.642787609687 6.6500
2.8167 0.0996 0.766044443119 0.000000000000 0.642787609687 6.6500
2.8295 0.0996 0.766044443119 0.166365675343 -0.620885153015 6.6500
2.8389 0.0996 0.766044443119 0.166365675343 0.620885153015 6.6500
2.8965 0.0996 0.766044443119 0.321393804843 -0.556670399226 6.6500
2.9126 0.0996 0.766044443119 0.321393804843 0.556670399226 6.6500
2.9054 0.0996 0.766044443119 0.454519477672 -0.454519477672 6.6500
2.9110 0.0996 0.766044443119 0.454519477672 0.454519477672 6.6500
2.9983 0.0996 0.766044443119 0.556670399226 -0.321393804843 6.6500
3.0033 0.0996 0.766044443119 0.556670399226 0.321393804843 6.6500
3.0136 0.0996 0.766044443119 0.620885153015 -0.166365675343 6.6500
3.0195 0.0996 0.766044443119 0.620885153015 0.166365675343 6.6500
3.0178 0.0996 0.766044443119 0.642787609687 0.000000000000 6.6500
3.0322 0.0996 0.819152044289 -0.573576436351 0.000000000000 6.6500
3.0337 0.0996 0.819152044289 -0.554032293222 -0.148452505550 6.6500
3.0288 0.0996 0.819152044289 -0.554032293222 0.148452505550 6.6500
3.0202 0.0996 0.819152044289 -0.496731764892 -0.286788218176 6.6500
3.0163 0.0996 0.819152044289 -0.496731764892 0.286788218176 6.6500
2.9478 0.0996 0.819152044289 -0.405579787673 -0.405579787673 6.6500
2.9419 0.0996 0.819152044289 -0.405579787673 0.405579787673 6.6500
2.9491 0.0996 0.819152044289 -0.286788218176 -0.496731764892 6.6500
2.9363 0.0996 0.819152044289 -0.286788218176 0.496731764892 6.6500
2.8906 0.0996 0.819152044289 -0.148452505550 -0.554032293222 6.6500
2.8818 0.0996 0.819152044289 -0.148452505550 0.554032293222 6.6500
2.8724 0.0996 0.819152044289 0.000000000000 -0.573576436351 6.6500
2.8717 0.0996 0.819152044289 0.000000000000 0.573576436351 6.6500
2.8820 0.0996 0.819152044289 0.148452505550 -0.554032293222 6.6500
2.8893 0.0996 0.819152044289 0.148452505550 0.554032293222 6.6500
2.9352 0.0996 0.819152044289 0.286788218176 -0.496731764892 6.6500
2.9481 0.0996 0.819152044289 0.286788218176 0.496731764892 6.6500
2.9424 0.0996 0.819152044289 0.405579787673 -0.405579787673 6.6500
2.9468 0.0996 0.819152044289 0.405579787673 0.405579787673 6.6500
3.0164 0.0996 0.819152044289 0.496731764892 -0.286788218176 6.6500
3.0204 0.0996 0.819152044289 0.496731764892 0.286788218176 6.6500
3.0286 0.0996 0.819152044289 0.554032293222 -0.148452505550 6.6500
3.0332 0.0996 0.819152044289 0.554032293222 0.148452505550 6.6500
3.0319 0.0996 0.819152044289 0.573576436351 0.000000000000 6.6500
3.0454 0.0996 0.866025403784 -0.500000000000 0.000000000000 6.6500
3.0465 0.0996 0.866025403784 -0.482962913145 -0.129409522551 6.6500
3.0428 0.0996 0.866025403784 -0.482962913145 0.129409522551 6.6500
3.0362 0.0996 0.866025403784 -0.433012701892 -0.250000000000 6.6500
3.0333 0.0996 0.866025403784 -0.433012701892 0.250000000000 6.6500
2.9813 0.0996 0.866025403784 -0.353553390593 -0.353553390593 6.6500
2.9767 0.0996 0.866025403784 -0.353553390593 0.353553390593 6.6500
2.9823 0.0996 0.866025403784 -0.250000000000 -0.433012701892 6.6500
2.9726 0.0996 0.866025403784 -0.250000000000 0.433012701892 6.6500
2.9379 0.0996 0.866025403784 -0.129409522551 -0.482962913145 6.6500
2.9311 0.0996 0.866025403784 -0.129409522551 0.482962913145 6.6500
2.9234 0.0996 0.866025403784 -0.000000012905 0.500000000000 6.6500
2.9240 0.0996 0.866025403784 0.000000000000 -0.500000000000 6.6500
2.9313 0.0996 0.866025403784 0.129409522551 -0.482962913145 6.6500
2.9367 0.0996 0.866025403784 0.129409522551 0.482962913145 6.6500
2.9716 0.0996 0.866025403784 0.250000000000 -0.433012701892 6.6500
2.9814 0.0996 0.866025403784 0.250000000000 0.433012701892 6.6500
2.9772 0.0996 0.866025403784 0.353553390593 -0.353553390593 6.6500
2.9804 0.0996 0.866025403784 0.353553390593 0.353553390593 6.6500
3.0334 0.0996 0.866025403784 0.433012701892 -0.250000000000 6.6500
3.0364 0.0996 0.866025403784 0.433012701892 0.250000000000 6.6500
3.0426 0.0996 0.866025403784 0.482962913145 -0.129409522551 6.6500
3.0461 0.0996 0.866025403784 0.482962913145 0.129409522551 6.6500
3.0451 0.0996 0.866025403784 0.500000000000 0.000000000000 6.6500
3.0573 0.0996 0.906307787037 -0.422618261741 0.000000000000 6.6500
3.0581 0.0996 0.906307787037 -0.408217893677 -0.109381654947 6.6500
3.0554 0.0996 0.906307787037 -0.408217893677 0.109381654947 6.6500
3.0507 0.0996 0.906307787037 -0.365998150771 -0.211309130870 6.6500
3.0486 0.0996 0.906307787037 -0.365998150771 0.211309130870 6.6500
3.0116 0.0996 0.906307787037 -0.298836238730 -0.298836238730 6.6500
3.0082 0.0996 0.906307787037 -0.298836238730 0.298836238730 6.6500
3.0123 0.0996 0.906307787037 -0.211309130870 -0.365998150771 6.6500
3.0054 0.0996 0.906307787037 -0.211309130870 0.365998150771 6.6500
2.9806 0.0996 0.906307787037 -0.109381654947 -0.408217893677 6.6500
2.9756 0.0996 0.906307787037 -0.109381654947 0.408217893677 6.6500
2.9706 0.0996 0.906307787037 0.000000000000 -0.422618261741 6.6500
2.9701 0.0996 0.906307787037 0.000000000000 0.422618261741 6.6500
2.9758 0.0996 0.906307787037 0.109381654947 -0.408217893677 6.6500
2.9795 0.0996 0.906307787037 0.109381654947 0.408217893677 6.6500
3.0045 0.0996 0.906307787037 0.211309130870 -0.365998150771 6.6500
3.0115 0.0996 0.906307787037 0.211309130870 0.365998150771 6.6500
3.0086 0.0996 0.906307787037 0.298836238730 -0.298836238730 6.6500
3.0108 0.0996 0.906307787037 0.298836238730 0.298836238730 6.6500
3.0487 0.0996 0.906307787037 0.365998150771 -0.211309130870 6.6500
3.0509 0.0996 0.906307787037 0.365998150771 0.211309130870 6.6500
3.0553 0.0996 0.906307787037 0.408217893677 -0.109381654947 6.6500
3.0578 0.0996 0.906307787037 0.408217893677 0.109381654947 6.6500
3.0571 0.0996 0.906307787037 0.422618261741 0.000000000000 6.6500
3.0676 0.0996 0.939692620786 -0.342020143326 0.000000000000 6.6500
3.0682 0.0996 0.939692620786 -0.330366089549 -0.088521326901 6.6500
3.0664 0.0996 0.939692620786 -0.330366089549 0.088521326901 6.6500
3.0633 0.0996 0.939692620786 -0.296198132726 -0.171010071663 6.6500
3.0619 0.0996 0.939692620786 -0.296198132726 0.171010071663 6.6500
3.0377 0.0996 0.939692620786 -0.241844762648 -0.241844762648 6.6500
3.0354 0.0996 0.939692620786 -0.241844762648 0.241844762648 6.6500
3.0382 0.0996 0.939692620786 -0.171010071663 -0.296198132726 6.6500
3.0337 0.0996 0.939692620786 -0.171010071663 0.296198132726 6.6500
3.0175 0.0996 0.939692620786 -0.088521326901 -0.330366089549 6.6500
3.0141 0.0996 0.939692620786 -0.088521326901 0.330366089549 6.6500
3.0109 0.0996 0.939692620786 0.000000000000 -0.342020143326 6.6500
3.0104 0.0996 0.939692620786 0.000000000000 0.342020143326 6.6500
3.0142 0.0996 0.939692620786 0.088521326901 -0.330366089549 6.6500
3.0166 0.0996 0.939692620786 0.088521326901 0.330366089549 6.6500
3.0329 0.0996 0.939692620786 0.171010071663 -0.296198132726 6.6500
3.0375 0.0996 0.939692620786 0.171010071663 0.296198132726 6.6500
3.0357 0.0996 0.939692620786 0.241844762648 -0.241844762648 6.6500
3.0371 0.0996 0.939692620786 0.241844762648 0.241844762648 6.6500
3.0620 0.0996 0.939692620786 0.296198132726 -0.171010071663 6.6500
3.0634 0.0996 0.939692620786 0.296198132726 0.171010071663 6.6500
3.0663 0.0996 0.939692620786 0.330366089549 -0.088521326901 6.6500
3.0679 0.0996 0.939692620786 0.330366089549 0.088521326901 6.6500
3.0674 0.0996 0.939692620786 0.342020143326 0.000000000000 6.6500
3.0760 0.0996 0.965925826289 -0.258819045103 0.000000000000 6.6500
3.0763 0.0996 0.965925826289 -0.250000000000 -0.066987298108 6.6500
3.0752 0.0996 0.965925826289 -0.250000000000 0.066987298108 6.6500
3.0734 0.0996 0.965925826289 -0.224143868042 -0.129409522551 6.6500
3.0726 0.0996 0.965925826289 -0.224143868042 0.129409522551 6.6500
3.0589 0.0996 0.965925826289 -0.183012701892 -0.183012701892 6.6500
3.0575 0.0996 0.965925826289 -0.183012701892 0.183012701892 6.6500
3.0592 0.0996 0.965925826289 -0.129409522551 -0.224143868042 6.6500
3.0566 0.0996 0.965925826289 -0.129409522551 0.224143868042 6.6500
3.0473 0.0996 0.965925826289 -0.066987298108 -0.250000000000 6.6500
3.0453 0.0996 0.965925826289 -0.066987298108 0.250000000000 6.6500
3.0435 0.0996 0.965925826289 0.000000000000 -0.258819045103 6.6500
3.0431 0.0996 0.965925826289 0.000000000000 0.258819045103 6.6500
3.0454 0.0996 0.965925826289 0.066987298108 -0.250000000000 6.6500
3.0466 0.0996 0.965925826289 0.066987298108 0.250000000000 6.6500
3.0560 0.0996 0.965925826289 0.129409522551 -0.224143868042 6.6500
3.0586 0.0996 0.965925826289 0.129409522551 0.224143868042 6.6500
3.0577 0.0996 0.965925826289 0.183012701892 -0.183012701892 6.6500
3.0584 0.0996 0.965925826289 0.183012701892 0.183012701892 6.6500
3.0727 0.0996 0.965925826289 0.224143868042 -0.129409522551 6.6500
3.0736 0.0996 0.965925826289 0.224143868042 0.129409522551 6.6500
3.0752 0.0996 0.965925826289 0.250000000000 -0.066987298108 6.6500
3.0761 0.0996 0.965925826289 0.250000000000 0.066987298108 6.6500
3.0758 0.0996 0.965925826289 0.258819045103 0.000000000000 6.6500
3.0821 0.0996 0.984807753012 -0.173648177667 0.000000000000 6.6500
3.0823 0.0996 0.984807753012 -0.167731259497 -0.044943455528 6.6500
3.0818 0.0996 0.984807753012 -0.167731259497 0.044943455528 6.6500
3.0809 0.0996 0.984807753012 -0.150383733180 -0.086824088833 6.6500
3.0806 0.0996 0.984807753012 -0.150383733180 0.086824088833 6.6500
3.0745 0.0996 0.984807753012 -0.122787803969 -0.122787803969 6.6500
3.0737 0.0996 0.984807753012 -0.122787803969 0.122787803969 6.6500
3.0746 0.0996 0.984807753012 -0.086824088833 -0.150383733180 6.6500
3.0734 0.0996 0.984807753012 -0.086824088833 0.150383733180 6.6500
3.0693 0.0996 0.984807753012 -0.044943455528 -0.167731259497 6.6500
3.0683 0.0996 0.984807753012 -0.044943455528 0.167731259497 6.6500
3.0675 0.0996 0.984807753012 0.000000000000 -0.173648177667 6.6500
3.0673 0.0996 0.984807753012 0.000000000000 0.173648177667 6.6500
3.0683 0.0996 0.984807753012 0.044943455528 -0.167731259497 6.6500
3.0688 0.0996 0.984807753012 0.044943455528 0.167731259497 6.6500
3.0730 0.0996 0.984807753012 0.086824088833 -0.150383733180 6.6500
3.0742 0.0996 0.984807753012 0.086824088833 0.150383733180 6.6500
3.0739 0.0996 0.984807753012 0.122787803969 -0.122787803969 6.6500
3.0741 0.0996 0.984807753012 0.122787803969 0.122787803969 6.6500
3.0806 0.0996 0.984807753012 0.150383733180 -0.086824088833 6.6500
3.0810 0.0996 0.984807753012 0.150383733180 0.086824088833 6.6500
3.0817 0.0996 0.984807753012 0.167731259497 -0.044943455528 6.6500
3.0821 0.0996 0.984807753012 0.167731259497 0.044943455528 6.6500
3.0820 0.0996 0.984807753012 0.173648177667 0.000000000000 6.6500
3.0858 0.0996 0.996194698092 -0.087155742748 0.000000000000 6.6500
3.0859 0.0996 0.996194698092 -0.084185982829 -0.022557566113 6.6500
3.0858 0.0996 0.996194698092 -0.084185982829 0.022557566113 6.6500
3.0855 0.0996 0.996194698092 -0.075479087305 -0.043577871374 6.6500
3.0854 0.0996 0.996194698092 -0.075479087305 0.043577871374 6.6500
3.0840 0.0996 0.996194698092 -0.061628416716 -0.061628416716 6.6500
3.0837 0.0996 0.996194698092 -0.061628416716 0.061628416716 6.6500
3.0840 0.0996 0.996194698092 -0.043577871374 -0.075479087305 6.6500
3.0837 0.0996 0.996194698092 -0.043577871374 0.075479087305 6.6500
3.0827 0.0996 0.996194698092 -0.022557566113 -0.084185982829 6.6500
3.0823 0.0996 0.996194698092 -0.022557566113 0.084185982829 6.6500
3.0821 0.0996 0.996194698092 -0.000000014844 0.087155742748 6.6500
3.0822 0.0996 0.996194698092 0.000000000000 -0.087155742748 6.6500
3.0824 0.0996 0.996194698092 0.022557566113 -0.084185982829 6.6500
3.0824 0.0996 0.996194698092 0.022557566113 0.084185982829 6.6500
3.0835 0.0996 0.996194698092 0.043577871374 -0.075479087305 6.6500
3.0838 0.0996 0.996194698092 0.043577871374 0.075479087305 6.6500
3.0838 0.0996 0.996194698092 0.061628416716 -0.061628416716 6.6500
3.0838 0.0996 0.996194698092 0.061628416716 0.061628416716 6.6500
3.0855 0.0996 0.996194698092 0.075479087305 -0.043577871374 6.6500
3.0856 0.0996 0.996194698092 0.075479087305 0.043577871374 6.6500
3.0857 0.0996 0.996194698092 0.084185982829 -0.022557566113 6.6500
3.0858 0.0996 0.996194698092 0.084185982829 0.022557566113 6.6500
3.0858 0.0996 0.996194698092 0.087155742748 0.000000000000 6.6500
3.0871 0.0996 1.000000000000 0.000000000000 0.000000000000 6.6500
