4.3214 0.1402 -1.000000000000 0.000000000000 0.000000000000 8.5000
4.3199 0.1402 -0.996194698092 -0.087155742748 0.000000000000 8.5000
4.3197 0.1402 -0.996194698092 -0.084185982829 -0.022557566113 8.5000
4.3198 0.1402 -0.996194698092 -0.084185982829 0.022557566113 8.5000
4.3191 0.1402 -0.996194698092 -0.075479087305 -0.043577871374 8.5000
4.3193 0.1402 -0.996194698092 -0.075479087305 0.043577871374 8.5000
4.3175 0.1402 -0.996194698092 -0.061628416716 -0.061628416716 8.5000
4.3177 0.1402 -0.996194698092 -0.061628416716 0.061628416716 8.5000
4.3172 0.1402 -0.996194698092 -0.043577871374 -0.075479087305 8.5000
4.3170 0.1402 -0.996194698092 -0.043577871374 0.075479087305 8.5000
4.3154 0.1402 -0.996194698092 -0.022557566113 -0.084185982829 8.5000
4.3155 0.1402 -0.996194698092 -0.022557566113 0.084185982829 8.5000
4.3151 0.1402 -0.996194698092 0.000000000000 -0.087155742748 8.5000
4.3149 0.1402 -0.996194698092 0.000000014844 0.087155742748 8.5000
4.3157 0.1402 -0.996194698092 0.022557566113 -0.084185982829 8.5000
4.3154 0.1402 -0.996194698092 0.022557566113 0.084185982829 8.5000
4.3168 0.1402 -0.996194698092 0.043577871374 -0.075479087305 8.5000
4.3170 0.1402 -0.996194698092 0.043577871374 0.075479087305 8.5000
4.3174 0.1402 -0.996194698092 0.061628416716 -0.061628416716 8.5000
4.3177 0.1402 -0.996194698092 0.061628416716 0.061628416716 8.5000
4.3193 0.1402 -0.996194698092 0.075479087305 -0.043577871374 8.5000
4.3193 0.1402 -0.996194698092 0.075479087305 0.043577871374 8.5000
4.3197 0.1402 -0.996194698092 0.084185982829 -0.022557566113 8.5000
4.3197 0.1402 -0.996194698092 0.084185982829 0.022557566113 8.5000
4.3200 0.1402 -0.996194698092 0.087155742748 0.000000000000 8.5000
4.3153 0.1402 -0.984807753012 -0.173648177667 0.000000000000 8.5000
4.3144 0.1402 -0.984807753012 -0.167731259497 -0.044943455528 8.5000
4.3148 0.1402 -0.984807753012 -0.167731259497 0.044943455528 8.5000
4.3125 0.1402 -0.984807753012 -0.150383733180 -0.086824088833 8.5000
4.3131 0.1402 -0.984807753012 -0.150383733180 0.086824088833 8.5000
4.3060 0.1402 -0.984807753012 -0.122787803969 -0.122787803969 8.5000
4.3063 0.1402 -0.984807753012 -0.122787803969 0.122787803969 8.5000
4.3043 0.1402 -0.984807753012 -0.086824088833 -0.150383733180 8.5000
4.3036 0.1402 -0.984807753012 -0.086824088833 0.150383733180 8.5000
4.2975 0.1402 -0.984807753012 -0.044943455528 -0.167731259497 8.5000
4.2979 0.1402 -0.984807753012 -0.044943455528 0.167731259497 8.5000
4.2960 0.1402 -0.984807753012 0.000000000000 -0.173648177667 8.5000
4.2956 0.1402 -0.984807753012 0.000000000000 0.173648177667 8.5000
4.2984 0.1402 -0.984807753012 0.044943455528 -0.167731259497 8.5000
4.2974 0.1402 -0.984807753012 0.044943455528 0.167731259497 8.5000
4.3033 0.1402 -0.984807753012 0.086824088833 -0.150383733180 8.5000
4.3039 0.1402 -0.984807753012 0.086824088833 0.150383733180 8.5000
4.3057 0.1402 -0.984807753012 0.122787803969 -0.122787803969 8.5000
4.3063 0.1402 -0.984807753012 0.122787803969 0.122787803969 8.5000
4.3131 0.1402 -0.984807753012 0.150383733180 -0.086824088833 8.5000
4.3128 0.1402 -0.984807753012 0.150383733180 0.086824088833 8.5000
4.3146 0.1402 -0.984807753012 0.167731259497 -0.044943455528 8.5000
4.3145 0.1402 -0.984807753012 0.167731259497 0.044943455528 8.5000
4.3156 0.1402 -0.984807753012 0.173648177667 0.000000000000 8.5000
4.3080 0.1402 -0.965925826289 -0.258819045103 0.000000000000 8.5000
4.3058 0.1402 -0.965925826289 -0.250000000000 -0.066987298108 8.5000
4.3066 0.1402 -0.965925826289 -0.250000000000 0.066987298108 8.5000
4.3016 0.1402 -0.965925826289 -0.224143868042 -0.129409522551 8.5000
4.3029 0.1402 -0.965925826289 -0.224143868042 0.129409522551 8.5000
4.2872 0.1402 -0.965925826289 -0.183012701892 -0.183012701892 8.5000
4.2875 0.1402 -0.965925826289 -0.183012701892 0.183012701892 8.5000
4.2832 0.1402 -0.965925826289 -0.129409522551 -0.224143868042 8.5000
4.2817 0.1402 -0.965925826289 -0.129409522551 0.224143868042 8.5000
4.2683 0.1402 -0.965925826289 -0.066987298108 -0.250000000000 8.5000
4.2694 0.1402 -0.965925826289 -0.066987298108 0.250000000000 8.5000
4.2648 0.1402 -0.965925826289 0.000000000000 -0.258819045103 8.5000
4.2643 0.1402 -0.965925826289 0.000000014393 0.258819045103 8.5000
4.2701 0.1402 -0.965925826289 0.066987298108 -0.250000000000 8.5000
4.2681 0.1402 -0.965925826289 0.066987298108 0.250000000000 8.5000
4.2813 0.1402 -0.965925826289 0.129409522551 -0.224143868042 8.5000
4.2826 0.1402 -0.965925826289 0.129409522551 0.224143868042 8.5000
4.2867 0.1402 -0.965925826289 0.183012701892 -0.183012701892 8.5000
4.2876 0.1402 -0.965925826289 0.183012701892 0.183012701892 8.5000
4.3029 0.1402 -0.965925826289 0.224143868042 -0.129409522551 8.5000
4.3020 0.1402 -0.965925826289 0.224143868042 0.129409522551 8.5000
4.3063 0.1402 -0.965925826289 0.250000000000 -0.066987298108 8.5000
4.3059 0.1402 -0.965925826289 0.250000000000 0.066987298108 8.5000
4.3083 0.1402 -0.965925826289 0.258819045103 0.000000000000 8.5000
4.2980 0.1402 -0.939692620786 -0.342020143326 0.000000000000 8.5000
4.2942 0.1402 -0.939692620786 -0.330366089549 -0.088521326901 8.5000
4.2955 0.1402 -0.939692620786 -0.330366089549 0.088521326901 8.5000
4.2869 0.1402 -0.939692620786 -0.296198132726 -0.171010071663 8.5000
4.2890 0.1402 -0.939692620786 -0.296198132726 0.171010071663 8.5000
4.2617 0.1402 -0.939692620786 -0.241844762648 -0.241844762648 8.5000
4.2620 0.1402 -0.939692620786 -0.241844762648 0.241844762648 8.5000
4.2545 0.1402 -0.939692620786 -0.171010071663 -0.296198132726 8.5000
4.2519 0.1402 -0.939692620786 -0.171010071663 0.296198132726 8.5000
4.2285 0.1402 -0.939692620786 -0.088521326901 -0.330366089549 8.5000
4.2307 0.1402 -0.939692620786 -0.088521326901 0.330366089549 8.5000
4.2217 0.1402 -0.939692620786 0.000000000000 0.342020143326 8.5000
4.2224 0.1402 -0.939692620786 0.000000014003 -0.342020143326 8.5000
4.2316 0.1402 -0.939692620786 0.088521326901 -0.330366089549 8.5000
4.2283 0.1402 -0.939692620786 0.088521326901 0.330366089549 8.5000
4.2514 0.1402 -0.939692620786 0.171010071663 -0.296198132726 8.5000
4.2538 0.1402 -0.939692620786 0.171010071663 0.296198132726 8.5000
4.2610 0.1402 -0.939692620786 0.241844762648 -0.241844762648 8.5000
4.2623 0.1402 -0.939692620786 0.241844762648 0.241844762648 8.5000
4.2891 0.1402 -0.939692620786 0.296198132726 -0.171010071663 8.5000
4.2875 0.1402 -0.939692620786 0.296198132726 0.171010071663 8.5000
4.2951 0.1402 -0.939692620786 0.330366089549 -0.088521326901 8.5000
4.2943 0.1402 -0.939692620786 0.330366089549 0.088521326901 8.5000
4.2984 0.1402 -0.939692620786 0.342020143326 0.000000000000 8.5000
4.2857 0.1402 -0.906307787037 -0.422618261741 0.000000000000 8.5000
4.2798 0.1402 -0.906307787037 -0.408217893677 -0.109381654947 8.5000
4.2818 0.1402 -0.906307787037 -0.408217893677 0.109381654947 8.5000
4.2688 0.1402 -0.906307787037 -0.365998150771 -0.211309130870 8.5000
4.2720 0.1402 -0.906307787037 -0.365998150771 0.211309130870 8.5000
4.2304 0.1402 -0.906307787037 -0.298836238730 -0.298836238730 8.5000
4.2306 0.1402 -0.906307787037 -0.298836238730 0.298836238730 8.5000
4.2191 0.1402 -0.906307787037 -0.211309130870 -0.365998150771 8.5000
4.2152 0.1402 -0.906307787037 -0.211309130870 0.365998150771 8.5000
4.1795 0.1402 -0.906307787037 -0.109381654947 -0.408217893677 8.5000
4.1831 0.1402 -0.906307787037 -0.109381654947 0.408217893677 8.5000
4.1701 0.1402 -0.906307787037 0.000000000000 -0.422618261741 8.5000
4.1693 0.1402 -0.906307787037 0.000000000000 0.422618261741 8.5000
4.1841 0.1402 -0.906307787037 0.109381654947 -0.408217893677 8.5000
4.1793 0.1402 -0.906307787037 0.109381654947 0.408217893677 8.5000
4.2146 0.1402 -0.906307787037 0.211309130870 -0.365998150771 8.5000
4.2182 0.1402 -0.906307787037 0.211309130870 0.365998150771 8.5000
4.2293 0.1402 -0.906307787037 0.298836238730 -0.298836238730 8.5000
4.2310 0.1402 -0.906307787037 0.298836238730 0.298836238730 8.5000
4.2720 0.1402 -0.906307787037 0.365998150771 -0.211309130870 8.5000
4.2695 0.1402 -0.906307787037 0.365998150771 0.211309130870 8.5000
4.2814 0.1402 -0.906307787037 0.408217893677 -0.109381654947 8.5000
4.2800 0.1402 -0.906307787037 0.408217893677 0.109381654947 8.5000
4.2862 0.1402 -0.906307787037 0.422618261741 0.000000000000 8.5000
4.2714 0.1402 -0.866025403784 -0.500000000000 0.000000000000 8.5000
4.2632 0.1402 -0.866025403784 -0.482962913145 -0.129409522551 8.5000
4.2659 0.1402 -0.866025403784 -0.482962913145 0.129409522551 8.5000
4.2478 0.1402 -0.866025403784 -0.433012701892 -0.250000000000 8.5000
4.2522 0.1402 -0.866025403784 -0.433012701892 0.250000000000 8.5000
4.1940 0.1402 -0.866025403784 -0.353553390593 -0.353553390593 8.5000
4.1941 0.1402 -0.866025403784 -0.353553390593 0.353553390593 8.5000
4.1781 0.1402 -0.866025403784 -0.250000000000 -0.433012701892 8.5000
4.1727 0.1402 -0.866025403784 -0.250000000000 0.433012701892 8.5000
4.1228 0.1402 -0.866025403784 -0.129409522551 -0.482962913145 8.5000
4.1279 0.1402 -0.866025403784 -0.129409522551 0.482962913145 8.5000
4.1094 0.1402 -0.866025403784 0.000000000000 -0.500000000000 8.5000
4.1085 0.1402 -0.866025403784 0.000000000000 0.500000000000 8.5000
4.1291 0.1402 -0.866025403784 0.129409522551 -0.482962913145 8.5000
4.1225 0.1402 -0.866025403784 0.129409522551 0.482962913145 8.5000
4.1719 0.1402 -0.866025403784 0.250000000000 -0.433012701892 8.5000
4.1771 0.1402 -0.866025403784 0.250000000000 0.433012701892 8.5000
4.1927 0.1402 -0.866025403784 0.353553390593 -0.353553390593 8.5000
4.1948 0.1402 -0.866025403784 0.353553390593 0.353553390593 8.5000
4.2523 0.1402 -0.866025403784 0.433012701892 -0.250000000000 8.5000
4.2486 0.1402 -0.866025403784 0.433012701892 0.250000000000 8.5000
4.2654 0.1402 -0.866025403784 0.482962913145 -0.129409522551 8.5000
4.2634 0.1402 -0.866025403784 0.482962913145 0.129409522551 8.5000
4.2720 0.1402 -0.866025403784 0.500000000000 0.000000000000 8.5000
4.2557 0.1402 -0.819152044289 -0.573576436351 0.000000000000 8.5000
4.2448 0.1402 -0.819152044289 -0.554032293222 -0.148452505550 8.5000
4.2482 0.1402 -0.819152044289 -0.554032293222 0.148452505550 8.5000
4.2246 0.1402 -0.819152044289 -0.496731764892 -0.286788218176 8.5000
4.2304 0.1402 -0.819152044289 -0.496731764892 0.286788218176 8.5000
4.1539 0.1402 -0.819152044289 -0.405579787673 -0.405579787673 8.5000
4.1537 0.1402 -0.819152044289 -0.405579787673 0.405579787673 8.5000
4.1326 0.1402 -0.819152044289 -0.286788218176 -0.496731764892 8.5000
4.1256 0.1402 -0.819152044289 -0.286788218176 0.496731764892 8.5000
4.0600 0.1402 -0.819152044289 -0.148452505550 -0.554032293222 8.5000
4.0669 0.1402 -0.819152044289 -0.148452505550 0.554032293222 8.5000
4.0424 0.1402 -0.819152044289 -0.000000000000 -0.573576436351 8.5000
4.0414 0.1402 -0.819152044289 0.000000000000 0.573576436351 8.5000
4.0682 0.1402 -0.819152044289 0.148452505550 -0.554032293222 8.5000
4.0597 0.1402 -0.819152044289 0.148452505550 0.554032293222 8.5000
4.1248 0.1402 -0.819152044289 0.286788218176 -0.496731764892 8.5000
4.1316 0.1402 -0.819152044289 0.286788218176 0.496731764892 8.5000
4.1522 0.1402 -0.819152044289 0.405579787673 -0.405579787673 8.5000
4.1547 0.1402 -0.819152044289 0.405579787673 0.405579787673 8.5000
4.2304 0.1402 -0.819152044289 0.496731764892 -0.286788218176 8.5000
4.2255 0.1402 -0.819152044289 0.496731764892 0.286788218176 8.5000
4.2477 0.1402 -0.819152044289 0.554032293222 -0.148452505550 8.5000
4.2450 0.1402 -0.819152044289 0.554032293222 0.148452505550 8.5000
4.2563 0.1402 -0.819152044289 0.573576436351 0.000000000000 8.5000
4.2389 0.1402 -0.766044443119 -0.642787609687 0.000000000000 8.5000
4.2252 0.1402 -0.766044443119 -0.620885153015 -0.166365675343 8.5000
4.2294 0.1402 -0.766044443119 -0.620885153015 0.166365675343 8.5000
4.2000 0.1402 -0.766044443119 -0.556670399226 -0.321393804843 8.5000
4.2071 0.1402 -0.766044443119 -0.556670399226 0.321393804843 8.5000
4.1111 0.1402 -0.766044443119 -0.454519477672 -0.454519477672 8.5000
4.1106 0.1402 -0.766044443119 -0.454519477672 0.454519477672 8.5000
4.0842 0.1402 -0.766044443119 -0.321393804843 -0.556670399226 8.5000
4.0754 0.1402 -0.766044443119 -0.321393804843 0.556670399226 8.5000
3.9931 0.1402 -0.766044443119 -0.166365675343 -0.620885153015 8.5000
4.0019 0.1402 -0.766044443119 -0.166365675343 0.620885153015 8.5000
3.9708 0.1402 -0.766044443119 -0.000000011415 -0.642787609687 8.5000
3.9698 0.1402 -0.766044443119 0.000000011415 0.642787609687 8.5000
4.0033 0.1402 -0.766044443119 0.166365675343 -0.620885153015 8.5000
3.9927 0.1402 -0.766044443119 0.166365675343 0.620885153015 8.5000
4.0745 0.1402 -0.766044443119 0.321393804843 -0.556670399226 8.5000
4.0832 0.1402 -0.766044443119 0.321393804843 0.556670399226 8.5000
4.1090 0.1402 -0.766044443119 0.454519477672 -0.454519477672 8.5000
4.1120 0.1402 -0.766044443119 0.454519477672 0.454519477672 8.5000
4.2072 0.1402 -0.766044443119 0.556670399226 -0.321393804843 8.5000
4.2008 0.1402 -0.766044443119 0.556670399226 0.321393804843 8.5000
4.2289 0.1402 -0.766044443119 0.620885153015 -0.166365675343 8.5000
4.2254 0.1402 -0.766044443119 0.620885153015 0.166365675343 8.5000
4.2396 0.1402 -0.766044443119 0.642787609687 0.000000000000 8.5000
4.2217 0.1402 -0.707106781187 -0.707106781187 0.000000000000 8.5000
4.2050 0.1402 -0.707106781187 -0.683012701892 -0.183012701892 8.5000
4.2101 0.1402 -0.707106781187 -0.683012701892 0.183012701892 8.5000
4.1745 0.1402 -0.707106781187 -0.612372435696 -0.353553390593 8.5000
4.1831 0.1402 -0.707106781187 -0.612372435696 0.353553390593 8.5000
4.0670 0.1402 -0.707106781187 -0.500000000000 -0.500000000000 8.5000
4.0661 0.1402 -0.707106781187 -0.500000000000 0.500000000000 8.5000
4.0343 0.1402 -0.707106781187 -0.353553390593 -0.612372435696 8.5000
4.0236 0.1402 -0.707106781187 -0.353553390593 0.612372435696 8.5000
3.9240 0.1402 -0.707106781187 -0.183012701892 -0.683012701892 8.5000
3.9349 0.1402 -0.707106781187 -0.183012701892 0.683012701892 8.5000
3.8971 0.1402 -0.707106781187 -0.000000000000 -0.707106781187 8.5000
3.8960 0.1402 -0.707106781187 0.000000000000 0.707106781187 8.5000
3.9363 0.1402 -0.707106781187 0.183012701892 -0.683012701892 8.5000
3.9237 0.1402 -0.707106781187 0.183012701892 0.683012701892 8.5000
4.0227 0.1402 -0.707106781187 0.353553390593 -0.612372435696 8.5000
4.0332 0.1402 -0.707106781187 0.353553390593 0.612372435696 8.5000
4.0645 0.1402 -0.707106781187 0.500000000000 -0.500000000000 8.5000
4.0679 0.1402 -0.707106781187 0.500000000000 0.500000000000 8.5000
4.1831 0.1402 -0.707106781187 0.612372435696 -0.353553390593 8.5000
4.1754 0.1402 -0.707106781187 0.612372435696 0.353553390593 8.5000
4.2095 0.1402 -0.707106781187 0.683012701892 -0.183012701892 8.5000
4.2052 0.1402 -0.707106781187 0.683012701892 0.183012701892 8.5000
4.2223 0.1402 -0.707106781187 0.707106781187 0.000000000000 8.5000
4.2044 0.1402 -0.642787609687 -0.766044443119 0.000000000000 8.5000
4.1848 0.1402 -0.642787609687 -0.739942111694 -0.198266891274 8.5000
4.1907 0.1402 -0.642787609687 -0.739942111694 0.198266891274 8.5000
4.1491 0.1402 -0.642787609687 -0.663413948169 -0.383022221559 8.5000
4.1590 0.1402 -0.642787609687 -0.663413948169 0.383022221559 8.5000
4.0229 0.1402 -0.642787609687 -0.541675220420 -0.541675220420 8.5000
4.0217 0.1402 -0.642787609687 -0.541675220420 0.541675220420 8.5000
3.9843 0.1402 -0.642787609687 -0.383022221559 -0.663413948169 8.5000
3.9718 0.1402 -0.642787609687 -0.383022221559 0.663413948169 8.5000
3.8550 0.1402 -0.642787609687 -0.198266891274 -0.739942111694 8.5000
3.8679 0.1402 -0.642787609687 -0.198266891274 0.739942111694 8.5000
3.8233 0.1402 -0.642787609687 -0.000000000000 -0.766044443119 8.5000
3.8223 0.1402 -0.642787609687 0.000000000000 0.766044443119 8.5000
3.8693 0.1402 -0.642787609687 0.198266891274 -0.739942111694 8.5000
3.8547 0.1402 -0.642787609687 0.198266891274 0.739942111694 8.5000
3.9710 0.1402 -0.642787609687 0.383022221559 -0.663413948169 8.5000
3.9832 0.1402 -0.642787609687 0.383022221559 0.663413948169 8.5000
4.0201 0.1402 -0.642787609687 0.541675220420 -0.541675220420 8.5000
4.0237 0.1402 -0.642787609687 0.541675220420 0.541675220420 8.5000
4.1591 0.1402 -0.642787609687 0.663413948169 -0.383022221559 8.5000
4.1500 0.1402 -0.642787609687 0.663413948169 0.383022221559 8.5000
4.1902 0.1402 -0.642787609687 0.739942111694 -0.198266891274 8.5000
4.1850 0.1402 -0.642787609687 0.739942111694 0.198266891274 8.5000
4.2051 0.1402 -0.642787609687 0.766044443119 0.000000000000 8.5000
4.1877 0.1402 -0.573576436351 -0.819152044289 0.000000000000 8.5000
4.1652 0.1402 -0.573576436351 -0.791240115236 -0.212012149897 8.5000
4.1719 0.1402 -0.573576436351 -0.791240115236 0.212012149897 8.5000
4.1245 0.1402 -0.573576436351 -0.709406479916 -0.409576022144 8.5000
4.1357 0.1402 -0.573576436351 -0.709406479916 0.409576022144 8.5000
3.9801 0.1402 -0.573576436351 -0.579227965340 -0.579227965340 8.5000
3.9785 0.1402 -0.573576436351 -0.579227965340 0.579227965340 8.5000
3.9358 0.1402 -0.573576436351 -0.409576022144 -0.709406479916 8.5000
3.9216 0.1402 -0.573576436351 -0.409576022144 0.709406479916 8.5000
3.7880 0.1402 -0.573576436351 -0.212012149897 -0.791240115236 8.5000
3.8030 0.1402 -0.573576436351 -0.212012149897 0.791240115236 8.5000
3.7517 0.1402 -0.573576436351 -0.000000000000 -0.819152044289 8.5000
3.7507 0.1402 -0.573576436351 0.000000000000 0.819152044289 8.5000
3.8043 0.1402 -0.573576436351 0.212012149897 -0.791240115236 8.5000
3.7877 0.1402 -0.573576436351 0.212012149897 0.791240115236 8.5000
3.9208 0.1402 -0.573576436351 0.409576022144 -0.709406479916 8.5000
3.9348 0.1402 -0.573576436351 0.409576022144 0.709406479916 8.5000
3.9770 0.1402 -0.573576436351 0.579227965340 -0.579227965340 8.5000
3.9810 0.1402 -0.573576436351 0.579227965340 0.579227965340 8.5000
4.1358 0.1402 -0.573576436351 0.709406479916 -0.409576022144 8.5000
4.1253 0.1402 -0.573576436351 0.709406479916 0.409576022144 8.5000
4.1714 0.1402 -0.573576436351 0.791240115236 -0.212012149897 8.5000
4.1654 0.1402 -0.573576436351 0.791240115236 0.212012149897 8.5000
4.1883 0.1402 -0.573576436351 0.819152044289 0.000000000000 8.5000
4.1720 0.1402 -0.500000000000 -0.866025403784 0.000000000000 8.5000
4.1469 0.1402 -0.500000000000 -0.836516303738 -0.224143868042 8.5000
4.1542 0.1402 -0.500000000000 -0.836516303738 0.224143868042 8.5000
4.1014 0.1402 -0.500000000000 -0.750000000000 -0.433012701892 8.5000
4.1139 0.1402 -0.500000000000 -0.750000000000 0.433012701892 8.5000
3.9400 0.1402 -0.500000000000 -0.612372435696 -0.612372435696 8.5000
3.9380 0.1402 -0.500000000000 -0.612372435696 0.612372435696 8.5000
3.8903 0.1402 -0.500000000000 -0.433012701892 -0.750000000000 8.5000
3.8745 0.1402 -0.500000000000 -0.433012701892 0.750000000000 8.5000
3.7252 0.1402 -0.500000000000 -0.224143868042 -0.836516303738 8.5000
3.7421 0.1402 -0.500000000000 -0.224143868042 0.836516303738 8.5000
3.6846 0.1402 -0.500000000000 -0.000000000000 -0.866025403784 8.5000
3.6837 0.1402 -0.500000000000 0.000000000000 0.866025403784 8.5000
3.7433 0.1402 -0.500000000000 0.224143868042 -0.836516303738 8.5000
3.7249 0.1402 -0.500000000000 0.224143868042 0.836516303738 8.5000
3.8737 0.1402 -0.500000000000 0.433012701892 -0.750000000000 8.5000
3.8894 0.1402 -0.500000000000 0.433012701892 0.750000000000 8.5000
3.9366 0.1402 -0.500000000000 0.612372435696 -0.612372435696 8.5000
3.9408 0.1402 -0.500000000000 0.612372435696 0.612372435696 8.5000
4.1139 0.1402 -0.500000000000 0.750000000000 -0.433012701892 8.5000
4.1021 0.1402 -0.500000000000 0.750000000000 0.433012701892 8.5000
4.1537 0.1402 -0.500000000000 0.836516303738 -0.224143868042 8.5000
4.1470 0.1402 -0.500000000000 0.836516303738 0.224143868042 8.5000
4.1726 0.1402 -0.500000000000 0.866025403784 0.000000000000 8.5000
4.1578 0.1402 -0.422618261741 -0.906307787037 0.000000000000 8.5000
4.1303 0.1402 -0.422618261741 -0.875426098066 -0.234569716010 8.5000
4.1382 0.1402 -0.422618261741 -0.875426098066 0.234569716010 8.5000
4.0805 0.1402 -0.422618261741 -0.784885567221 -0.453153893518 8.5000
4.0941 0.1402 -0.422618261741 -0.784885567221 0.453153893518 8.5000
3.9038 0.1402 -0.422618261741 -0.640856382056 -0.640856382056 8.5000
3.9013 0.1402 -0.422618261741 -0.640856382056 0.640856382056 8.5000
3.8492 0.1402 -0.422618261741 -0.453153893518 -0.784885567221 8.5000
3.8318 0.1402 -0.422618261741 -0.453153893518 0.784885567221 8.5000
3.6684 0.1402 -0.422618261741 -0.234569716010 -0.875426098066 8.5000
3.6871 0.1402 -0.422618261741 -0.234569716010 0.875426098066 8.5000
3.6238 0.1402 -0.422618261741 -0.000000006298 -0.906307787037 8.5000
3.6230 0.1402 -0.422618261741 0.000000000000 0.906307787037 8.5000
3.6881 0.1402 -0.422618261741 0.234569716010 -0.875426098066 8.5000
3.6682 0.1402 -0.422618261741 0.234569716010 0.875426098066 8.5000
3.8311 0.1402 -0.422618261741 0.453153893518 -0.784885567221 8.5000
3.8484 0.1402 -0.422618261741 0.453153893518 0.784885567221 8.5000
3.9001 0.1402 -0.422618261741 0.640856382056 -0.640856382056 8.5000
3.9045 0.1402 -0.422618261741 0.640856382056 0.640856382056 8.5000
4.0942 0.1402 -0.422618261741 0.784885567221 -0.453153893518 8.5000
4.0812 0.1402 -0.422618261741 0.784885567221 0.453153893518 8.5000
4.1378 0.1402 -0.422618261741 0.875426098066 -0.234569716010 8.5000
4.1304 0.1402 -0.422618261741 0.875426098066 0.234569716010 8.5000
4.1583 0.1402 -0.422618261741 0.906307787037 0.000000000000 8.5000
4.1456 0.1402 -0.342020143326 -0.939692620786 0.000000000000 8.5000
4.1159 0.1402 -0.342020143326 -0.907673371190 -0.243210346802 8.5000
4.1245 0.1402 -0.342020143326 -0.907673371190 0.243210346802 8.5000
4.0625 0.1402 -0.342020143326 -0.813797681349 -0.469846310393 8.5000
4.0771 0.1402 -0.342020143326 -0.813797681349 0.469846310393 8.5000
3.8725 0.1402 -0.342020143326 -0.664463024389 -0.664463024389 8.5000
3.8697 0.1402 -0.342020143326 -0.664463024389 0.664463024389 8.5000
3.8137 0.1402 -0.342020143326 -0.469846310393 -0.813797681349 8.5000
3.7950 0.1402 -0.342020143326 -0.469846310393 0.813797681349 8.5000
3.6194 0.1402 -0.342020143326 -0.243210346802 -0.907673371190 8.5000
3.6396 0.1402 -0.342020143326 -0.243210346802 0.907673371190 8.5000
3.5714 0.1402 -0.342020143326 -0.000000000000 -0.939692620786 8.5000
3.5707 0.1402 -0.342020143326 0.000000005096 0.939692620786 8.5000
3.6405 0.1402 -0.342020143326 0.243210346802 -0.907673371190 8.5000
3.6192 0.1402 -0.342020143326 0.243210346802 0.907673371190 8.5000
3.7944 0.1402 -0.342020143326 0.469846310393 -0.813797681349 8.5000
3.8130 0.1402 -0.342020143326 0.469846310393 0.813797681349 8.5000
3.8686 0.1402 -0.342020143326 0.664463024389 -0.664463024389 8.5000
3.8731 0.1402 -0.342020143326 0.664463024389 0.664463024389 8.5000
4.0771 0.1402 -0.342020143326 0.813797681349 -0.469846310393 8.5000
4.0631 0.1402 -0.342020143326 0.813797681349 0.469846310393 8.5000
4.1241 0.1402 -0.342020143326 0.907673371190 -0.243210346802 8.5000
4.1160 0.1402 -0.342020143326 0.907673371190 0.243210346802 8.5000
4.1460 0.1402 -0.342020143326 0.939692620786 0.000000000000 8.5000
4.1357 0.1402 -0.258819045103 -0.965925826289 0.000000000000 8.5000
4.1043 0.1402 -0.258819045103 -0.933012701892 -0.250000000000 8.5000
4.1133 0.1402 -0.258819045103 -0.933012701892 0.250000000000 8.5000
4.0479 0.1402 -0.258819045103 -0.836516303738 -0.482962913145 8.5000
4.0633 0.1402 -0.258819045103 -0.836516303738 0.482962913145 8.5000
3.8472 0.1402 -0.258819045103 -0.683012701892 -0.683012701892 8.5000
3.8439 0.1402 -0.258819045103 -0.683012701892 0.683012701892 8.5000
3.7848 0.1402 -0.258819045103 -0.482962913145 -0.836516303738 8.5000
3.7651 0.1402 -0.258819045103 -0.482962913145 0.836516303738 8.5000
3.5796 0.1402 -0.258819045103 -0.250000000000 -0.933012701892 8.5000
3.6011 0.1402 -0.258819045103 -0.250000000000 0.933012701892 8.5000
3.5288 0.1402 -0.258819045103 -0.000000000000 -0.965925826289 8.5000
3.5283 0.1402 -0.258819045103 0.000000000000 0.965925826289 8.5000
3.6018 0.1402 -0.258819045103 0.250000000000 -0.933012701892 8.5000
3.5795 0.1402 -0.258819045103 0.250000000000 0.933012701892 8.5000
3.7647 0.1402 -0.258819045103 0.482962913145 -0.836516303738 8.5000
3.7843 0.1402 -0.258819045103 0.482962913145 0.836516303738 8.5000
3.8431 0.1402 -0.258819045103 0.683012701892 -0.683012701892 8.5000
3.8477 0.1402 -0.258819045103 0.683012701892 0.683012701892 8.5000
4.0633 0.1402 -0.258819045103 0.836516303738 -0.482962913145 8.5000
4.0484 0.1402 -0.258819045103 0.836516303738 0.482962913145 8.5000
4.1130 0.1402 -0.258819045103 0.933012701892 -0.250000000000 8.5000
4.1044 0.1402 -0.258819045103 0.933012701892 0.250000000000 8.5000
4.1360 0.1402 -0.258819045103 0.965925826289 0.000000000000 8.5000
4.1284 0.1402 -0.173648177667 -0.984807753012 0.000000000000 8.5000
4.0958 0.1402 -0.173648177667 -0.951251242564 -0.254887002244 8.5000
4.1050 0.1402 -0.173648177667 -0.951251242564 0.254887002244 8.5000
4.0372 0.1402 -0.173648177667 -0.852868531952 -0.492403876506 8.5000
4.0531 0.1402 -0.173648177667 -0.852868531952 0.492403876506 8.5000
3.8286 0.1402 -0.173648177667 -0.696364240320 -0.696364240320 8.5000
3.8250 0.1402 -0.173648177667 -0.696364240320 0.696364240320 8.5000
3.7636 0.1402 -0.173648177667 -0.492403876506 -0.852868531952 8.5000
3.7431 0.1402 -0.173648177667 -0.492403876506 0.852868531952 8.5000
3.5503 0.1402 -0.173648177667 -0.254887002244 -0.951251242564 8.5000
3.5728 0.1402 -0.173648177667 -0.254887002244 0.951251242564 8.5000
3.4975 0.1402 -0.173648177667 -0.000000000000 -0.984807753012 8.5000
3.4971 0.1402 -0.173648177667 0.000000000000 0.984807753012 8.5000
3.5733 0.1402 -0.173648177667 0.254887002244 -0.951251242564 8.5000
3.5502 0.1402 -0.173648177667 0.254887002244 0.951251242564 8.5000
3.7428 0.1402 -0.173648177667 0.492403876506 -0.852868531952 8.5000
3.7632 0.1402 -0.173648177667 0.492403876506 0.852868531952 8.5000
3.8244 0.1402 -0.173648177667 0.696364240320 -0.696364240320 8.5000
3.8289 0.1402 -0.173648177667 0.696364240320 0.696364240320 8.5000
4.0531 0.1402 -0.173648177667 0.852868531952 -0.492403876506 8.5000
4.0375 0.1402 -0.173648177667 0.852868531952 0.492403876506 8.5000
4.1048 0.1402 -0.173648177667 0.951251242564 -0.254887002244 8.5000
4.0958 0.1402 -0.173648177667 0.951251242564 0.254887002244 8.5000
4.1287 0.1402 -0.173648177667 0.984807753012 0.000000000000 8.5000
4.1240 0.1402 -0.087155742748 -0.996194698092 0.000000000000 8.5000
4.0905 0.1402 -0.087155742748 -0.962250186899 -0.257834160496 8.5000
4.0999 0.1402 -0.087155742748 -0.962250186899 0.257834160496 8.5000
4.0307 0.1402 -0.087155742748 -0.862729915663 -0.498097349046 8.5000
4.0468 0.1402 -0.087155742748 -0.862729915663 0.498097349046 8.5000
3.8172 0.1402 -0.087155742748 -0.704416026403 -0.704416026403 8.5000
3.8133 0.1402 -0.087155742748 -0.704416026403 0.704416026403 8.5000
3.7505 0.1402 -0.087155742748 -0.498097349046 -0.862729915663 8.5000
3.7296 0.1402 -0.087155742748 -0.498097349046 0.862729915663 8.5000
3.5324 0.1402 -0.087155742748 -0.257834160496 -0.962250186899 8.5000
3.5555 0.1402 -0.087155742748 -0.257834160496 0.962250186899 8.5000
3.4782 0.1402 -0.087155742748 -0.000000000000 -0.996194698092 8.5000
3.4780 0.1402 -0.087155742748 0.000000000000 0.996194698092 8.5000
3.5557 0.1402 -0.087155742748 0.257834160496 -0.962250186899 8.5000
3.5323 0.1402 -0.087155742748 0.257834160496 0.962250186899 8.5000
3.7294 0.1402 -0.087155742748 0.498097349046 -0.862729915663 8.5000
3.7503 0.1402 -0.087155742748 0.498097349046 0.862729915663 8.5000
3.8130 0.1402 -0.087155742748 0.704416026403 -0.704416026403 8.5000
3.8173 0.1402 -0.087155742748 0.704416026403 0.704416026403 8.5000
4.0469 0.1402 -0.087155742748 0.862729915663 -0.498097349046 8.5000
4.0308 0.1402 -0.087155742748 0.862729915663 0.498097349046 8.5000
4.0998 0.1402 -0.087155742748 0.962250186899 -0.257834160496 8.5000
4.0906 0.1402 -0.087155742748 0.962250186899 0.257834160496 8.5000
4.1241 0.1402 -0.087155742748 0.996194698092 0.000000000000 8.5000
3.4717 0.1402 -0.000000011327 0.000000009682 1.000000000000 8.5000
4.1226 0.1402 0.000000000000 -1.000000000000 0.000000000000 8.5000
4.0888 0.1402 0.000000000000 -0.965925826289 -0.258819045103 8.5000
4.0982 0.1402 0.000000000000 -0.965925826289 0.258819045103 8.5000
4.0285 0.1402 0.000000000000 -0.866025403784 -0.500000000000 8.5000
4.0447 0.1402 0.000000000000 -0.866025403784 0.500000000000 8.5000
3.8134 0.1402 0.000000000000 -0.707106781187 -0.707106781187 8.5000
3.8092 0.1402 0.000000000000 -0.707106781187 0.707106781187 8.5000
3.7460 0.1402 0.000000000000 -0.500000000000 -0.866025403784 8.5000
3.7249 0.1402 0.000000000000 -0.500000000000 0.866025403784 8.5000
3.5263 0.1402 0.000000000000 -0.258819045103 -0.965925826289 8.5000
3.5498 0.1402 0.000000000000 -0.258819045103 0.965925826289 8.5000
3.5498 0.1402 0.000000000000 0.258819045103 -0.965925826289 8.5000
3.5263 0.1402 0.000000000000 0.258819045103 0.965925826289 8.5000
3.7249 0.1402 0.000000000000 0.500000000000 -0.866025403784 8.5000
3.7460 0.1402 0.000000000000 0.500000000000 0.866025403784 8.5000
3.8092 0.1402 0.000000000000 0.707106781187 -0.707106781187 8.5000
3.8134 0.1402 0.000000000000 0.707106781187 0.707106781187 8.5000
4.0447 0.1402 0.000000000000 0.866025403784 -0.500000000000 8.5000
4.0285 0.1402 0.000000000000 0.866025403784 0.500000000000 8.5000
4.0982 0.1402 0.000000000000 0.965925826289 -0.258819045103 8.5000
4.0888 0.1402 0.000000000000 0.965925826289 0.258819045103 8.5000
4.1226 0.1402 0.000000000000 1.000000000000 0.000000000000 8.5000
3.4717 0.1402 0.000000011327 -0.000000009682 -1.000000000000 8.5000
4.1241 0.1402 0.087155742748 -0.996194698092 0.000000000000 8.5000
4.0906 0.1402 0.087155742748 -0.962250186899 -0.257834160496 8.5000
4.0998 0.1402 0.087155742748 -0.962250186899 0.257834160496 8.5000
4.0308 0.1402 0.087155742748 -0.862729915663 -0.498097349046 8.5000
4.0469 0.1402 0.087155742748 -0.862729915663 0.498097349046 8.5000
3.8173 0.1402 0.087155742748 -0.704416026403 -0.704416026403 8.5000
3.8130 0.1402 0.087155742748 -0.704416026403 0.704416026403 8.5000
3.7503 0.1402 0.087155742748 -0.498097349046 -0.862729915663 8.5000
3.7294 0.1402 0.087155742748 -0.498097349046 0.862729915663 8.5000
3.5323 0.1402 0.087155742748 -0.257834160496 -0.962250186899 8.5000
3.5557 0.1402 0.087155742748 -0.257834160496 0.962250186899 8.5000
3.4780 0.1402 0.087155742748 0.000000000000 -0.996194698092 8.5000
3.4782 0.1402 0.087155742748 0.000000000000 0.996194698092 8.5000
3.5555 0.1402 0.087155742748 0.257834160496 -0.962250186899 8.5000
3.5324 0.1402 0.087155742748 0.257834160496 0.962250186899 8.5000
3.7296 0.1402 0.087155742748 0.498097349046 -0.862729915663 8.5000
3.7505 0.1402 0.087155742748 0.498097349046 0.862729915663 8.5000
3.8133 0.1402 0.087155742748 0.704416026403 -0.704416026403 8.5000
3.8172 0.1402 0.087155742748 0.704416026403 0.704416026403 8.5000
4.0468 0.1402 0.087155742748 0.862729915663 -0.498097349046 8.5000
4.0307 0.1402 0.087155742748 0.862729915663 0.498097349046 8.5000
4.0999 0.1402 0.087155742748 0.962250186899 -0.257834160496 8.5000
4.0905 0.1402 0.087155742748 0.962250186899 0.257834160496 8.5000
4.1240 0.1402 0.087155742748 0.996194698092 0.000000000000 8.5000
4.1287 0.1402 0.173648177667 -0.984807753012 0.000000000000 8.5000
4.0958 0.1402 0.173648177667 -0.951251242564 -0.254887002244 8.5000
4.1048 0.1402 0.173648177667 -0.951251242564 0.254887002244 8.5000
4.0375 0.1402 0.173648177667 -0.852868531952 -0.492403876506 8.5000
4.0531 0.1402 0.173648177667 -0.852868531952 0.492403876506 8.5000
3.8289 0.1402 0.173648177667 -0.696364240320 -0.696364240320 8.5000
3.8244 0.1402 0.173648177667 -0.696364240320 0.696364240320 8.5000
3.7632 0.1402 0.173648177667 -0.492403876506 -0.852868531952 8.5000
3.7428 0.1402 0.173648177667 -0.492403876506 0.852868531952 8.5000
3.5502 0.1402 0.173648177667 -0.254887002244 -0.951251242564 8.5000
3.5733 0.1402 0.173648177667 -0.254887002244 0.951251242564 8.5000
3.4971 0.1402 0.173648177667 0.000000000000 -0.984807753012 8.5000
3.4975 0.1402 0.173648177667 0.000000000000 0.984807753012 8.5000
3.5728 0.1402 0.173648177667 0.254887002244 -0.951251242564 8.5000
3.5503 0.1402 0.173648177667 0.254887002244 0.951251242564 8.5000
3.7431 0.1402 0.173648177667 0.492403876506 -0.852868531952 8.5000
3.7636 0.1402 0.173648177667 0.492403876506 0.852868531952 8.5000
3.8250 0.1402 0.173648177667 0.696364240320 -0.696364240320 8.5000
3.8286 0.1402 0.173648177667 0.696364240320 0.696364240320 8.5000
4.0531 0.1402 0.173648177667 0.852868531952 -0.492403876506 8.5000
4.0372 0.1402 0.173648177667 0.852868531952 0.492403876506 8.5000
4.1050 0.1402 0.173648177667 0.951251242564 -0.254887002244 8.5000
4.0958 0.1402 0.173648177667 0.951251242564 0.254887002244 8.5000
4.1284 0.1402 0.173648177667 0.984807753012 0.000000000000 8.5000
4.1360 0.1402 0.258819045103 -0.965925826289 0.000000000000 8.5000
4.1044 0.1402 0.258819045103 -0.933012701892 -0.250000000000 8.5000
4.1130 0.1402 0.258819045103 -0.933012701892 0.250000000000 8.5000
4.0484 0.1402 0.258819045103 -0.836516303738 -0.482962913145 8.5000
4.0633 0.1402 0.258819045103 -0.836516303738 0.482962913145 8.5000
3.8477 0.1402 0.258819045103 -0.683012701892 -0.683012701892 8.5000
3.8431 0.1402 0.258819045103 -0.683012701892 0.683012701892 8.5000
3.7843 0.1402 0.258819045103 -0.482962913145 -0.836516303738 8.5000
3.7647 0.1402 0.258819045103 -0.482962913145 0.836516303738 8.5000
3.5795 0.1402 0.258819045103 -0.250000000000 -0.933012701892 8.5000
3.6018 0.1402 0.258819045103 -0.250000000000 0.933012701892 8.5000
3.5283 0.1402 0.258819045103 0.000000000000 -0.965925826289 8.5000
3.5288 0.1402 0.258819045103 0.000000000000 0.965925826289 8.5000
3.6011 0.1402 0.258819045103 0.250000000000 -0.933012701892 8.5000
3.5796 0.1402 0.258819045103 0.250000000000 0.933012701892 8.5000
3.7651 0.1402 0.258819045103 0.482962913145 -0.836516303738 8.5000
3.7848 0.1402 0.258819045103 0.482962913145 0.836516303738 8.5000
3.8439 0.1402 0.258819045103 0.683012701892 -0.683012701892 8.5000
3.8472 0.1402 0.258819045103 0.683012701892 0.683012701892 8.5000
4.0633 0.1402 0.258819045103 0.836516303738 -0.482962913145 8.5000
4.0479 0.1402 0.258819045103 0.836516303738 0.482962913145 8.5000
4.1133 0.1402 0.258819045103 0.933012701892 -0.250000000000 8.5000
4.1043 0.1402 0.258819045103 0.933012701892 0.250000000000 8.5000
4.1357 0.1402 0.258819045103 0.965925826289 0.000000000000 8.5000
4.1460 0.1402 0.342020143326 -0.939692620786 0.000000000000 8.5000
4.1160 0.1402 0.342020143326 -0.907673371190 -0.243210346802 8.5000
4.1241 0.1402 0.342020143326 -0.907673371190 0.243210346802 8.5000
4.0631 0.1402 0.342020143326 -0.813797681349 -0.469846310393 8.5000
4.0771 0.1402 0.342020143326 -0.813797681349 0.469846310393 8.5000
3.8731 0.1402 0.342020143326 -0.664463024389 -0.664463024389 8.5000
3.8686 0.1402 0.342020143326 -0.664463024389 0.664463024389 8.5000
3.8130 0.1402 0.342020143326 -0.469846310393 -0.813797681349 8.5000
3.7944 0.1402 0.342020143326 -0.469846310393 0.813797681349 8.5000
3.6192 0.1402 0.342020143326 -0.243210346802 -0.907673371190 8.5000
3.6405 0.1402 0.342020143326 -0.243210346802 0.907673371190 8.5000
3.5707 0.1402 0.342020143326 -0.000000005096 -0.939692620786 8.5000
3.5714 0.1402 0.342020143326 0.000000000000 0.939692620786 8.5000
3.6396 0.1402 0.342020143326 0.243210346802 -0.907673371190 8.5000
3.6194 0.1402 0.342020143326 0.243210346802 0.907673371190 8.5000
3.7950 0.1402 0.342020143326 0.469846310393 -0.813797681349 8.5000
3.8137 0.1402 0.342020143326 0.469846310393 0.813797681349 8.5000
3.8697 0.1402 0.342020143326 0.664463024389 -0.664463024389 8.5000
3.8725 0.1402 0.342020143326 0.664463024389 0.664463024389 8.5000
4.0771 0.1402 0.342020143326 0.813797681349 -0.469846310393 8.5000
4.0625 0.1402 0.342020143326 0.813797681349 0.469846310393 8.5000
4.1245 0.1402 0.342020143326 0.907673371190 -0.243210346802 8.5000
4.1159 0.1402 0.342020143326 0.907673371190 0.243210346802 8.5000
4.1456 0.1402 0.342020143326 0.939692620786 0.000000000000 8.5000
4.1583 0.1402 0.422618261741 -0.906307787037 0.000000000000 8.5000
4.1304 0.1402 0.422618261741 -0.875426098066 -0.234569716010 8.5000
4.1378 0.1402 0.422618261741 -0.875426098066 0.234569716010 8.5000
4.0812 0.1402 0.422618261741 -0.784885567221 -0.453153893518 8.5000
4.0942 0.1402 0.422618261741 -0.784885567221 0.453153893518 8.5000
3.9045 0.1402 0.422618261741 -0.640856382056 -0.640856382056 8.5000
3.9001 0.1402 0.422618261741 -0.640856382056 0.640856382056 8.5000
3.8484 0.1402 0.422618261741 -0.453153893518 -0.784885567221 8.5000
3.8311 0.1402 0.422618261741 -0.453153893518 0.784885567221 8.5000
3.6682 0.1402 0.422618261741 -0.234569716010 -0.875426098066 8.5000
3.6881 0.1402 0.422618261741 -0.234569716010 0.875426098066 8.5000
3.6230 0.1402 0.422618261741 0.000000000000 -0.906307787037 8.5000
3.6238 0.1402 0.422618261741 0.000000006298 0.906307787037 8.5000
3.6871 0.1402 0.422618261741 0.234569716010 -0.875426098066 8.5000
3.6684 0.1402 0.422618261741 0.234569716010 0.875426098066 8.5000
3.8318 0.1402 0.422618261741 0.453153893518 -0.784885567221 8.5000
3.8492 0.1402 0.422618261741 0.453153893518 0.784885567221 8.5000
3.9013 0.1402 0.422618261741 0.640856382056 -0.640856382056 8.5000
3.9038 0.1402 0.422618261741 0.640856382056 0.640856382056 8.5000
4.0941 0.1402 0.422618261741 0.784885567221 -0.453153893518 8.5000
4.0805 0.1402 0.422618261741 0.784885567221 0.453153893518 8.5000
4.1382 0.1402 0.422618261741 0.875426098066 -0.234569716010 8.5000
4.1303 0.1402 0.422618261741 0.875426098066 0.234569716010 8.5000
4.1578 0.1402 0.422618261741 0.906307787037 0.000000000000 8.5000
4.1726 0.1402 0.500000000000 -0.866025403784 0.000000000000 8.5000
4.1470 0.1402 0.500000000000 -0.836516303738 -0.224143868042 8.5000
4.1537 0.1402 0.500000000000 -0.836516303738 0.224143868042 8.5000
4.1021 0.1402 0.500000000000 -0.750000000000 -0.433012701892 8.5000
4.1139 0.1402 0.500000000000 -0.750000000000 0.433012701892 8.5000
3.9408 0.1402 0.500000000000 -0.612372435696 -0.612372435696 8.5000
3.9366 0.1402 0.500000000000 -0.612372435696 0.612372435696 8.5000
3.8894 0.1402 0.500000000000 -0.433012701892 -0.750000000000 8.5000
3.8737 0.1402 0.500000000000 -0.433012701892 0.750000000000 8.5000
3.7249 0.1402 0.500000000000 -0.224143868042 -0.836516303738 8.5000
3.7433 0.1402 0.500000000000 -0.224143868042 0.836516303738 8.5000
3.6837 0.1402 0.500000000000 0.000000000000 -0.866025403784 8.5000
3.6846 0.1402 0.500000000000 0.000000000000 0.866025403784 8.5000
3.7421 0.1402 0.500000000000 0.224143868042 -0.836516303738 8.5000
3.7252 0.1402 0.500000000000 0.224143868042 0.836516303738 8.5000
3.8745 0.1402 0.500000000000 0.433012701892 -0.750000000000 8.5000
3.8903 0.1402 0.500000000000 0.433012701892 0.750000000000 8.5000
3.9380 0.1402 0.500000000000 0.612372435696 -0.612372435696 8.5000
3.9400 0.1402 0.500000000000 0.612372435696 0.612372435696 8.5000
4.1139 0.1402 0.500000000000 0.750000000000 -0.433012701892 8.5000
4.1014 0.1402 0.500000000000 0.750000000000 0.433012701892 8.5000
4.1542 0.1402 0.500000000000 0.836516303738 -0.224143868042 8.5000
4.1469 0.1402 0.500000000000 0.836516303738 0.224143868042 8.5000
4.1720 0.1402 0.500000000000 0.866025403784 0.000000000000 8.5000
4.1883 0.1402 0.573576436351 -0.819152044289 0.000000000000 8.5000
4.1654 0.1402 0.573576436351 -0.791240115236 -0.212012149897 8.5000
4.1714 0.1402 0.573576436351 -0.791240115236 0.212012149897 8.5000
4.1253 0.1402 0.573576436351 -0.709406479916 -0.409576022144 8.5000
4.1358 0.1402 0.573576436351 -0.709406479916 0.409576022144 8.5000
3.9810 0.1402 0.573576436351 -0.579227965340 -0.579227965340 8.5000
3.9770 0.1402 0.573576436351 -0.579227965340 0.579227965340 8.5000
3.9348 0.1402 0.573576436351 -0.409576022144 -0.709406479916 8.5000
3.9208 0.1402 0.573576436351 -0.409576022144 0.709406479916 8.5000
3.7877 0.1402 0.573576436351 -0.212012149897 -0.791240115236 8.5000
3.8043 0.1402 0.573576436351 -0.212012149897 0.791240115236 8.5000
3.7507 0.1402 0.573576436351 0.000000000000 -0.819152044289 8.5000
3.7517 0.1402 0.573576436351 0.000000000000 0.819152044289 8.5000
3.8030 0.1402 0.573576436351 0.212012149897 -0.791240115236 8.5000
3.7880 0.1402 0.573576436351 0.212012149897 0.791240115236 8.5000
3.9216 0.1402 0.573576436351 0.409576022144 -0.709406479916 8.5000
3.9358 0.1402 0.573576436351 0.409576022144 0.709406479916 8.5000
3.9785 0.1402 0.573576436351 0.579227965340 -0.579227965340 8.5000
3.9801 0.1402 0.573576436351 0.579227965340 0.579227965340 8.5000
4.1357 0.1402 0.573576436351 0.709406479916 -0.409576022144 8.5000
4.1245 0.1402 0.573576436351 0.709406479916 0.409576022144 8.5000
4.1719 0.1402 0.573576436351 0.791240115236 -0.212012149897 8.5000
4.1652 0.1402 0.573576436351 0.791240115236 0.212012149897 8.5000
4.1877 0.1402 0.573576436351 0.819152044289 0.000000000000 8.5000
4.2051 0.1402 0.642787609687 -0.766044443119 0.000000000000 8.5000
4.1850 0.1402 0.642787609687 -0.739942111694 -0.198266891274 8.5000
4.1902 0.1402 0.642787609687 -0.739942111694 0.198266891274 8.5000
4.1500 0.1402 0.642787609687 -0.663413948169 -0.383022221559 8.5000
4.1591 0.1402 0.642787609687 -0.663413948169 0.383022221559 8.5000
4.0237 0.1402 0.642787609687 -0.541675220420 -0.541675220420 8.5000
4.0201 0.1402 0.642787609687 -0.541675220420 0.541675220420 8.5000
3.9832 0.1402 0.642787609687 -0.383022221559 -0.663413948169 8.5000
3.9710 0.1402 0.642787609687 -0.383022221559 0.663413948169 8.5000
3.8547 0.1402 0.642787609687 -0.198266891274 -0.739942111694 8.5000
3.8693 0.1402 0.642787609687 -0.198266891274 0.739942111694 8.5000
3.8223 0.1402 0.642787609687 0.000000000000 -0.766044443119 8.5000
3.8233 0.1402 0.642787609687 0.000000000000 0.766044443119 8.5000
3.8679 0.1402 0.642787609687 0.198266891274 -0.739942111694 8.5000
3.8550 0.1402 0.642787609687 0.198266891274 0.739942111694 8.5000
3.9718 0.1402 0.642787609687 0.383022221559 -0.663413948169 8.5000
3.9843 0.1402 0.642787609687 0.383022221559 0.663413948169 8.5000
4.0217 0.1402 0.642787609687 0.541675220420 -0.541675220420 8.5000
4.0229 0.1402 0.642787609687 0.541675220420 0.541675220420 8.5000
4.1590 0.1402 0.642787609687 0.663413948169 -0.383022221559 8.5000
4.1491 0.1402 0.642787609687 0.663413948169 0.383022221559 8.5000
4.1907 0.1402 0.642787609687 0.739942111694 -0.198266891274 8.5000
4.1848 0.1402 0.642787609687 0.739942111694 0.198266891274 8.5000
4.2044 0.1402 0.642787609687 0.766044443119 0.000000000000 8.5000
4.2223 0.1402 0.707106781187 -0.707106781187 0.000000000000 8.5000
4.2052 0.1402 0.707106781187 -0.683012701892 -0.183012701892 8.5000
4.2095 0.1402 0.707106781187 -0.683012701892 0.183012701892 8.5000
4.1754 0.1402 0.707106781187 -0.612372435696 -0.353553390593 8.5000
4.1831 0.1402 0.707106781187 -0.612372435696 0.353553390593 8.5000
4.0679 0.1402 0.707106781187 -0.500000000000 -0.500000000000 8.5000
4.0645 0.1402 0.707106781187 -0.500000000000 0.500000000000 8.5000
4.0332 0.1402 0.707106781187 -0.353553390593 -0.612372435696 8.5000
4.0227 0.1402 0.707106781187 -0.353553390593 0.612372435696 8.5000
3.9237 0.1402 0.707106781187 -0.183012701892 -0.683012701892 8.5000
3.9363 0.1402 0.707106781187 -0.183012701892 0.683012701892 8.5000
3.8960 0.1402 0.707106781187 0.000000000000 -0.707106781187 8.5000
3.8971 0.1402 0.707106781187 0.000000000000 0.707106781187 8.5000
3.9349 0.1402 0.707106781187 0.183012701892 -0.683012701892 8.5000
3.9240 0.1402 0.707106781187 0.183012701892 0.683012701892 8.5000
4.0236 0.1402 0.707106781187 0.353553390593 -0.612372435696 8.5000
4.0343 0.1402 0.707106781187 0.353553390593 0.612372435696 8.5000
4.0661 0.1402 0.707106781187 0.500000000000 -0.500000000000 8.5000
4.0670 0.1402 0.707106781187 0.500000000000 0.500000000000 8.5000
4.1831 0.1402 0.707106781187 0.612372435696 -0.353553390593 8.5000
4.1745 0.1402 0.707106781187 0.612372435696 0.353553390593 8.5000
4.2101 0.1402 0.707106781187 0.683012701892 -0.183012701892 8.5000
4.2050 0.1402 0.707106781187 0.683012701892 0.183012701892 8.5000
4.2217 0.1402 0.707106781187 0.707106781187 0.000000000000 8.5000
4.2396 0.1402 0.766044443119 -0.642787609687 0.000000000000 8.5000
4.2254 0.1402 0.766044443119 -0.620885153015 -0.166365675343 8.5000
4.2289 0.1402 0.766044443119 -0.620885153015 0.166365675343 8.5000
4.2008 0.1402 0.766044443119 -0.556670399226 -0.321393804843 8.5000
4.2072 0.1402 0.766044443119 -0.556670399226 0.321393804843 8.5000
4.1120 0.1402 0.766044443119 -0.454519477672 -0.454519477672 8.5000
4.1090 0.1402 0.766044443119 -0.454519477672 0.454519477672 8.5000
4.0832 0.1402 0.766044443119 -0.321393804843 -0.556670399226 8.5000
4.0745 0.1402 0.766044443119 -0.321393804843 0.556670399226 8.5000
3.9927 0.1402 0.766044443119 -0.166365675343 -0.620885153015 8.5000
4.0033 0.1402 0.766044443119 -0.166365675343 0.620885153015 8.5000
3.9698 0.1402 0.766044443119 -0.000000011415 -0.642787609687 8.5000
3.9708 0.1402 0.766044443119 0.000000011415 0.642787609687 8.5000
4.0019 0.1402 0.766044443119 0.166365675343 -0.620885153015 8.5000
3.9931 0.1402 0.766044443119 0.166365675343 0.620885153015 8.5000
4.0754 0.1402 0.766044443119 0.321393804843 -0.556670399226 8.5000
4.0842 0.1402 0.766044443119 0.321393804843 0.556670399226 8.5000
4.1106 0.1402 0.766044443119 0.454519477672 -0.454519477672 8.5000
4.1111 0.1402 0.766044443119 0.454519477672 0.454519477672 8.5000
4.2071 0.1402 0.766044443119 0.556670399226 -0.321393804843 8.5000
4.2000 0.1402 0.766044443119 0.556670399226 0.321393804843 8.5000
4.2294 0.1402 0.766044443119 0.620885153015 -0.166365675343 8.5000
4.2252 0.1402 0.766044443119 0.620885153015 0.166365675343 8.5000
4.2389 0.1402 0.766044443119 0.642787609687 0.000000000000 8.5000
4.2563 0.1402 0.819152044289 -0.573576436351 0.000000000000 8.5000
4.2450 0.1402 0.819152044289 -0.554032293222 -0.148452505550 8.5000
4.2477 0.1402 0.819152044289 -0.554032293222 0.148452505550 8.5000
4.2255 0.1402 0.819152044289 -0.496731764892 -0.286788218176 8.5000
4.2304 0.1402 0.819152044289 -0.496731764892 0.286788218176 8.5000
4.1547 0.1402 0.819152044289 -0.405579787673 -0.405579787673 8.5000
4.1522 0.1402 0.819152044289 -0.405579787673 0.405579787673 8.5000
4.1316 0.1402 0.819152044289 -0.286788218176 -0.496731764892 8.5000
4.1248 0.1402 0.819152044289 -0.286788218176 0.496731764892 8.5000
4.0597 0.1402 0.819152044289 -0.148452505550 -0.554032293222 8.5000
4.0682 0.1402 0.819152044289 -0.148452505550 0.554032293222 8.5000
4.0414 0.1402 0.819152044289 0.000000000000 -0.573576436351 8.5000
4.0424 0.1402 0.819152044289 0.000000000000 0.573576436351 8.5000
4.0669 0.1402 0.819152044289 0.148452505550 -0.554032293222 8.5000
4.0600 0.1402 0.819152044289 0.148452505550 0.554032293222 8.5000
4.1256 0.1402 0.819152044289 0.286788218176 -0.496731764892 8.5000
4.1326 0.1402 0.819152044289 0.286788218176 0.496731764892 8.5000
4.1537 0.1402 0.819152044289 0.405579787673 -0.405579787673 8.5000
4.1539 0.1402 0.819152044289 0.405579787673 0.405579787673 8.5000
4.2304 0.1402 0.819152044289 0.496731764892 -0.286788218176 8.5000
4.2246 0.1402 0.819152044289 0.496731764892 0.286788218176 8.5000
4.2482 0.1402 0.819152044289 0.554032293222 -0.148452505550 8.5000
4.2448 0.1402 0.819152044289 0.554032293222 0.148452505550 8.5000
4.2557 0.1402 0.819152044289 0.573576436351 0.000000000000 8.5000
4.2720 0.1402 0.866025403784 -0.500000000000 0.000000000000 8.5000
4.2634 0.1402 0.866025403784 -0.482962913145 -0.129409522551 8.5000
4.2654 0.1402 0.866025403784 -0.482962913145 0.129409522551 8.5000
4.2486 0.1402 0.866025403784 -0.433012701892 -0.250000000000 8.5000
4.2523 0.1402 0.866025403784 -0.433012701892 0.250000000000 8.5000
4.1948 0.1402 0.866025403784 -0.353553390593 -0.353553390593 8.5000
4.1927 0.1402 0.866025403784 -0.353553390593 0.353553390593 8.5000
4.1771 0.1402 0.866025403784 -0.250000000000 -0.433012701892 8.5000
4.1719 0.1402 0.866025403784 -0.250000000000 0.433012701892 8.5000
4.1225 0.1402 0.866025403784 -0.129409522551 -0.482962913145 8.5000
4.1291 0.1402 0.866025403784 -0.129409522551 0.482962913145 8.5000
4.1085 0.1402 0.866025403784 0.000000000000 -0.500000000000 8.5000
4.1094 0.1402 0.866025403784 0.000000000000 0.500000000000 8.5000
4.1279 0.1402 0.866025403784 0.129409522551 -0.482962913145 8.5000
4.1228 0.1402 0.866025403784 0.129409522551 0.482962913145 8.5000
4.1727 0.1402 0.866025403784 0.250000000000 -0.433012701892 8.5000
4.1781 0.1402 0.866025403784 0.250000000000 0.433012701892 8.5000
4.1941 0.1402 0.866025403784 0.353553390593 -0.353553390593 8.5000
4.1940 0.1402 0.866025403784 0.353553390593 0.353553390593 8.5000
4.2522 0.1402 0.866025403784 0.433012701892 -0.250000000000 8.5000
4.2478 0.1402 0.866025403784 0.433012701892 0.250000000000 8.5000
4.2659 0.1402 0.866025403784 0.482962913145 -0.129409522551 8.5000
4.2632 0.1402 0.866025403784 0.482962913145 0.129409522551 8.5000
4.2714 0.1402 0.866025403784 0.500000000000 0.000000000000 8.5000
4.2862 0.1402 0.906307787037 -0.422618261741 0.000000000000 8.5000
4.2800 0.1402 0.906307787037 -0.408217893677 -0.109381654947 8.5000
4.2814 0.1402 0.906307787037 -0.408217893677 0.109381654947 8.5000
4.2695 0.1402 0.906307787037 -0.365998150771 -0.211309130870 8.5000
4.2720 0.1402 0.906307787037 -0.365998150771 0.211309130870 8.5000
4.2310 0.1402 0.906307787037 -0.298836238730 -0.298836238730 8.5000
4.2293 0.1402 0.906307787037 -0.298836238730 0.298836238730 8.5000
4.2182 0.1402 0.906307787037 -0.211309130870 -0.365998150771 8.5000
4.2146 0.1402 0.906307787037 -0.211309130870 0.365998150771 8.5000
4.1793 0.1402 0.906307787037 -0.109381654947 -0.408217893677 8.5000
4.1841 0.1402 0.906307787037 -0.109381654947 0.408217893677 8.5000
4.1693 0.1402 0.906307787037 0.000000000000 -0.422618261741 8.5000
4.1701 0.1402 0.906307787037 0.000000000000 0.422618261741 8.5000
4.1831 0.1402 0.906307787037 0.109381654947 -0.408217893677 8.5000
4.1795 0.1402 0.906307787037 0.109381654947 0.408217893677 8.5000
4.2152 0.1402 0.906307787037 0.211309130870 -0.365998150771 8.5000
4.2191 0.1402 0.906307787037 0.211309130870 0.365998150771 8.5000
4.2306 0.1402 0.906307787037 0.298836238730 -0.298836238730 8.5000
4.2304 0.1402 0.906307787037 0.298836238730 0.298836238730 8.5000
4.2720 0.1402 0.906307787037 0.365998150771 -0.211309130870 8.5000
4.2688 0.1402 0.906307787037 0.365998150771 0.211309130870 8.5000
4.2818 0.1402 0.906307787037 0.408217893677 -0.109381654947 8.5000
4.2798 0.1402 0.906307787037 0.408217893677 0.109381654947 8.5000
4.2857 0.1402 0.906307787037 0.422618261741 0.000000000000 8.5000
4.2984 0.1402 0.939692620786 -0.342020143326 0.000000000000 8.5000
4.2943 0.1402 0.939692620786 -0.330366089549 -0.088521326901 8.5000
4.2951 0.1402 0.939692620786 -0.330366089549 0.088521326901 8.5000
4.2875 0.1402 0.939692620786 -0.296198132726 -0.171010071663 8.5000
4.2891 0.1402 0.939692620786 -0.296198132726 0.171010071663 8.5000
4.2623 0.1402 0.939692620786 -0.241844762648 -0.241844762648 8.5000
4.2610 0.1402 0.939692620786 -0.241844762648 0.241844762648 8.5000
4.2538 0.1402 0.939692620786 -0.171010071663 -0.296198132726 8.5000
4.2514 0.1402 0.939692620786 -0.171010071663 0.296198132726 8.5000
4.2283 0.1402 0.939692620786 -0.088521326901 -0.330366089549 8.5000
4.2316 0.1402 0.939692620786 -0.088521326901 0.330366089549 8.5000
4.2224 0.1402 0.939692620786 -0.000000014003 0.342020143326 8.5000
4.2217 0.1402 0.939692620786 0.000000000000 -0.342020143326 8.5000
4.2307 0.1402 0.939692620786 0.088521326901 -0.330366089549 8.5000
4.2285 0.1402 0.939692620786 0.088521326901 0.330366089549 8.5000
4.2519 0.1402 0.939692620786 0.171010071663 -0.296198132726 8.5000
4.2545 0.1402 0.939692620786 0.171010071663 0.296198132726 8.5000
4.2620 0.1402 0.939692620786 0.241844762648 -0.241844762648 8.5000
4.2617 0.1402 0.939692620786 0.241844762648 0.241844762648 8.5000
4.2890 0.1402 0.939692620786 0.296198132726 -0.171010071663 8.5000
4.2869 0.1402 0.939692620786 0.296198132726 0.171010071663 8.5000
4.2955 0.1402 0.939692620786 0.330366089549 -0.088521326901 8.5000
4.2942 0.1402 0.939692620786 0.330366089549 0.088521326901 8.5000
4.2980 0.1402 0.939692620786 0.342020143326 0.000000000000 8.5000
4.3083 0.1402 0.965925826289 -0.258819045103 0.000000000000 8.5000
4.3059 0.1402 0.965925826289 -0.250000000000 -0.066987298108 8.5000
4.3063 0.1402 0.965925826289 -0.250000000000 0.066987298108 8.5000
4.3020 0.1402 0.965925826289 -0.224143868042 -0.129409522551 8.5000
4.3029 0.1402 0.965925826289 -0.224143868042 0.129409522551 8.5000
4.2876 0.1402 0.965925826289 -0.183012701892 -0.183012701892 8.5000
4.2867 0.1402 0.965925826289 -0.183012701892 0.183012701892 8.5000
4.2826 0.1402 0.965925826289 -0.129409522551 -0.224143868042 8.5000
4.2813 0.1402 0.965925826289 -0.129409522551 0.224143868042 8.5000
4.2681 0.1402 0.965925826289 -0.066987298108 -0.250000000000 8.5000
4.2701 0.1402 0.965925826289 -0.066987298108 0.250000000000 8.5000
4.2643 0.1402 0.965925826289 -0.000000014393 -0.258819045103 8.5000
4.2648 0.1402 0.965925826289 0.000000000000 0.258819045103 8.5000
4.2694 0.1402 0.965925826289 0.066987298108 -0.250000000000 8.5000
4.2683 0.1402 0.965925826289 0.066987298108 0.250000000000 8.5000
4.2817 0.1402 0.965925826289 0.129409522551 -0.224143868042 8.5000
4.2832 0.1402 0.965925826289 0.129409522551 0.224143868042 8.5000
4.2875 0.1402 0.965925826289 0.183012701892 -0.183012701892 8.5000
4.2872 0.1402 0.965925826289 0.183012701892 0.183012701892 8.5000
4.3029 0.1402 0.965925826289 0.224143868042 -0.129409522551 8.5000
4.3016 0.1402 0.965925826289 0.224143868042 0.129409522551 8.5000
4.3066 0.1402 0.965925826289 0.250000000000 -0.066987298108 8.5000
4.3058 0.1402 0.965925826289 0.250000000000 0.066987298108 8.5000
4.3080 0.1402 0.965925826289 0.258819045103 0.000000000000 8.5000
4.3156 0.1402 0.984807753012 -0.173648177667 0.000000000000 8.5000
4.3145 0.1402 0.984807753012 -0.167731259497 -0.044943455528 8.5000
4.3146 0.1402 0.984807753012 -0.167731259497 0.044943455528 8.5000
4.3128 0.1402 0.984807753012 -0.150383733180 -0.086824088833 8.5000
4.3131 0.1402 0.984807753012 -0.150383733180 0.086824088833 8.5000
4.3063 0.1402 0.984807753012 -0.122787803969 -0.122787803969 8.5000
4.3057 0.1402 0.984807753012 -0.122787803969 0.122787803969 8.5000
4.3039 0.1402 0.984807753012 -0.086824088833 -0.150383733180 8.5000
4.3033 0.1402 0.984807753012 -0.086824088833 0.150383733180 8.5000
4.2974 0.1402 0.984807753012 -0.044943455528 -0.167731259497 8.5000
4.2984 0.1402 0.984807753012 -0.044943455528 0.167731259497 8.5000
4.2956 0.1402 0.984807753012 0.000000000000 -0.173648177667 8.5000
4.2960 0.1402 0.984807753012 0.000000000000 0.173648177667 8.5000
4.2979 0.1402 0.984807753012 0.044943455528 -0.167731259497 8.5000
4.2975 0.1402 0.984807753012 0.044943455528 0.167731259497 8.5000
4.3036 0.1402 0.984807753012 0.086824088833 -0.150383733180 8.5000
4.3043 0.1402 0.984807753012 0.086824088833 0.150383733180 8.5000
4.3063 0.1402 0.984807753012 0.122787803969 -0.122787803969 8.5000
4.3060 0.1402 0.984807753012 0.122787803969 0.122787803969 8.5000
4.3131 0.1402 0.984807753012 0.150383733180 -0.086824088833 8.5000
4.3125 0.1402 0.984807753012 0.150383733180 0.086824088833 8.5000
4.3148 0.1402 0.984807753012 0.167731259497 -0.044943455528 8.5000
4.3144 0.1402 0.984807753012 0.167731259497 0.044943455528 8.5000
4.3153 0.1402 0.984807753012 0.173648177667 0.000000000000 8.5000
4.3200 0.1402 0.996194698092 -0.087155742748 0.000000000000 8.5000
4.3197 0.1402 0.996194698092 -0.084185982829 -0.022557566113 8.5000
4.3197 0.1402 0.996194698092 -0.084185982829 0.022557566113 8.5000
4.3193 0.1402 0.996194698092 -0.075479087305 -0.043577871374 8.5000
4.3193 0.1402 0.996194698092 -0.075479087305 0.043577871374 8.5000
4.3177 0.1402 0.996194698092 -0.061628416716 -0.061628416716 8.5000
4.3174 0.1402 0.996194698092 -0.061628416716 0.061628416716 8.5000
4.3170 0.1402 0.996194698092 -0.043577871374 -0.075479087305 8.5000
4.3168 0.1402 0.996194698092 -0.043577871374 0.075479087305 8.5000
4.3154 0.1402 0.996194698092 -0.022557566113 -0.084185982829 8.5000
4.3157 0.1402 0.996194698092 -0.022557566113 0.084185982829 8.5000
4.3149 0.1402 0.996194698092 -0.000000014844 -0.087155742748 8.5000
4.3151 0.1402 0.996194698092 0.000000000000 0.087155742748 8.5000
4.3155 0.1402 0.996194698092 0.022557566113 -0.084185982829 8.5000
4.3154 0.1402 0.996194698092 0.022557566113 0.084185982829 8.5000
4.3170 0.1402 0.996194698092 0.043577871374 -0.075479087305 8.5000
4.3172 0.1402 0.996194698092 0.043577871374 0.075479087305 8.5000
4.3177 0.1402 0.996194698092 0.061628416716 -0.061628416716 8.5000
4.3175 0.1402 0.996194698092 0.061628416716 0.061628416716 8.5000
4.3193 0.1402 0.996194698092 0.075479087305 -0.043577871374 8.5000
4.3191 0.1402 0.996194698092 0.075479087305 0.043577871374 8.5000
4.3198 0.1402 0.996194698092 0.084185982829 -0.022557566113 8.5000
4.3197 0.1402 0.996194698092 0.084185982829 0.022557566113 8.5000
4.3199 0.1402 0.996194698092 0.087155742748 0.000000000000 8.5000
4.3214 0.1402 1.000000000000 0.000000000000 0.000000000000 8.5000
