0.4189240747806181 0.0376 -1.0 0.0 0.0 1.21 0.0018 crystal_1
0.4129539498315238 0.0376 -0.984807753012 -0.173648177667 0.0 1.21 0.006 crystal_2
0.41232048374905517 0.0376 -0.984807753012 -0.167731259497 -0.044943455528 1.21 0.006 crystal_2
0.41124586549062847 0.0376 -0.984807753012 -0.167731259497 0.044943455528 1.21 0.0061 crystal_2
0.40715372907153724 0.0376 -0.984807753012 -0.15038373318 -0.086824088833 1.21 0.006 crystal_2
0.40982348426707604 0.0376 -0.984807753012 -0.15038373318 0.086824088833 1.21 0.0059 crystal_2
0.413124533929903 0.0376 -0.984807753012 -0.122787803969 -0.122787803969 1.21 0.0017 crystal_1
0.41315789473684217 0.0376 -0.984807753012 -0.122787803969 0.122787803969 1.21 0.0017 crystal_1
0.41336918939684975 0.0376 -0.984807753012 -0.086824088833 -0.15038373318 1.21 0.0018 crystal_1
0.4156671664167916 0.0376 -0.984807753012 -0.086824088833 0.15038373318 1.21 0.0017 crystal_1
0.41345051585785253 0.0376 -0.984807753012 -0.044943455528 -0.167731259497 1.21 0.0018 crystal_1
0.41238273921200763 0.0376 -0.984807753012 -0.044943455528 0.167731259497 1.21 0.0017 crystal_1
0.4163498098859316 0.0376 -0.984807753012 0.0 -0.173648177667 1.21 0.0018 crystal_1
0.41499432033320716 0.0376 -0.984807753012 1.4675e-08 0.173648177667 1.21 0.0018 crystal_1
0.41315789473684217 0.0376 -0.984807753012 0.044943455528 -0.167731259497 1.21 0.0017 crystal_1
0.411898446381205 0.0376 -0.984807753012 0.044943455528 0.167731259497 1.21 0.0018 crystal_1
0.412837067983289 0.0376 -0.984807753012 0.086824088833 -0.15038373318 1.21 0.0018 crystal_1
0.4108208955223881 0.0376 -0.984807753012 0.086824088833 0.15038373318 1.21 0.0017 crystal_1
0.4087083790706184 0.0376 -0.984807753012 0.122787803969 -0.122787803969 1.21 0.0017 crystal_1
0.4170704435333581 0.0376 -0.984807753012 0.122787803969 0.122787803969 1.21 0.0017 crystal_1
0.4092764378478664 0.0376 -0.984807753012 0.15038373318 -0.086824088833 1.21 0.0061 crystal_2
0.40839836492010406 0.0376 -0.984807753012 0.15038373318 0.086824088833 1.21 0.0061 crystal_2
0.41459744168547785 0.0376 -0.984807753012 0.167731259497 -0.044943455528 1.21 0.006 crystal_2
0.40951667291120275 0.0376 -0.984807753012 0.167731259497 0.044943455528 1.21 0.006 crystal_2
0.4124101399924328 0.0376 -0.984807753012 0.173648177667 0.0 1.21 0.006 crystal_2
0.41070082893745297 0.0376 -0.939692620786 -0.342020143326 0.0 1.21 0.006 crystal_2
0.40888888888888897 0.0376 -0.939692620786 -0.330366089549 -0.088521326901 1.21 0.0061 crystal_2
0.40739343643907966 0.0376 -0.939692620786 -0.330366089549 0.088521326901 1.21 0.006 crystal_2
0.4107346783403122 0.0376 -0.939692620786 -0.296198132726 -0.171010071663 1.21 0.006 crystal_2
0.4123788217747949 0.0376 -0.939692620786 -0.296198132726 0.171010071663 1.21 0.0061 crystal_2
0.41346519589197417 0.0376 -0.939692620786 -0.241844762648 -0.241844762648 1.21 0.0018 crystal_1
0.4110476190476191 0.0376 -0.939692620786 -0.241844762648 0.241844762648 1.21 0.0018 crystal_1
0.4116064565718677 0.0376 -0.939692620786 -0.171010071663 -0.296198132726 1.21 0.0018 crystal_1
0.40980392156862744 0.0376 -0.939692620786 -0.171010071663 0.296198132726 1.21 0.0018 crystal_1
0.4113997673516868 0.0376 -0.939692620786 -0.088521326901 -0.330366089549 1.21 0.0018 crystal_1
0.4088502269288957 0.0376 -0.939692620786 -0.088521326901 0.330366089549 1.21 0.0018 crystal_1
0.41000000000000003 0.0376 -0.939692620786 0.0 -0.342020143326 1.21 0.0018 crystal_1
0.407744874715262 0.0376 -0.939692620786 0.0 0.342020143326 1.21 0.0018 crystal_1
0.41128720525705453 0.0376 -0.939692620786 0.088521326901 -0.330366089549 1.21 0.0018 crystal_1
0.4115593483320402 0.0376 -0.939692620786 0.088521326901 0.330366089549 1.21 0.0018 crystal_1
0.4085457271364318 0.0376 -0.939692620786 0.171010071663 -0.296198132726 1.21 0.0018 crystal_1
0.40975422427035335 0.0376 -0.939692620786 0.171010071663 0.296198132726 1.21 0.0018 crystal_1
0.4144109797941289 0.0376 -0.939692620786 0.241844762648 -0.241844762648 1.21 0.0018 crystal_1
0.41230068337129844 0.0376 -0.939692620786 0.241844762648 0.241844762648 1.21 0.0018 crystal_1
0.41094295692665894 0.0376 -0.939692620786 0.296198132726 -0.171010071663 1.21 0.0059 crystal_2
0.40576995129261906 0.0376 -0.939692620786 0.296198132726 0.171010071663 1.21 0.006 crystal_2
0.40878122634367897 0.0376 -0.939692620786 0.330366089549 -0.088521326901 1.21 0.006 crystal_2
0.4095022624434389 0.0376 -0.939692620786 0.330366089549 0.088521326901 1.21 0.006 crystal_2
0.41131498470948014 0.0376 -0.939692620786 0.342020143326 0.0 1.21 0.0059 crystal_2
0.4124423963133641 0.0376 -0.866025403784 -0.5 0.0 1.21 0.0059 crystal_2
0.41067373202119606 0.0376 -0.866025403784 -0.482962913145 -0.129409522551 1.21 0.006 crystal_2
0.4086766314254465 0.0376 -0.866025403784 -0.482962913145 0.129409522551 1.21 0.0062 crystal_2
0.41192204814673283 0.0376 -0.866025403784 -0.433012701892 -0.25 1.21 0.0059 crystal_2
0.4074923547400612 0.0376 -0.866025403784 -0.433012701892 0.25 1.21 0.0059 crystal_2
0.4159631619339984 0.0376 -0.866025403784 -0.353553390593 -0.353553390593 1.21 0.0018 crystal_1
0.412568306010929 0.0376 -0.866025403784 -0.353553390593 0.353553390593 1.21 0.0018 crystal_1
0.4095507891541885 0.0376 -0.866025403784 -0.25 -0.433012701892 1.21 0.0019 crystal_1
0.4107899807321772 0.0376 -0.866025403784 -0.25 0.433012701892 1.21 0.0018 crystal_1
0.412711182622687 0.0376 -0.866025403784 -0.129409522551 -0.482962913145 1.21 0.0019 crystal_1
0.40816326530612257 0.0376 -0.866025403784 -0.129409522551 0.482962913145 1.21 0.0018 crystal_1
0.4095435684647303 0.0376 -0.866025403784 0.0 -0.5 1.21 0.0019 crystal_1
0.40429765220851577 0.0376 -0.866025403784 0.0 0.5 1.21 0.0019 crystal_1
0.4130434782608696 0.0376 -0.866025403784 0.129409522551 -0.482962913145 1.21 0.0018 crystal_1
0.40557518649391433 0.0376 -0.866025403784 0.129409522551 0.482962913145 1.21 0.0018 crystal_1
0.41299303944315546 0.0376 -0.866025403784 0.25 -0.433012701892 1.21 0.0018 crystal_1
0.4097056483691328 0.0376 -0.866025403784 0.25 0.433012701892 1.21 0.0019 crystal_1
0.4111617312072894 0.0376 -0.866025403784 0.353553390593 -0.353553390593 1.21 0.0018 crystal_1
0.40842272546682556 0.0376 -0.866025403784 0.353553390593 0.353553390593 1.21 0.0019 crystal_1
0.4130434782608695 0.0376 -0.866025403784 0.433012701892 -0.25 1.21 0.0059 crystal_2
0.4106037151702787 0.0376 -0.866025403784 0.433012701892 0.25 1.21 0.0059 crystal_2
0.4090386824971276 0.0376 -0.866025403784 0.482962913145 -0.129409522551 1.21 0.0059 crystal_2
0.4102272727272728 0.0376 -0.866025403784 0.482962913145 0.129409522551 1.21 0.006 crystal_2
0.4134099616858238 0.0376 -0.866025403784 0.5 0.0 1.21 0.0059 crystal_2
0.41255778120184905 0.0376 -0.766044443119 -0.642787609687 0.0 1.21 0.0059 crystal_2
0.41374045801526727 0.0376 -0.766044443119 -0.620885153015 -0.166365675343 1.21 0.0059 crystal_2
0.41207747816179263 0.0376 -0.766044443119 -0.620885153015 0.166365675343 1.21 0.006 crystal_2
0.41426882144264876 0.0376 -0.766044443119 -0.556670399226 -0.321393804843 1.21 0.0058 crystal_2
0.4094728800611154 0.0376 -0.766044443119 -0.556670399226 0.321393804843 1.21 0.0059 crystal_2
0.4087705559906031 0.0376 -0.766044443119 -0.454519477672 -0.454519477672 1.21 0.0018 crystal_1
0.40909090909090906 0.0376 -0.766044443119 -0.454519477672 0.454519477672 1.21 0.0019 crystal_1
0.4106012658227849 0.0376 -0.766044443119 -0.321393804843 -0.556670399226 1.21 0.0018 crystal_1
0.40593254774481924 0.0376 -0.766044443119 -0.321393804843 0.556670399226 1.21 0.0019 crystal_1
0.4079224610198061 0.0376 -0.766044443119 -0.166365675343 -0.620885153015 1.21 0.002 crystal_1
0.4039951080309825 0.0376 -0.766044443119 -0.166365675343 0.620885153015 1.21 0.0019 crystal_1
0.40718562874251496 0.0376 -0.766044443119 0.0 -0.642787609687 1.21 0.002 crystal_1
0.40583232077764275 0.0376 -0.766044443119 1.1415e-08 0.642787609687 1.21 0.0019 crystal_1
0.40813758389261745 0.0376 -0.766044443119 0.166365675343 -0.620885153015 1.21 0.002 crystal_1
0.40562576437015896 0.0376 -0.766044443119 0.166365675343 0.620885153015 1.21 0.0019 crystal_1
0.41094199917729335 0.0376 -0.766044443119 0.321393804843 -0.556670399226 1.21 0.0019 crystal_1
0.4057308970099667 0.0376 -0.766044443119 0.321393804843 0.556670399226 1.21 0.0019 crystal_1
0.40959119496855345 0.0376 -0.766044443119 0.454519477672 -0.454519477672 1.21 0.0018 crystal_1
0.4093117408906882 0.0376 -0.766044443119 0.454519477672 0.454519477672 1.21 0.0019 crystal_1
0.41591177628987797 0.0376 -0.766044443119 0.556670399226 -0.321393804843 1.21 0.0058 crystal_2
0.4103773584905661 0.0376 -0.766044443119 0.556670399226 0.321393804843 1.21 0.0058 crystal_2
0.4120090634441087 0.0376 -0.766044443119 0.620885153015 -0.166365675343 1.21 0.006 crystal_2
0.4155995343422584 0.0376 -0.766044443119 0.620885153015 0.166365675343 1.21 0.0059 crystal_2
0.4137799771602588 0.0376 -0.766044443119 0.642787609687 0.0 1.21 0.006 crystal_2
0.41906614785992224 0.0376 -0.5 -0.866025403784 0.0 1.21 0.0059 crystal_2
0.41565778853914437 0.0376 -0.5 -0.836516303738 -0.224143868042 1.21 0.0057 crystal_2
0.41294907224634825 0.0376 -0.5 -0.836516303738 0.224143868042 1.21 0.0058 crystal_2
0.41503267973856206 0.0376 -0.5 -0.75 -0.433012701892 1.21 0.0057 crystal_2
0.4142085583714168 0.0376 -0.5 -0.75 0.433012701892 1.21 0.0056 crystal_2
0.41412380122057546 0.0376 -0.5 -0.612372435696 -0.612372435696 1.21 0.002 crystal_1
0.4108333333333333 0.0376 -0.5 -0.612372435696 0.612372435696 1.21 0.0019 crystal_1
0.4113667117726658 0.0376 -0.5 -0.433012701892 -0.75 1.21 0.0021 crystal_1
0.41054030115146145 0.0376 -0.5 -0.433012701892 0.75 1.21 0.0021 crystal_1
0.4068901303538174 0.0376 -0.5 -0.224143868042 -0.836516303738 1.21 0.0022 crystal_1
0.4125780553077609 0.0376 -0.5 -0.224143868042 0.836516303738 1.21 0.0021 crystal_1
0.40423529411764714 0.0376 -0.5 -0.0 -0.866025403784 1.21 0.0022 crystal_1
0.40915208613728116 0.0376 -0.5 0.0 0.866025403784 1.21 0.0021 crystal_1
0.4116268166901078 0.0376 -0.5 0.224143868042 -0.836516303738 1.21 0.0022 crystal_1
0.40949820788530467 0.0376 -0.5 0.224143868042 0.836516303738 1.21 0.0021 crystal_1
0.40796019900497515 0.0376 -0.5 0.433012701892 -0.75 1.21 0.0021 crystal_1
0.4058098591549296 0.0376 -0.5 0.433012701892 0.75 1.21 0.0021 crystal_1
0.4162720619888076 0.0376 -0.5 0.612372435696 -0.612372435696 1.21 0.002 crystal_1
0.4107371112057946 0.0376 -0.5 0.612372435696 0.612372435696 1.21 0.002 crystal_1
0.416394779771615 0.0376 -0.5 0.75 -0.433012701892 1.21 0.0057 crystal_2
0.4105177333876885 0.0376 -0.5 0.75 0.433012701892 1.21 0.0057 crystal_2
0.4171143514965464 0.0376 -0.5 0.836516303738 -0.224143868042 1.21 0.0059 crystal_2
0.4154325798908808 0.0376 -0.5 0.836516303738 0.224143868042 1.21 0.0059 crystal_2
0.4144661308840413 0.0376 -0.5 0.866025403784 0.0 1.21 0.0059 crystal_2
0.4169899146625291 0.0376 -0.173648177667 -0.984807753012 0.0 1.21 0.0059 crystal_2
0.4159844054580897 0.0376 -0.173648177667 -0.951251242564 -0.254887002244 1.21 0.0059 crystal_2
0.4193293885601578 0.0376 -0.173648177667 -0.951251242564 0.254887002244 1.21 0.0058 crystal_2
0.415282392026578 0.0376 -0.173648177667 -0.852868531952 -0.492403876506 1.21 0.0056 crystal_2
0.4158536585365854 0.0376 -0.173648177667 -0.852868531952 0.492403876506 1.21 0.0057 crystal_2
0.41674127126230975 0.0376 -0.173648177667 -0.69636424032 -0.69636424032 1.21 0.0021 crystal_1
0.41709621993127155 0.0376 -0.173648177667 -0.69636424032 0.69636424032 1.21 0.002 crystal_1
0.41294227188081933 0.0376 -0.173648177667 -0.492403876506 -0.852868531952 1.21 0.0022 crystal_1
0.40863177226813585 0.0376 -0.173648177667 -0.492403876506 0.852868531952 1.21 0.0021 crystal_1
0.4130538351595998 0.0376 -0.173648177667 -0.254887002244 -0.951251242564 1.21 0.0022 crystal_1
0.41044061302682 0.0376 -0.173648177667 -0.254887002244 0.951251242564 1.21 0.0022 crystal_1
0.414320987654321 0.0376 -0.173648177667 -0.0 -0.984807753012 1.21 0.0023 crystal_1
0.41412213740458015 0.0376 -0.173648177667 0.0 0.984807753012 1.21 0.0022 crystal_1
0.414574101427868 0.0376 -0.173648177667 0.254887002244 -0.951251242564 1.21 0.0023 crystal_1
0.41511238641798187 0.0376 -0.173648177667 0.254887002244 0.951251242564 1.21 0.0022 crystal_1
0.41498829039812646 0.0376 -0.173648177667 0.492403876506 -0.852868531952 1.21 0.0022 crystal_1
0.4077849860982391 0.0376 -0.173648177667 0.492403876506 0.852868531952 1.21 0.0022 crystal_1
0.4136865342163355 0.0376 -0.173648177667 0.69636424032 -0.69636424032 1.21 0.002 crystal_1
0.4147321428571429 0.0376 -0.173648177667 0.69636424032 0.69636424032 1.21 0.0021 crystal_1
0.41190765492102066 0.0376 -0.173648177667 0.852868531952 -0.492403876506 1.21 0.0057 crystal_2
0.4146736927442237 0.0376 -0.173648177667 0.852868531952 0.492403876506 1.21 0.0057 crystal_2
0.41762149348083755 0.0376 -0.173648177667 0.951251242564 -0.254887002244 1.21 0.0058 crystal_2
0.4142574257425743 0.0376 -0.173648177667 0.951251242564 0.254887002244 1.21 0.0058 crystal_2
0.41705069124423977 0.0376 -0.173648177667 0.984807753012 0.0 1.21 0.0059 crystal_2
0.41705069124423977 0.0376 0.173648177667 -0.984807753012 0.0 1.21 0.0059 crystal_2
0.4142574257425743 0.0376 0.173648177667 -0.951251242564 -0.254887002244 1.21 0.0058 crystal_2
0.41762149348083755 0.0376 0.173648177667 -0.951251242564 0.254887002244 1.21 0.0058 crystal_2
0.4146736927442237 0.0376 0.173648177667 -0.852868531952 -0.492403876506 1.21 0.0057 crystal_2
0.41190765492102066 0.0376 0.173648177667 -0.852868531952 0.492403876506 1.21 0.0057 crystal_2
0.4147321428571429 0.0376 0.173648177667 -0.69636424032 -0.69636424032 1.21 0.0021 crystal_1
0.4136865342163355 0.0376 0.173648177667 -0.69636424032 0.69636424032 1.21 0.002 crystal_1
0.4077849860982391 0.0376 0.173648177667 -0.492403876506 -0.852868531952 1.21 0.0022 crystal_1
0.41498829039812646 0.0376 0.173648177667 -0.492403876506 0.852868531952 1.21 0.0022 crystal_1
0.41511238641798187 0.0376 0.173648177667 -0.254887002244 -0.951251242564 1.21 0.0022 crystal_1
0.414574101427868 0.0376 0.173648177667 -0.254887002244 0.951251242564 1.21 0.0023 crystal_1
0.41412213740458015 0.0376 0.173648177667 0.0 -0.984807753012 1.21 0.0022 crystal_1
0.414320987654321 0.0376 0.173648177667 0.0 0.984807753012 1.21 0.0023 crystal_1
0.41044061302682 0.0376 0.173648177667 0.254887002244 -0.951251242564 1.21 0.0022 crystal_1
0.4130538351595998 0.0376 0.173648177667 0.254887002244 0.951251242564 1.21 0.0022 crystal_1
0.40863177226813585 0.0376 0.173648177667 0.492403876506 -0.852868531952 1.21 0.0021 crystal_1
0.41294227188081933 0.0376 0.173648177667 0.492403876506 0.852868531952 1.21 0.0022 crystal_1
0.41709621993127155 0.0376 0.173648177667 0.69636424032 -0.69636424032 1.21 0.002 crystal_1
0.41674127126230975 0.0376 0.173648177667 0.69636424032 0.69636424032 1.21 0.0021 crystal_1
0.4158536585365854 0.0376 0.173648177667 0.852868531952 -0.492403876506 1.21 0.0057 crystal_2
0.415282392026578 0.0376 0.173648177667 0.852868531952 0.492403876506 1.21 0.0056 crystal_2
0.4193293885601578 0.0376 0.173648177667 0.951251242564 -0.254887002244 1.21 0.0058 crystal_2
0.4159844054580897 0.0376 0.173648177667 0.951251242564 0.254887002244 1.21 0.0059 crystal_2
0.4169899146625291 0.0376 0.173648177667 0.984807753012 0.0 1.21 0.0059 crystal_2
0.4144661308840413 0.0376 0.5 -0.866025403784 0.0 1.21 0.0059 crystal_2
0.4154325798908808 0.0376 0.5 -0.836516303738 -0.224143868042 1.21 0.0059 crystal_2
0.4171143514965464 0.0376 0.5 -0.836516303738 0.224143868042 1.21 0.0059 crystal_2
0.4105177333876885 0.0376 0.5 -0.75 -0.433012701892 1.21 0.0057 crystal_2
0.416394779771615 0.0376 0.5 -0.75 0.433012701892 1.21 0.0057 crystal_2
0.4107371112057946 0.0376 0.5 -0.612372435696 -0.612372435696 1.21 0.002 crystal_1
0.41426882144264876 0.0376 0.5 -0.612372435696 0.612372435696 1.21 0.0018 crystal_1
0.4058098591549296 0.0376 0.5 -0.433012701892 -0.75 1.21 0.0021 crystal_1
0.40823183536329277 0.0376 0.5 -0.433012701892 0.75 1.21 0.002 crystal_1
0.40949820788530467 0.0376 0.5 -0.224143868042 -0.836516303738 1.21 0.0021 crystal_1
0.4121683440073193 0.0376 0.5 -0.224143868042 0.836516303738 1.21 0.0021 crystal_1
0.40915208613728116 0.0376 0.5 0.0 -0.866025403784 1.21 0.0021 crystal_1
0.4115473441108545 0.0376 0.5 0.0 0.866025403784 1.21 0.0021 crystal_1
0.4125780553077609 0.0376 0.5 0.224143868042 -0.836516303738 1.21 0.0021 crystal_1
0.4105747126436782 0.0376 0.5 0.224143868042 0.836516303738 1.21 0.0021 crystal_1
0.41054030115146145 0.0376 0.5 0.433012701892 -0.75 1.21 0.0021 crystal_1
0.4136125654450262 0.0376 0.5 0.433012701892 0.75 1.21 0.002 crystal_1
0.4108333333333333 0.0376 0.5 0.612372435696 -0.612372435696 1.21 0.0019 crystal_1
0.4115523465703971 0.0376 0.5 0.612372435696 0.612372435696 1.21 0.0019 crystal_1
0.4100633914421553 0.0376 0.5 0.75 -0.433012701892 1.21 0.0058 crystal_2
0.41394422310756973 0.0376 0.5 0.75 0.433012701892 1.21 0.0058 crystal_2
0.41469013006886 0.0376 0.5 0.836516303738 -0.224143868042 1.21 0.0059 crystal_2
0.4161442006269592 0.0376 0.5 0.836516303738 0.224143868042 1.21 0.0058 crystal_2
0.41398058252427183 0.0376 0.5 0.866025403784 0.0 1.21 0.0059 crystal_2
0.4137799771602588 0.0376 0.766044443119 -0.642787609687 0.0 1.21 0.006 crystal_2
0.4155995343422584 0.0376 0.766044443119 -0.620885153015 -0.166365675343 1.21 0.0059 crystal_2
0.4120090634441087 0.0376 0.766044443119 -0.620885153015 0.166365675343 1.21 0.006 crystal_2
0.4103773584905661 0.0376 0.766044443119 -0.556670399226 -0.321393804843 1.21 0.0058 crystal_2
0.41591177628987797 0.0376 0.766044443119 -0.556670399226 0.321393804843 1.21 0.0058 crystal_2
0.4093117408906882 0.0376 0.766044443119 -0.454519477672 -0.454519477672 1.21 0.0019 crystal_1
0.40959119496855345 0.0376 0.766044443119 -0.454519477672 0.454519477672 1.21 0.0018 crystal_1
0.4057308970099667 0.0376 0.766044443119 -0.321393804843 -0.556670399226 1.21 0.0019 crystal_1
0.41094199917729335 0.0376 0.766044443119 -0.321393804843 0.556670399226 1.21 0.0019 crystal_1
0.40562576437015896 0.0376 0.766044443119 -0.166365675343 -0.620885153015 1.21 0.0019 crystal_1
0.40813758389261745 0.0376 0.766044443119 -0.166365675343 0.620885153015 1.21 0.002 crystal_1
0.40583232077764275 0.0376 0.766044443119 -1.1415e-08 -0.642787609687 1.21 0.0019 crystal_1
0.40718562874251496 0.0376 0.766044443119 0.0 0.642787609687 1.21 0.002 crystal_1
0.4039951080309825 0.0376 0.766044443119 0.166365675343 -0.620885153015 1.21 0.0019 crystal_1
0.4079224610198061 0.0376 0.766044443119 0.166365675343 0.620885153015 1.21 0.002 crystal_1
0.40593254774481924 0.0376 0.766044443119 0.321393804843 -0.556670399226 1.21 0.0019 crystal_1
0.4106012658227849 0.0376 0.766044443119 0.321393804843 0.556670399226 1.21 0.0018 crystal_1
0.40909090909090906 0.0376 0.766044443119 0.454519477672 -0.454519477672 1.21 0.0019 crystal_1
0.4087705559906031 0.0376 0.766044443119 0.454519477672 0.454519477672 1.21 0.0018 crystal_1
0.4094728800611154 0.0376 0.766044443119 0.556670399226 -0.321393804843 1.21 0.0059 crystal_2
0.41426882144264876 0.0376 0.766044443119 0.556670399226 0.321393804843 1.21 0.0058 crystal_2
0.41207747816179263 0.0376 0.766044443119 0.620885153015 -0.166365675343 1.21 0.006 crystal_2
0.41374045801526727 0.0376 0.766044443119 0.620885153015 0.166365675343 1.21 0.0059 crystal_2
0.41255778120184905 0.0376 0.766044443119 0.642787609687 0.0 1.21 0.0059 crystal_2
0.4134099616858238 0.0376 0.866025403784 -0.5 0.0 1.21 0.0059 crystal_2
0.4102272727272728 0.0376 0.866025403784 -0.482962913145 -0.129409522551 1.21 0.006 crystal_2
0.4090386824971276 0.0376 0.866025403784 -0.482962913145 0.129409522551 1.21 0.0059 crystal_2
0.4106037151702787 0.0376 0.866025403784 -0.433012701892 -0.25 1.21 0.0059 crystal_2
0.4130434782608695 0.0376 0.866025403784 -0.433012701892 0.25 1.21 0.0059 crystal_2
0.40842272546682556 0.0376 0.866025403784 -0.353553390593 -0.353553390593 1.21 0.0019 crystal_1
0.4111617312072894 0.0376 0.866025403784 -0.353553390593 0.353553390593 1.21 0.0018 crystal_1
0.4097056483691328 0.0376 0.866025403784 -0.25 -0.433012701892 1.21 0.0019 crystal_1
0.41299303944315546 0.0376 0.866025403784 -0.25 0.433012701892 1.21 0.0018 crystal_1
0.40557518649391433 0.0376 0.866025403784 -0.129409522551 -0.482962913145 1.21 0.0018 crystal_1
0.4130434782608696 0.0376 0.866025403784 -0.129409522551 0.482962913145 1.21 0.0018 crystal_1
0.40429765220851577 0.0376 0.866025403784 0.0 -0.5 1.21 0.0019 crystal_1
0.4095435684647303 0.0376 0.866025403784 0.0 0.5 1.21 0.0019 crystal_1
0.40816326530612257 0.0376 0.866025403784 0.129409522551 -0.482962913145 1.21 0.0018 crystal_1
0.412711182622687 0.0376 0.866025403784 0.129409522551 0.482962913145 1.21 0.0019 crystal_1
0.4107899807321772 0.0376 0.866025403784 0.25 -0.433012701892 1.21 0.0018 crystal_1
0.4095507891541885 0.0376 0.866025403784 0.25 0.433012701892 1.21 0.0019 crystal_1
0.412568306010929 0.0376 0.866025403784 0.353553390593 -0.353553390593 1.21 0.0018 crystal_1
0.4159631619339984 0.0376 0.866025403784 0.353553390593 0.353553390593 1.21 0.0018 crystal_1
0.4074923547400612 0.0376 0.866025403784 0.433012701892 -0.25 1.21 0.0059 crystal_2
0.41192204814673283 0.0376 0.866025403784 0.433012701892 0.25 1.21 0.0059 crystal_2
0.4086766314254465 0.0376 0.866025403784 0.482962913145 -0.129409522551 1.21 0.0062 crystal_2
0.41067373202119606 0.0376 0.866025403784 0.482962913145 0.129409522551 1.21 0.006 crystal_2
0.4124423963133641 0.0376 0.866025403784 0.5 0.0 1.21 0.0059 crystal_2
0.41131498470948014 0.0376 0.939692620786 -0.342020143326 0.0 1.21 0.0059 crystal_2
0.4095022624434389 0.0376 0.939692620786 -0.330366089549 -0.088521326901 1.21 0.006 crystal_2
0.40878122634367897 0.0376 0.939692620786 -0.330366089549 0.088521326901 1.21 0.006 crystal_2
0.40576995129261906 0.0376 0.939692620786 -0.296198132726 -0.171010071663 1.21 0.006 crystal_2
0.41094295692665894 0.0376 0.939692620786 -0.296198132726 0.171010071663 1.21 0.0059 crystal_2
0.41230068337129844 0.0376 0.939692620786 -0.241844762648 -0.241844762648 1.21 0.0018 crystal_1
0.4144109797941289 0.0376 0.939692620786 -0.241844762648 0.241844762648 1.21 0.0018 crystal_1
0.40975422427035335 0.0376 0.939692620786 -0.171010071663 -0.296198132726 1.21 0.0018 crystal_1
0.4085457271364318 0.0376 0.939692620786 -0.171010071663 0.296198132726 1.21 0.0018 crystal_1
0.4115593483320402 0.0376 0.939692620786 -0.088521326901 -0.330366089549 1.21 0.0018 crystal_1
0.41128720525705453 0.0376 0.939692620786 -0.088521326901 0.330366089549 1.21 0.0018 crystal_1
0.407744874715262 0.0376 0.939692620786 0.0 -0.342020143326 1.21 0.0018 crystal_1
0.41000000000000003 0.0376 0.939692620786 0.0 0.342020143326 1.21 0.0018 crystal_1
0.4088502269288957 0.0376 0.939692620786 0.088521326901 -0.330366089549 1.21 0.0018 crystal_1
0.4113997673516868 0.0376 0.939692620786 0.088521326901 0.330366089549 1.21 0.0018 crystal_1
0.40980392156862744 0.0376 0.939692620786 0.171010071663 -0.296198132726 1.21 0.0018 crystal_1
0.4116064565718677 0.0376 0.939692620786 0.171010071663 0.296198132726 1.21 0.0018 crystal_1
0.4110476190476191 0.0376 0.939692620786 0.241844762648 -0.241844762648 1.21 0.0018 crystal_1
0.41346519589197417 0.0376 0.939692620786 0.241844762648 0.241844762648 1.21 0.0018 crystal_1
0.4123788217747949 0.0376 0.939692620786 0.296198132726 -0.171010071663 1.21 0.0061 crystal_2
0.4107346783403122 0.0376 0.939692620786 0.296198132726 0.171010071663 1.21 0.006 crystal_2
0.40739343643907966 0.0376 0.939692620786 0.330366089549 -0.088521326901 1.21 0.006 crystal_2
0.40888888888888897 0.0376 0.939692620786 0.330366089549 0.088521326901 1.21 0.0061 crystal_2
0.41070082893745297 0.0376 0.939692620786 0.342020143326 0.0 1.21 0.006 crystal_2
0.4124101399924328 0.0376 0.984807753012 -0.173648177667 0.0 1.21 0.006 crystal_2
0.40951667291120275 0.0376 0.984807753012 -0.167731259497 -0.044943455528 1.21 0.006 crystal_2
0.41459744168547785 0.0376 0.984807753012 -0.167731259497 0.044943455528 1.21 0.006 crystal_2
0.40839836492010406 0.0376 0.984807753012 -0.15038373318 -0.086824088833 1.21 0.0061 crystal_2
0.4092764378478664 0.0376 0.984807753012 -0.15038373318 0.086824088833 1.21 0.0061 crystal_2
0.4170704435333581 0.0376 0.984807753012 -0.122787803969 -0.122787803969 1.21 0.0017 crystal_1
0.4087083790706184 0.0376 0.984807753012 -0.122787803969 0.122787803969 1.21 0.0017 crystal_1
0.4108208955223881 0.0376 0.984807753012 -0.086824088833 -0.15038373318 1.21 0.0017 crystal_1
0.412837067983289 0.0376 0.984807753012 -0.086824088833 0.15038373318 1.21 0.0018 crystal_1
0.411898446381205 0.0376 0.984807753012 -0.044943455528 -0.167731259497 1.21 0.0018 crystal_1
0.41315789473684217 0.0376 0.984807753012 -0.044943455528 0.167731259497 1.21 0.0017 crystal_1
0.41499432033320716 0.0376 0.984807753012 -1.4675e-08 -0.173648177667 1.21 0.0018 crystal_1
0.4163498098859316 0.0376 0.984807753012 0.0 0.173648177667 1.21 0.0018 crystal_1
0.41238273921200763 0.0376 0.984807753012 0.044943455528 -0.167731259497 1.21 0.0017 crystal_1
0.41345051585785253 0.0376 0.984807753012 0.044943455528 0.167731259497 1.21 0.0018 crystal_1
0.4156671664167916 0.0376 0.984807753012 0.086824088833 -0.15038373318 1.21 0.0017 crystal_1
0.41336918939684975 0.0376 0.984807753012 0.086824088833 0.15038373318 1.21 0.0018 crystal_1
0.41315789473684217 0.0376 0.984807753012 0.122787803969 -0.122787803969 1.21 0.0017 crystal_1
0.413124533929903 0.0376 0.984807753012 0.122787803969 0.122787803969 1.21 0.0017 crystal_1
0.40982348426707604 0.0376 0.984807753012 0.15038373318 -0.086824088833 1.21 0.0059 crystal_2
0.40715372907153724 0.0376 0.984807753012 0.15038373318 0.086824088833 1.21 0.006 crystal_2
0.41124586549062847 0.0376 0.984807753012 0.167731259497 -0.044943455528 1.21 0.0061 crystal_2
0.41232048374905517 0.0376 0.984807753012 0.167731259497 0.044943455528 1.21 0.006 crystal_2
0.4129539498315238 0.0376 0.984807753012 0.173648177667 0.0 1.21 0.006 crystal_2
0.4189240747806181 0.0376 1.0 0.0 0.0 1.21 0.0018 crystal_1
