0.32227967832759796 -1.0 0.0 0.0 crystal_1
0.31420610642402047 -0.984807753012 -0.173648177667 0.0 crystal_2
0.31345424534790045 -0.984807753012 -0.167731259497 -0.044943455528 crystal_2
0.313325894168086 -0.984807753012 -0.167731259497 0.044943455528 crystal_2
0.31402653140850567 -0.984807753012 -0.15038373318 -0.086824088833 crystal_2
0.3135314182061949 -0.984807753012 -0.15038373318 0.086824088833 crystal_2
0.3168963855421687 -0.984807753012 -0.122787803969 -0.122787803969 crystal_1
0.31762688486701085 -0.984807753012 -0.122787803969 0.122787803969 crystal_1
0.31752047229099223 -0.984807753012 -0.086824088833 -0.15038373318 crystal_1
0.3138752707787026 -0.984807753012 -0.086824088833 0.15038373318 crystal_1
0.3162797800855224 -0.984807753012 -0.044943455528 -0.167731259497 crystal_1
0.3147068320385952 -0.984807753012 -0.044943455528 0.167731259497 crystal_1
0.3180422408627921 -0.984807753012 0.0 -0.173648177667 crystal_1
0.3157122152439704 -0.984807753012 0.0 0.173648177667 crystal_1
0.3172837137924419 -0.984807753012 0.044943455528 -0.167731259497 crystal_1
0.31244524018132647 -0.984807753012 0.044943455528 0.167731259497 crystal_1
0.3157653266043471 -0.984807753012 0.086824088833 -0.15038373318 crystal_1
0.31452822664869073 -0.984807753012 0.086824088833 0.15038373318 crystal_1
0.31722111648185014 -0.984807753012 0.122787803969 -0.122787803969 crystal_1
0.3157248621288812 -0.984807753012 0.122787803969 0.122787803969 crystal_1
0.31113320079522866 -0.984807753012 0.15038373318 -0.086824088833 crystal_2
0.3127953755419286 -0.984807753012 0.15038373318 0.086824088833 crystal_2
0.3138172843375382 -0.984807753012 0.167731259497 -0.044943455528 crystal_2
0.31525024533856716 -0.984807753012 0.167731259497 0.044943455528 crystal_2
0.3161217066646139 -0.984807753012 0.173648177667 0.0 crystal_2
0.31460256610859016 -0.939692620786 -0.342020143326 0.0 crystal_2
0.3120202579726201 -0.939692620786 -0.330366089549 -0.088521326901 crystal_2
0.3117313804062457 -0.939692620786 -0.330366089549 0.088521326901 crystal_2
0.31537640360588326 -0.939692620786 -0.296198132726 -0.171010071663 crystal_2
0.31047223868800633 -0.939692620786 -0.296198132726 0.171010071663 crystal_2
0.3162589539126909 -0.939692620786 -0.241844762648 -0.241844762648 crystal_1
0.3112873259399721 -0.939692620786 -0.241844762648 0.241844762648 crystal_1
0.310429948686052 -0.939692620786 -0.171010071663 -0.296198132726 crystal_1
0.3081357112460831 -0.939692620786 -0.171010071663 0.296198132726 crystal_1
0.3117426315378 -0.939692620786 -0.088521326901 -0.330366089549 crystal_1
0.3035201633879887 -0.939692620786 -0.088521326901 0.330366089549 crystal_1
0.31302856697455084 -0.939692620786 -0.0 -0.342020143326 crystal_1
0.31421944217350795 -0.939692620786 0.0 0.342020143326 crystal_1
0.3127602588414694 -0.939692620786 0.088521326901 -0.330366089549 crystal_1
0.3083132810680742 -0.939692620786 0.088521326901 0.330366089549 crystal_1
0.31097478110621446 -0.939692620786 0.171010071663 -0.296198132726 crystal_1
0.30719804176547083 -0.939692620786 0.171010071663 0.296198132726 crystal_1
0.3148476667952179 -0.939692620786 0.241844762648 -0.241844762648 crystal_1
0.31084696529582634 -0.939692620786 0.241844762648 0.241844762648 crystal_1
0.3072040182720639 -0.939692620786 0.296198132726 -0.171010071663 crystal_2
0.3147682145244367 -0.939692620786 0.296198132726 0.171010071663 crystal_2
0.31090858769571406 -0.939692620786 0.330366089549 -0.088521326901 crystal_2
0.31204911141957803 -0.939692620786 0.330366089549 0.088521326901 crystal_2
0.31461412151067325 -0.939692620786 0.342020143326 0.0 crystal_2
0.3081235810877505 -0.866025403784 -0.5 0.0 crystal_2
0.30514383616224394 -0.866025403784 -0.482962913145 -0.129409522551 crystal_2
0.3085983276064115 -0.866025403784 -0.482962913145 0.129409522551 crystal_2
0.3049247359243149 -0.866025403784 -0.433012701892 -0.25 crystal_2
0.3084667734187351 -0.866025403784 -0.433012701892 0.25 crystal_2
0.31337582139181375 -0.866025403784 -0.353553390593 -0.353553390593 crystal_1
0.30617608409986863 -0.866025403784 -0.353553390593 0.353553390593 crystal_1
0.3091457007474375 -0.866025403784 -0.25 -0.433012701892 crystal_1
0.3049971394188089 -0.866025403784 -0.25 0.433012701892 crystal_1
0.3025094811587187 -0.866025403784 -0.129409522551 -0.482962913145 crystal_1
0.3000632836293162 -0.866025403784 -0.129409522551 0.482962913145 crystal_1
0.30779972072611206 -0.866025403784 -1.2905e-08 -0.5 crystal_1
0.306896148448464 -0.866025403784 0.0 0.5 crystal_1
0.30496726214534 -0.866025403784 0.129409522551 -0.482962913145 crystal_1
0.30335341683843353 -0.866025403784 0.129409522551 0.482962913145 crystal_1
0.307826121335521 -0.866025403784 0.25 -0.433012701892 crystal_1
0.30672086506965546 -0.866025403784 0.25 0.433012701892 crystal_1
0.30830473575840767 -0.866025403784 0.353553390593 -0.353553390593 crystal_1
0.30848389171490376 -0.866025403784 0.353553390593 0.353553390593 crystal_1
0.30556833870225486 -0.866025403784 0.433012701892 -0.25 crystal_2
0.30672988803442647 -0.866025403784 0.433012701892 0.25 crystal_2
0.30337952347722064 -0.866025403784 0.482962913145 -0.129409522551 crystal_2
0.30465572990022016 -0.866025403784 0.482962913145 0.129409522551 crystal_2
0.31150535336066687 -0.866025403784 0.5 0.0 crystal_2
0.3063766683143846 -0.766044443119 -0.642787609687 0.0 crystal_2
0.30229275473372186 -0.766044443119 -0.620885153015 -0.166365675343 crystal_2
0.30617735038445315 -0.766044443119 -0.620885153015 0.166365675343 crystal_2
0.3037432727127224 -0.766044443119 -0.556670399226 -0.321393804843 crystal_2
0.30443531994471096 -0.766044443119 -0.556670399226 0.321393804843 crystal_2
0.30683815305959417 -0.766044443119 -0.454519477672 -0.454519477672 crystal_1
0.3027904875989239 -0.766044443119 -0.454519477672 0.454519477672 crystal_1
0.3022504773124264 -0.766044443119 -0.321393804843 -0.556670399226 crystal_1
0.29823433702267843 -0.766044443119 -0.321393804843 0.556670399226 crystal_1
0.3037717039129352 -0.766044443119 -0.166365675343 -0.620885153015 crystal_1
0.297156205565712 -0.766044443119 -0.166365675343 0.620885153015 crystal_1
0.3071053393440589 -0.766044443119 -0.0 -0.642787609687 crystal_1
0.30059511842052355 -0.766044443119 0.0 0.642787609687 crystal_1
0.30032653231006 -0.766044443119 0.166365675343 -0.620885153015 crystal_1
0.29701426024955435 -0.766044443119 0.166365675343 0.620885153015 crystal_1
0.3024664912173328 -0.766044443119 0.321393804843 -0.556670399226 crystal_1
0.29519432349621033 -0.766044443119 0.321393804843 0.556670399226 crystal_1
0.30461464412490225 -0.766044443119 0.454519477672 -0.454519477672 crystal_1
0.30534034311012725 -0.766044443119 0.454519477672 0.454519477672 crystal_1
0.3001955211545827 -0.766044443119 0.556670399226 -0.321393804843 crystal_2
0.30375136578851525 -0.766044443119 0.556670399226 0.321393804843 crystal_2
0.30499528368153817 -0.766044443119 0.620885153015 -0.166365675343 crystal_2
0.30457451058729523 -0.766044443119 0.620885153015 0.166365675343 crystal_2
0.30714819035642715 -0.766044443119 0.642787609687 0.0 crystal_2
0.30578825594383274 -0.642787609687 -0.766044443119 0.0 crystal_2
0.3027815317586784 -0.642787609687 -0.739942111694 -0.198266891274 crystal_2
0.29951446489985833 -0.642787609687 -0.739942111694 0.198266891274 crystal_2
0.3008525937339497 -0.642787609687 -0.663413948169 -0.383022221559 crystal_2
0.2986242688854106 -0.642787609687 -0.663413948169 0.383022221559 crystal_2
0.29752420639784294 -0.642787609687 -0.54167522042 -0.54167522042 crystal_1
0.3028558953698375 -0.642787609687 -0.54167522042 0.54167522042 crystal_1
0.30192866030692667 -0.642787609687 -0.383022221559 -0.663413948169 crystal_1
0.2944603413137906 -0.642787609687 -0.383022221559 0.663413948169 crystal_1
0.29962818923885637 -0.642787609687 -0.198266891274 -0.739942111694 crystal_1
0.29408203736561944 -0.642787609687 -0.198266891274 0.739942111694 crystal_1
0.2998150470885861 -0.642787609687 -0.0 -0.766044443119 crystal_1
0.2974517057131113 -0.642787609687 9.578e-09 0.766044443119 crystal_1
0.3015248401377275 -0.642787609687 0.198266891274 -0.739942111694 crystal_1
0.29507649977070904 -0.642787609687 0.198266891274 0.739942111694 crystal_1
0.3018441851712458 -0.642787609687 0.383022221559 -0.663413948169 crystal_1
0.2991584249646785 -0.642787609687 0.383022221559 0.663413948169 crystal_1
0.3038442683225754 -0.642787609687 0.54167522042 -0.54167522042 crystal_1
0.2997725946348434 -0.642787609687 0.54167522042 0.54167522042 crystal_1
0.30142263166476435 -0.642787609687 0.663413948169 -0.383022221559 crystal_2
0.30208333333333337 -0.642787609687 0.663413948169 0.383022221559 crystal_2
0.30130578041736156 -0.642787609687 0.739942111694 -0.198266891274 crystal_2
0.3027641951901008 -0.642787609687 0.739942111694 0.198266891274 crystal_2
0.30641575353342865 -0.642787609687 0.766044443119 0.0 crystal_2
0.3020073903924898 -0.5 -0.866025403784 0.0 crystal_2
0.2987990131109435 -0.5 -0.836516303738 -0.224143868042 crystal_2
0.3008218956233045 -0.5 -0.836516303738 0.224143868042 crystal_2
0.2980538251699849 -0.5 -0.75 -0.433012701892 crystal_2
0.3000544411407513 -0.5 -0.75 0.433012701892 crystal_2
0.30131212888759706 -0.5 -0.612372435696 -0.612372435696 crystal_1
0.30113821138211383 -0.5 -0.612372435696 0.612372435696 crystal_1
0.29931813836905496 -0.5 -0.433012701892 -0.75 crystal_1
0.2934848453199089 -0.5 -0.433012701892 0.75 crystal_1
0.30110976815734547 -0.5 -0.224143868042 -0.836516303738 crystal_1
0.29733541314985357 -0.5 -0.224143868042 0.836516303738 crystal_1
0.303354026367166 -0.5 -0.0 -0.866025403784 crystal_1
0.29687832263003444 -0.5 0.0 0.866025403784 crystal_1
0.29943626752067387 -0.5 0.224143868042 -0.836516303738 crystal_1
0.2947720403832552 -0.5 0.224143868042 0.836516303738 crystal_1
0.30289329002950605 -0.5 0.433012701892 -0.75 crystal_1
0.28909645603477097 -0.5 0.433012701892 0.75 crystal_1
0.30204749865296143 -0.5 0.612372435696 -0.612372435696 crystal_1
0.29640435586603664 -0.5 0.612372435696 0.612372435696 crystal_1
0.2965464692436005 -0.5 0.75 -0.433012701892 crystal_2
0.2997063324647392 -0.5 0.75 0.433012701892 crystal_2
0.3006963107744931 -0.5 0.836516303738 -0.224143868042 crystal_2
0.2982770780856424 -0.5 0.836516303738 0.224143868042 crystal_2
0.3031239476238584 -0.5 0.866025403784 0.0 crystal_2
0.301891319125115 -0.342020143326 -0.939692620786 0.0 crystal_2
0.29729729729729737 -0.342020143326 -0.90767337119 -0.243210346802 crystal_2
0.3033419023136247 -0.342020143326 -0.90767337119 0.243210346802 crystal_2
0.29752305338460894 -0.342020143326 -0.813797681349 -0.469846310393 crystal_2
0.2924538148418745 -0.342020143326 -0.813797681349 0.469846310393 crystal_2
0.3000209995800084 -0.342020143326 -0.664463024389 -0.664463024389 crystal_1
0.3017800185204239 -0.342020143326 -0.664463024389 0.664463024389 crystal_1
0.3015545378313874 -0.342020143326 -0.469846310393 -0.813797681349 crystal_1
0.29953362419136453 -0.342020143326 -0.469846310393 0.813797681349 crystal_1
0.2980016203078585 -0.342020143326 -0.243210346802 -0.90767337119 crystal_1
0.29274639966477733 -0.342020143326 -0.243210346802 0.90767337119 crystal_1
0.300890327802509 -0.342020143326 -0.0 -0.939692620786 crystal_1
0.29857799072507096 -0.342020143326 0.0 0.939692620786 crystal_1
0.3002425658072051 -0.342020143326 0.243210346802 -0.90767337119 crystal_1
0.2960607124056851 -0.342020143326 0.243210346802 0.90767337119 crystal_1
0.30109373980734533 -0.342020143326 0.469846310393 -0.813797681349 crystal_1
0.29515055467511886 -0.342020143326 0.469846310393 0.813797681349 crystal_1
0.3022618948072582 -0.342020143326 0.664463024389 -0.664463024389 crystal_1
0.29737099560791824 -0.342020143326 0.664463024389 0.664463024389 crystal_1
0.2968293743657714 -0.342020143326 0.813797681349 -0.469846310393 crystal_2
0.29936411620464654 -0.342020143326 0.813797681349 0.469846310393 crystal_2
0.2967347442971259 -0.342020143326 0.90767337119 -0.243210346802 crystal_2
0.3021899596264427 -0.342020143326 0.90767337119 0.243210346802 crystal_2
0.299953890258816 -0.342020143326 0.939692620786 0.0 crystal_2
0.30162380514338283 -0.173648177667 -0.984807753012 0.0 crystal_2
0.2994694960212201 -0.173648177667 -0.951251242564 -0.254887002244 crystal_2
0.2966546241299778 -0.173648177667 -0.951251242564 0.254887002244 crystal_2
0.29759013637212783 -0.173648177667 -0.852868531952 -0.492403876506 crystal_2
0.2952642732747226 -0.173648177667 -0.852868531952 0.492403876506 crystal_2
0.3010357218347073 -0.173648177667 -0.69636424032 -0.69636424032 crystal_1
0.3008716372985514 -0.173648177667 -0.69636424032 0.69636424032 crystal_1
0.29770859602591415 -0.173648177667 -0.492403876506 -0.852868531952 crystal_1
0.2952021469247049 -0.173648177667 -0.492403876506 0.852868531952 crystal_1
0.29734614504690016 -0.173648177667 -0.254887002244 -0.951251242564 crystal_1
0.2959877024528259 -0.173648177667 -0.254887002244 0.951251242564 crystal_1
0.3051504102096627 -0.173648177667 -2.588e-09 -0.984807753012 crystal_1
0.3007870142646335 -0.173648177667 2.588e-09 0.984807753012 crystal_1
0.29938188052698067 -0.173648177667 0.254887002244 -0.951251242564 crystal_1
0.2957615804123013 -0.173648177667 0.254887002244 0.951251242564 crystal_1
0.2985464357211246 -0.173648177667 0.492403876506 -0.852868531952 crystal_1
0.2941442022442925 -0.173648177667 0.492403876506 0.852868531952 crystal_1
0.29995189391562616 -0.173648177667 0.69636424032 -0.69636424032 crystal_1
0.2985558877791208 -0.173648177667 0.69636424032 0.69636424032 crystal_1
0.29643784401287765 -0.173648177667 0.852868531952 -0.492403876506 crystal_2
0.29637553224633917 -0.173648177667 0.852868531952 0.492403876506 crystal_2
0.29324614284254635 -0.173648177667 0.951251242564 -0.254887002244 crystal_2
0.29596108853589465 -0.173648177667 0.951251242564 0.254887002244 crystal_2
0.2996702722264667 -0.173648177667 0.984807753012 0.0 crystal_2
0.2993463524854746 0.0 -1.0 0.0 crystal_2
0.29553538574757754 0.0 -0.965925826289 -0.258819045103 crystal_2
0.30172060630888975 0.0 -0.965925826289 0.258819045103 crystal_2
0.29467541940189634 0.0 -0.866025403784 -0.5 crystal_2
0.2930955360867751 0.0 -0.866025403784 0.5 crystal_2
0.29945160056115294 0.0 -0.707106781187 -0.707106781187 crystal_1
0.2992187009069772 0.0 -0.707106781187 0.707106781187 crystal_1
0.300460709318498 0.0 -0.5 -0.866025403784 crystal_1
0.29836518232819076 0.0 -0.5 0.866025403784 crystal_1
0.29767038583521566 0.0 -0.258819045103 -0.965925826289 crystal_1
0.300027157923324 0.0 -0.258819045103 0.965925826289 crystal_1
0.3048278995796888 0.0 0.0 -1.0 crystal_1
0.3048278995796888 -0.0 0.0 1.0 crystal_1
0.300027157923324 0.0 0.258819045103 -0.965925826289 crystal_1
0.29767038583521566 0.0 0.258819045103 0.965925826289 crystal_1
0.29836518232819076 0.0 0.5 -0.866025403784 crystal_1
0.300460709318498 0.0 0.5 0.866025403784 crystal_1
0.2992187009069772 0.0 0.707106781187 -0.707106781187 crystal_1
0.29945160056115294 0.0 0.707106781187 0.707106781187 crystal_1
0.2930955360867751 0.0 0.866025403784 -0.5 crystal_2
0.29467541940189634 0.0 0.866025403784 0.5 crystal_2
0.30172060630888975 0.0 0.965925826289 -0.258819045103 crystal_2
0.29553538574757754 0.0 0.965925826289 0.258819045103 crystal_2
0.2993463524854746 0.0 1.0 0.0 crystal_2
0.2996702722264667 0.173648177667 -0.984807753012 0.0 crystal_2
0.29596108853589465 0.173648177667 -0.951251242564 -0.254887002244 crystal_2
0.29324614284254635 0.173648177667 -0.951251242564 0.254887002244 crystal_2
0.29637553224633917 0.173648177667 -0.852868531952 -0.492403876506 crystal_2
0.29643784401287765 0.173648177667 -0.852868531952 0.492403876506 crystal_2
0.2985558877791208 0.173648177667 -0.69636424032 -0.69636424032 crystal_1
0.29995189391562616 0.173648177667 -0.69636424032 0.69636424032 crystal_1
0.2941442022442925 0.173648177667 -0.492403876506 -0.852868531952 crystal_1
0.2985464357211246 0.173648177667 -0.492403876506 0.852868531952 crystal_1
0.2957615804123013 0.173648177667 -0.254887002244 -0.951251242564 crystal_1
0.29938188052698067 0.173648177667 -0.254887002244 0.951251242564 crystal_1
0.3007870142646335 0.173648177667 -2.588e-09 -0.984807753012 crystal_1
0.3051504102096627 0.173648177667 2.588e-09 0.984807753012 crystal_1
0.2959877024528259 0.173648177667 0.254887002244 -0.951251242564 crystal_1
0.29734614504690016 0.173648177667 0.254887002244 0.951251242564 crystal_1
0.2952021469247049 0.173648177667 0.492403876506 -0.852868531952 crystal_1
0.29770859602591415 0.173648177667 0.492403876506 0.852868531952 crystal_1
0.3008716372985514 0.173648177667 0.69636424032 -0.69636424032 crystal_1
0.3010357218347073 0.173648177667 0.69636424032 0.69636424032 crystal_1
0.2952642732747226 0.173648177667 0.852868531952 -0.492403876506 crystal_2
0.29759013637212783 0.173648177667 0.852868531952 0.492403876506 crystal_2
0.2966546241299778 0.173648177667 0.951251242564 -0.254887002244 crystal_2
0.2994694960212201 0.173648177667 0.951251242564 0.254887002244 crystal_2
0.30162380514338283 0.173648177667 0.984807753012 0.0 crystal_2
0.299953890258816 0.342020143326 -0.939692620786 0.0 crystal_2
0.3021899596264427 0.342020143326 -0.90767337119 -0.243210346802 crystal_2
0.2967347442971259 0.342020143326 -0.90767337119 0.243210346802 crystal_2
0.29936411620464654 0.342020143326 -0.813797681349 -0.469846310393 crystal_2
0.2968293743657714 0.342020143326 -0.813797681349 0.469846310393 crystal_2
0.29737099560791824 0.342020143326 -0.664463024389 -0.664463024389 crystal_1
0.3022618948072582 0.342020143326 -0.664463024389 0.664463024389 crystal_1
0.29515055467511886 0.342020143326 -0.469846310393 -0.813797681349 crystal_1
0.30109373980734533 0.342020143326 -0.469846310393 0.813797681349 crystal_1
0.2960607124056851 0.342020143326 -0.243210346802 -0.90767337119 crystal_1
0.3002425658072051 0.342020143326 -0.243210346802 0.90767337119 crystal_1
0.29857799072507096 0.342020143326 0.0 -0.939692620786 crystal_1
0.300890327802509 0.342020143326 0.0 0.939692620786 crystal_1
0.29274639966477733 0.342020143326 0.243210346802 -0.90767337119 crystal_1
0.2980016203078585 0.342020143326 0.243210346802 0.90767337119 crystal_1
0.29953362419136453 0.342020143326 0.469846310393 -0.813797681349 crystal_1
0.3015545378313874 0.342020143326 0.469846310393 0.813797681349 crystal_1
0.3017800185204239 0.342020143326 0.664463024389 -0.664463024389 crystal_1
0.3000209995800084 0.342020143326 0.664463024389 0.664463024389 crystal_1
0.2924538148418745 0.342020143326 0.813797681349 -0.469846310393 crystal_2
0.29752305338460894 0.342020143326 0.813797681349 0.469846310393 crystal_2
0.3033419023136247 0.342020143326 0.90767337119 -0.243210346802 crystal_2
0.29729729729729737 0.342020143326 0.90767337119 0.243210346802 crystal_2
0.301891319125115 0.342020143326 0.939692620786 0.0 crystal_2
0.3031239476238584 0.5 -0.866025403784 0.0 crystal_2
0.2982770780856424 0.5 -0.836516303738 -0.224143868042 crystal_2
0.3006963107744931 0.5 -0.836516303738 0.224143868042 crystal_2
0.2997063324647392 0.5 -0.75 -0.433012701892 crystal_2
0.2965464692436005 0.5 -0.75 0.433012701892 crystal_2
0.29640435586603664 0.5 -0.612372435696 -0.612372435696 crystal_1
0.30204749865296143 0.5 -0.612372435696 0.612372435696 crystal_1
0.28909645603477097 0.5 -0.433012701892 -0.75 crystal_1
0.30289329002950605 0.5 -0.433012701892 0.75 crystal_1
0.2947720403832552 0.5 -0.224143868042 -0.836516303738 crystal_1
0.29943626752067387 0.5 -0.224143868042 0.836516303738 crystal_1
0.29687832263003444 0.5 0.0 -0.866025403784 crystal_1
0.303354026367166 0.5 0.0 0.866025403784 crystal_1
0.29733541314985357 0.5 0.224143868042 -0.836516303738 crystal_1
0.30110976815734547 0.5 0.224143868042 0.836516303738 crystal_1
0.2934848453199089 0.5 0.433012701892 -0.75 crystal_1
0.29931813836905496 0.5 0.433012701892 0.75 crystal_1
0.30113821138211383 0.5 0.612372435696 -0.612372435696 crystal_1
0.30131212888759706 0.5 0.612372435696 0.612372435696 crystal_1
0.3000544411407513 0.5 0.75 -0.433012701892 crystal_2
0.2980538251699849 0.5 0.75 0.433012701892 crystal_2
0.3008218956233045 0.5 0.836516303738 -0.224143868042 crystal_2
0.2987990131109435 0.5 0.836516303738 0.224143868042 crystal_2
0.3020073903924898 0.5 0.866025403784 0.0 crystal_2
0.30641575353342865 0.642787609687 -0.766044443119 0.0 crystal_2
0.3027641951901008 0.642787609687 -0.739942111694 -0.198266891274 crystal_2
0.30130578041736156 0.642787609687 -0.739942111694 0.198266891274 crystal_2
0.30208333333333337 0.642787609687 -0.663413948169 -0.383022221559 crystal_2
0.30142263166476435 0.642787609687 -0.663413948169 0.383022221559 crystal_2
0.2997725946348434 0.642787609687 -0.54167522042 -0.54167522042 crystal_1
0.3038442683225754 0.642787609687 -0.54167522042 0.54167522042 crystal_1
0.2991584249646785 0.642787609687 -0.383022221559 -0.663413948169 crystal_1
0.3018441851712458 0.642787609687 -0.383022221559 0.663413948169 crystal_1
0.29507649977070904 0.642787609687 -0.198266891274 -0.739942111694 crystal_1
0.3015248401377275 0.642787609687 -0.198266891274 0.739942111694 crystal_1
0.2974517057131113 0.642787609687 -9.578e-09 -0.766044443119 crystal_1
0.2998150470885861 0.642787609687 0.0 0.766044443119 crystal_1
0.29408203736561944 0.642787609687 0.198266891274 -0.739942111694 crystal_1
0.29962818923885637 0.642787609687 0.198266891274 0.739942111694 crystal_1
0.2944603413137906 0.642787609687 0.383022221559 -0.663413948169 crystal_1
0.30192866030692667 0.642787609687 0.383022221559 0.663413948169 crystal_1
0.3028558953698375 0.642787609687 0.54167522042 -0.54167522042 crystal_1
0.29752420639784294 0.642787609687 0.54167522042 0.54167522042 crystal_1
0.2986242688854106 0.642787609687 0.663413948169 -0.383022221559 crystal_2
0.3008525937339497 0.642787609687 0.663413948169 0.383022221559 crystal_2
0.29951446489985833 0.642787609687 0.739942111694 -0.198266891274 crystal_2
0.3027815317586784 0.642787609687 0.739942111694 0.198266891274 crystal_2
0.30578825594383274 0.642787609687 0.766044443119 0.0 crystal_2
0.30714819035642715 0.766044443119 -0.642787609687 0.0 crystal_2
0.30457451058729523 0.766044443119 -0.620885153015 -0.166365675343 crystal_2
0.30499528368153817 0.766044443119 -0.620885153015 0.166365675343 crystal_2
0.30375136578851525 0.766044443119 -0.556670399226 -0.321393804843 crystal_2
0.3001955211545827 0.766044443119 -0.556670399226 0.321393804843 crystal_2
0.30534034311012725 0.766044443119 -0.454519477672 -0.454519477672 crystal_1
0.30461464412490225 0.766044443119 -0.454519477672 0.454519477672 crystal_1
0.29519432349621033 0.766044443119 -0.321393804843 -0.556670399226 crystal_1
0.3024664912173328 0.766044443119 -0.321393804843 0.556670399226 crystal_1
0.29701426024955435 0.766044443119 -0.166365675343 -0.620885153015 crystal_1
0.30032653231006 0.766044443119 -0.166365675343 0.620885153015 crystal_1
0.30059511842052355 0.766044443119 0.0 -0.642787609687 crystal_1
0.3071053393440589 0.766044443119 0.0 0.642787609687 crystal_1
0.297156205565712 0.766044443119 0.166365675343 -0.620885153015 crystal_1
0.3037717039129352 0.766044443119 0.166365675343 0.620885153015 crystal_1
0.29823433702267843 0.766044443119 0.321393804843 -0.556670399226 crystal_1
0.3022504773124264 0.766044443119 0.321393804843 0.556670399226 crystal_1
0.3027904875989239 0.766044443119 0.454519477672 -0.454519477672 crystal_1
0.30683815305959417 0.766044443119 0.454519477672 0.454519477672 crystal_1
0.30443531994471096 0.766044443119 0.556670399226 -0.321393804843 crystal_2
0.3037432727127224 0.766044443119 0.556670399226 0.321393804843 crystal_2
0.30617735038445315 0.766044443119 0.620885153015 -0.166365675343 crystal_2
0.30229275473372186 0.766044443119 0.620885153015 0.166365675343 crystal_2
0.3063766683143846 0.766044443119 0.642787609687 0.0 crystal_2
0.31150535336066687 0.866025403784 -0.5 0.0 crystal_2
0.30465572990022016 0.866025403784 -0.482962913145 -0.129409522551 crystal_2
0.30337952347722064 0.866025403784 -0.482962913145 0.129409522551 crystal_2
0.30672988803442647 0.866025403784 -0.433012701892 -0.25 crystal_2
0.30556833870225486 0.866025403784 -0.433012701892 0.25 crystal_2
0.30848389171490376 0.866025403784 -0.353553390593 -0.353553390593 crystal_1
0.30830473575840767 0.866025403784 -0.353553390593 0.353553390593 crystal_1
0.30672086506965546 0.866025403784 -0.25 -0.433012701892 crystal_1
0.307826121335521 0.866025403784 -0.25 0.433012701892 crystal_1
0.30335341683843353 0.866025403784 -0.129409522551 -0.482962913145 crystal_1
0.30496726214534 0.866025403784 -0.129409522551 0.482962913145 crystal_1
0.306896148448464 0.866025403784 0.0 -0.5 crystal_1
0.30779972072611206 0.866025403784 1.2905e-08 0.5 crystal_1
0.3000632836293162 0.866025403784 0.129409522551 -0.482962913145 crystal_1
0.3025094811587187 0.866025403784 0.129409522551 0.482962913145 crystal_1
0.3049971394188089 0.866025403784 0.25 -0.433012701892 crystal_1
0.3091457007474375 0.866025403784 0.25 0.433012701892 crystal_1
0.30617608409986863 0.866025403784 0.353553390593 -0.353553390593 crystal_1
0.31337582139181375 0.866025403784 0.353553390593 0.353553390593 crystal_1
0.3084667734187351 0.866025403784 0.433012701892 -0.25 crystal_2
0.3049247359243149 0.866025403784 0.433012701892 0.25 crystal_2
0.3085983276064115 0.866025403784 0.482962913145 -0.129409522551 crystal_2
0.30514383616224394 0.866025403784 0.482962913145 0.129409522551 crystal_2
0.3081235810877505 0.866025403784 0.5 0.0 crystal_2
0.31461412151067325 0.939692620786 -0.342020143326 0.0 crystal_2
0.31204911141957803 0.939692620786 -0.330366089549 -0.088521326901 crystal_2
0.31090858769571406 0.939692620786 -0.330366089549 0.088521326901 crystal_2
0.3147682145244367 0.939692620786 -0.296198132726 -0.171010071663 crystal_2
0.3072040182720639 0.939692620786 -0.296198132726 0.171010071663 crystal_2
0.31084696529582634 0.939692620786 -0.241844762648 -0.241844762648 crystal_1
0.31232991417207445 0.939692620786 -0.241844762648 0.241844762648 crystal_1
0.30719804176547083 0.939692620786 -0.171010071663 -0.296198132726 crystal_1
0.30796388470887837 0.939692620786 -0.171010071663 0.296198132726 crystal_1
0.3083132810680742 0.939692620786 -0.088521326901 -0.330366089549 crystal_1
0.310520262762909 0.939692620786 -0.088521326901 0.330366089549 crystal_1
0.31421944217350795 0.939692620786 0.0 -0.342020143326 crystal_1
0.314704369200282 0.939692620786 0.0 0.342020143326 crystal_1
0.3035201633879887 0.939692620786 0.088521326901 -0.330366089549 crystal_1
0.31053975556032043 0.939692620786 0.088521326901 0.330366089549 crystal_1
0.3081357112460831 0.939692620786 0.171010071663 -0.296198132726 crystal_1
0.31161978661493694 0.939692620786 0.171010071663 0.296198132726 crystal_1
0.3112873259399721 0.939692620786 0.241844762648 -0.241844762648 crystal_1
0.31487308579819584 0.939692620786 0.241844762648 0.241844762648 crystal_1
0.31018756169792705 0.939692620786 0.296198132726 -0.171010071663 crystal_2
0.31246077816128015 0.939692620786 0.296198132726 0.171010071663 crystal_2
0.3144258806840571 0.939692620786 0.330366089549 -0.088521326901 crystal_2
0.3122470921708532 0.939692620786 0.330366089549 0.088521326901 crystal_2
0.3152333204782105 0.939692620786 0.342020143326 0.0 crystal_2
0.3161217066646139 0.984807753012 -0.173648177667 0.0 crystal_2
0.31525024533856716 0.984807753012 -0.167731259497 -0.044943455528 crystal_2
0.3138172843375382 0.984807753012 -0.167731259497 0.044943455528 crystal_2
0.3127953755419286 0.984807753012 -0.15038373318 -0.086824088833 crystal_2
0.31113320079522866 0.984807753012 -0.15038373318 0.086824088833 crystal_2
0.3157248621288812 0.984807753012 -0.122787803969 -0.122787803969 crystal_1
0.3181707431356011 0.984807753012 -0.122787803969 0.122787803969 crystal_1
0.31452822664869073 0.984807753012 -0.086824088833 -0.15038373318 crystal_1
0.3151884933917335 0.984807753012 -0.086824088833 0.15038373318 crystal_1
0.31244524018132647 0.984807753012 -0.044943455528 -0.167731259497 crystal_1
0.3104211590939451 0.984807753012 -0.044943455528 0.167731259497 crystal_1
0.3157122152439704 0.984807753012 0.0 -0.173648177667 crystal_1
0.3180422408627921 0.984807753012 0.0 0.173648177667 crystal_1
0.3147068320385952 0.984807753012 0.044943455528 -0.167731259497 crystal_1
0.3182671699258388 0.984807753012 0.044943455528 0.167731259497 crystal_1
0.3138752707787026 0.984807753012 0.086824088833 -0.15038373318 crystal_1
0.3149118262237829 0.984807753012 0.086824088833 0.15038373318 crystal_1
0.31762688486701085 0.984807753012 0.122787803969 -0.122787803969 crystal_1
0.3219345843695832 0.984807753012 0.122787803969 0.122787803969 crystal_1
0.3154798093706487 0.984807753012 0.15038373318 -0.086824088833 crystal_2
0.3155712292667804 0.984807753012 0.15038373318 0.086824088833 crystal_2
0.3148296867960746 0.984807753012 0.167731259497 -0.044943455528 crystal_2
0.3169899146625291 0.984807753012 0.167731259497 0.044943455528 crystal_2
0.3164162556868142 0.984807753012 0.173648177667 0.0 crystal_2
0.32227967832759796 1.0 0.0 0.0 crystal_1
