0.33023707195341745 -1.0 0.0 0.0 crystal_1
0.3244645247657296 -0.984807753012 -0.173648177667 0.0 crystal_2
0.3259672511230256 -0.984807753012 -0.167731259497 -0.044943455528 crystal_2
0.3230030030030029 -0.984807753012 -0.167731259497 0.044943455528 crystal_2
0.3255256273616898 -0.984807753012 -0.15038373318 -0.086824088833 crystal_2
0.3249586535655219 -0.984807753012 -0.15038373318 0.086824088833 crystal_2
0.3262722810643245 -0.984807753012 -0.122787803969 -0.122787803969 crystal_1
0.3267537697855203 -0.984807753012 -0.122787803969 0.122787803969 crystal_1
0.32634772791419697 -0.984807753012 -0.086824088833 -0.15038373318 crystal_1
0.32449438202247194 -0.984807753012 -0.086824088833 0.15038373318 crystal_1
0.3261906456894711 -0.984807753012 -0.044943455528 -0.167731259497 crystal_1
0.32424991175432405 -0.984807753012 -0.044943455528 0.167731259497 crystal_1
0.3287530619386446 -0.984807753012 0.0 -0.173648177667 crystal_1
0.32560404396419795 -0.984807753012 0.0 0.173648177667 crystal_1
0.3270790717359102 -0.984807753012 0.044943455528 -0.167731259497 crystal_1
0.3218062505901237 -0.984807753012 0.044943455528 0.167731259497 crystal_1
0.32696756527076154 -0.984807753012 0.086824088833 -0.15038373318 crystal_1
0.3247032168228269 -0.984807753012 0.086824088833 0.15038373318 crystal_1
0.3310542105630364 -0.984807753012 0.122787803969 -0.122787803969 crystal_1
0.3254226114799641 -0.984807753012 0.122787803969 0.122787803969 crystal_1
0.3228478838234935 -0.984807753012 0.15038373318 -0.086824088833 crystal_2
0.32550758346658903 -0.984807753012 0.15038373318 0.086824088833 crystal_2
0.3213651511834391 -0.984807753012 0.167731259497 -0.044943455528 crystal_2
0.32165874146129525 -0.984807753012 0.167731259497 0.044943455528 crystal_2
0.3251257485029939 -0.984807753012 0.173648177667 0.0 crystal_2
0.322679138294521 -0.939692620786 -0.342020143326 0.0 crystal_2
0.3218497675556643 -0.939692620786 -0.330366089549 -0.088521326901 crystal_2
0.321818674951303 -0.939692620786 -0.330366089549 0.088521326901 crystal_2
0.321411994625626 -0.939692620786 -0.296198132726 -0.171010071663 crystal_2
0.3196997473120943 -0.939692620786 -0.296198132726 0.171010071663 crystal_2
0.3253049809537586 -0.939692620786 -0.241844762648 -0.241844762648 crystal_1
0.32456801167663263 -0.939692620786 -0.241844762648 0.241844762648 crystal_1
0.3231451574024973 -0.939692620786 -0.171010071663 -0.296198132726 crystal_1
0.3196446530338585 -0.939692620786 -0.171010071663 0.296198132726 crystal_1
0.3200126785975521 -0.939692620786 -0.088521326901 -0.330366089549 crystal_1
0.31500362406378357 -0.939692620786 -0.088521326901 0.330366089549 crystal_1
0.31832949937154653 -0.939692620786 0.0 0.342020143326 crystal_1
0.3241084300333231 -0.939692620786 1.4003e-08 -0.342020143326 crystal_1
0.32238122213738585 -0.939692620786 0.088521326901 -0.330366089549 crystal_1
0.3149279316255824 -0.939692620786 0.088521326901 0.330366089549 crystal_1
0.3241933520029222 -0.939692620786 0.171010071663 -0.296198132726 crystal_1
0.31645660612450277 -0.939692620786 0.171010071663 0.296198132726 crystal_1
0.32477867543902084 -0.939692620786 0.241844762648 -0.241844762648 crystal_1
0.31932128648804103 -0.939692620786 0.241844762648 0.241844762648 crystal_1
0.3176204856251995 -0.939692620786 0.296198132726 -0.171010071663 crystal_2
0.3202203562587972 -0.939692620786 0.296198132726 0.171010071663 crystal_2
0.31963717926597823 -0.939692620786 0.330366089549 -0.088521326901 crystal_2
0.3184094042522313 -0.939692620786 0.330366089549 0.088521326901 crystal_2
0.3227552689827734 -0.939692620786 0.342020143326 0.0 crystal_2
0.32174953599687417 -0.866025403784 -0.5 0.0 crystal_2
0.317802869088451 -0.866025403784 -0.482962913145 -0.129409522551 crystal_2
0.31401583483664064 -0.866025403784 -0.482962913145 0.129409522551 crystal_2
0.3156897951152322 -0.866025403784 -0.433012701892 -0.25 crystal_2
0.3155552240290417 -0.866025403784 -0.433012701892 0.25 crystal_2
0.3201366853795461 -0.866025403784 -0.353553390593 -0.353553390593 crystal_1
0.31838404133180254 -0.866025403784 -0.353553390593 0.353553390593 crystal_1
0.31269868651272825 -0.866025403784 -0.25 -0.433012701892 crystal_1
0.31113461916945484 -0.866025403784 -0.25 0.433012701892 crystal_1
0.3153896463248981 -0.866025403784 -0.129409522551 -0.482962913145 crystal_1
0.3069431122260755 -0.866025403784 -0.129409522551 0.482962913145 crystal_1
0.3181977034448328 -0.866025403784 -0.0 -0.5 crystal_1
0.3139946640795538 -0.866025403784 0.0 0.5 crystal_1
0.3161215424994953 -0.866025403784 0.129409522551 -0.482962913145 crystal_1
0.3111949313413702 -0.866025403784 0.129409522551 0.482962913145 crystal_1
0.3168860734435316 -0.866025403784 0.25 -0.433012701892 crystal_1
0.31350781747782186 -0.866025403784 0.25 0.433012701892 crystal_1
0.3184233835252436 -0.866025403784 0.353553390593 -0.353553390593 crystal_1
0.31561364578507156 -0.866025403784 0.353553390593 0.353553390593 crystal_1
0.3141491586179429 -0.866025403784 0.433012701892 -0.25 crystal_2
0.3172575534542551 -0.866025403784 0.433012701892 0.25 crystal_2
0.3131887223270129 -0.866025403784 0.482962913145 -0.129409522551 crystal_2
0.31641534878018884 -0.866025403784 0.482962913145 0.129409522551 crystal_2
0.31817851343818904 -0.866025403784 0.5 0.0 crystal_2
0.31625533173894826 -0.766044443119 -0.642787609687 0.0 crystal_2
0.3144655671660581 -0.766044443119 -0.620885153015 -0.166365675343 crystal_2
0.3134125465713423 -0.766044443119 -0.620885153015 0.166365675343 crystal_2
0.3112243617101399 -0.766044443119 -0.556670399226 -0.321393804843 crystal_2
0.3155073355904381 -0.766044443119 -0.556670399226 0.321393804843 crystal_2
0.31553985872855694 -0.766044443119 -0.454519477672 -0.454519477672 crystal_1
0.3126701159853854 -0.766044443119 -0.454519477672 0.454519477672 crystal_1
0.31159197084039214 -0.766044443119 -0.321393804843 -0.556670399226 crystal_1
0.30979241877256314 -0.766044443119 -0.321393804843 0.556670399226 crystal_1
0.3137439027571276 -0.766044443119 -0.166365675343 -0.620885153015 crystal_1
0.30427569564889534 -0.766044443119 -0.166365675343 0.620885153015 crystal_1
0.3175898682358962 -0.766044443119 -1.1415e-08 -0.642787609687 crystal_1
0.30971911508824257 -0.766044443119 1.1415e-08 0.642787609687 crystal_1
0.31265171882749077 -0.766044443119 0.166365675343 -0.620885153015 crystal_1
0.3066521761108022 -0.766044443119 0.166365675343 0.620885153015 crystal_1
0.3125031856873439 -0.766044443119 0.321393804843 -0.556670399226 crystal_1
0.3093368127869922 -0.766044443119 0.321393804843 0.556670399226 crystal_1
0.3149919855740332 -0.766044443119 0.454519477672 -0.454519477672 crystal_1
0.3124133834884182 -0.766044443119 0.454519477672 0.454519477672 crystal_1
0.31181287721319273 -0.766044443119 0.556670399226 -0.321393804843 crystal_2
0.3122506690905418 -0.766044443119 0.556670399226 0.321393804843 crystal_2
0.31367500000000004 -0.766044443119 0.620885153015 -0.166365675343 crystal_2
0.3124721933857333 -0.766044443119 0.620885153015 0.166365675343 crystal_2
0.31506082725060824 -0.766044443119 0.642787609687 0.0 crystal_2
0.31318149077270796 -0.642787609687 -0.766044443119 0.0 crystal_2
0.3133532207503287 -0.642787609687 -0.739942111694 -0.198266891274 crystal_2
0.3109122620762872 -0.642787609687 -0.739942111694 0.198266891274 crystal_2
0.30713765294073314 -0.642787609687 -0.663413948169 -0.383022221559 crystal_2
0.3092413722425764 -0.642787609687 -0.663413948169 0.383022221559 crystal_2
0.31388624739777427 -0.642787609687 -0.54167522042 -0.54167522042 crystal_1
0.31172444912386255 -0.642787609687 -0.54167522042 0.54167522042 crystal_1
0.3115680833960014 -0.642787609687 -0.383022221559 -0.663413948169 crystal_1
0.30602569331158236 -0.642787609687 -0.383022221559 0.663413948169 crystal_1
0.310983311386418 -0.642787609687 -0.198266891274 -0.739942111694 crystal_1
0.3072348602887712 -0.642787609687 -0.198266891274 0.739942111694 crystal_1
0.3109116095689701 -0.642787609687 -0.0 -0.766044443119 crystal_1
0.3088094684342455 -0.642787609687 0.0 0.766044443119 crystal_1
0.3095590809922697 -0.642787609687 0.198266891274 -0.739942111694 crystal_1
0.30603796182987486 -0.642787609687 0.198266891274 0.739942111694 crystal_1
0.3124577373211963 -0.642787609687 0.383022221559 -0.663413948169 crystal_1
0.30673546014150344 -0.642787609687 0.383022221559 0.663413948169 crystal_1
0.31510070544934043 -0.642787609687 0.54167522042 -0.54167522042 crystal_1
0.30963325924429186 -0.642787609687 0.54167522042 0.54167522042 crystal_1
0.3089535647516548 -0.642787609687 0.663413948169 -0.383022221559 crystal_2
0.3092249604571662 -0.642787609687 0.663413948169 0.383022221559 crystal_2
0.3103638644918444 -0.642787609687 0.739942111694 -0.198266891274 crystal_2
0.3088400971384223 -0.642787609687 0.739942111694 0.198266891274 crystal_2
0.3136343405370655 -0.642787609687 0.766044443119 0.0 crystal_2
0.31254960317460323 -0.5 -0.866025403784 0.0 crystal_2
0.31124278412125217 -0.5 -0.836516303738 -0.224143868042 crystal_2
0.309586384629124 -0.5 -0.836516303738 0.224143868042 crystal_2
0.3076726864605652 -0.5 -0.75 -0.433012701892 crystal_2
0.3088284659281638 -0.5 -0.75 0.433012701892 crystal_2
0.3138515183845534 -0.5 -0.612372435696 -0.612372435696 crystal_1
0.3108375132998936 -0.5 -0.612372435696 0.612372435696 crystal_1
0.30952507015407427 -0.5 -0.433012701892 -0.75 crystal_1
0.30613788068418857 -0.5 -0.433012701892 0.75 crystal_1
0.31079809608147 -0.5 -0.224143868042 -0.836516303738 crystal_1
0.30444486272822613 -0.5 -0.224143868042 0.836516303738 crystal_1
0.31132310244711725 -0.5 -0.0 -0.866025403784 crystal_1
0.30840871380399293 -0.5 0.0 0.866025403784 crystal_1
0.3095488222934867 -0.5 0.224143868042 -0.836516303738 crystal_1
0.30592388960758954 -0.5 0.224143868042 0.836516303738 crystal_1
0.3074918913170628 -0.5 0.433012701892 -0.75 crystal_1
0.30500208637596504 -0.5 0.433012701892 0.75 crystal_1
0.3120990988651414 -0.5 0.612372435696 -0.612372435696 crystal_1
0.3077555213148433 -0.5 0.612372435696 0.612372435696 crystal_1
0.306680627202615 -0.5 0.75 -0.433012701892 crystal_2
0.30846670108415086 -0.5 0.75 0.433012701892 crystal_2
0.3085258843939356 -0.5 0.836516303738 -0.224143868042 crystal_2
0.3090854512707625 -0.5 0.836516303738 0.224143868042 crystal_2
0.31285806805161154 -0.5 0.866025403784 0.0 crystal_2
0.31319146815508825 -0.342020143326 -0.939692620786 0.0 crystal_2
0.3063926012500635 -0.342020143326 -0.90767337119 -0.243210346802 crystal_2
0.30657027212789245 -0.342020143326 -0.90767337119 0.243210346802 crystal_2
0.3043911920411243 -0.342020143326 -0.813797681349 -0.469846310393 crystal_2
0.30632283403529614 -0.342020143326 -0.813797681349 0.469846310393 crystal_2
0.310840969359624 -0.342020143326 -0.664463024389 -0.664463024389 crystal_1
0.31338708431003826 -0.342020143326 -0.664463024389 0.664463024389 crystal_1
0.30875463727693675 -0.342020143326 -0.469846310393 -0.813797681349 crystal_1
0.30630702951486444 -0.342020143326 -0.469846310393 0.813797681349 crystal_1
0.3073749502077051 -0.342020143326 -0.243210346802 -0.90767337119 crystal_1
0.3067629534034433 -0.342020143326 -0.243210346802 0.90767337119 crystal_1
0.31061379623326524 -0.342020143326 -0.0 -0.939692620786 crystal_1
0.30857821475916924 -0.342020143326 5.096e-09 0.939692620786 crystal_1
0.31032735665831623 -0.342020143326 0.243210346802 -0.90767337119 crystal_1
0.3046381370195623 -0.342020143326 0.243210346802 0.90767337119 crystal_1
0.31117316921074745 -0.342020143326 0.469846310393 -0.813797681349 crystal_1
0.3064623407029027 -0.342020143326 0.469846310393 0.813797681349 crystal_1
0.3114302215688334 -0.342020143326 0.664463024389 -0.664463024389 crystal_1
0.3119870776124847 -0.342020143326 0.664463024389 0.664463024389 crystal_1
0.304826700898588 -0.342020143326 0.813797681349 -0.469846310393 crystal_2
0.3068456166766179 -0.342020143326 0.813797681349 0.469846310393 crystal_2
0.3086895495725406 -0.342020143326 0.90767337119 -0.243210346802 crystal_2
0.30925485031153443 -0.342020143326 0.90767337119 0.243210346802 crystal_2
0.3103688933200398 -0.342020143326 0.939692620786 0.0 crystal_2
0.31266371146483984 -0.173648177667 -0.984807753012 0.0 crystal_2
0.30447426151726953 -0.173648177667 -0.951251242564 -0.254887002244 crystal_2
0.3068152637255406 -0.173648177667 -0.951251242564 0.254887002244 crystal_2
0.3072523508952725 -0.173648177667 -0.852868531952 -0.492403876506 crystal_2
0.3056665882906183 -0.173648177667 -0.852868531952 0.492403876506 crystal_2
0.3123094206387417 -0.173648177667 -0.69636424032 -0.69636424032 crystal_1
0.31169272603670983 -0.173648177667 -0.69636424032 0.69636424032 crystal_1
0.3090662691421602 -0.173648177667 -0.492403876506 -0.852868531952 crystal_1
0.3073094194665369 -0.173648177667 -0.492403876506 0.852868531952 crystal_1
0.31134662629263554 -0.173648177667 -0.254887002244 -0.951251242564 crystal_1
0.30837041866266046 -0.173648177667 -0.254887002244 0.951251242564 crystal_1
0.3125641903457719 -0.173648177667 -0.0 -0.984807753012 crystal_1
0.31083233771405816 -0.173648177667 0.0 0.984807753012 crystal_1
0.3109018264840182 -0.173648177667 0.254887002244 -0.951251242564 crystal_1
0.3093638313080771 -0.173648177667 0.254887002244 0.951251242564 crystal_1
0.3090854375837825 -0.173648177667 0.492403876506 -0.852868531952 crystal_1
0.30657247992264514 -0.173648177667 0.492403876506 0.852868531952 crystal_1
0.3115268080621788 -0.173648177667 0.69636424032 -0.69636424032 crystal_1
0.3115375503435205 -0.173648177667 0.69636424032 0.69636424032 crystal_1
0.3054011944949364 -0.173648177667 0.852868531952 -0.492403876506 crystal_2
0.30680818017085165 -0.173648177667 0.852868531952 0.492403876506 crystal_2
0.30825669375589126 -0.173648177667 0.951251242564 -0.254887002244 crystal_2
0.3039458394381853 -0.173648177667 0.951251242564 0.254887002244 crystal_2
0.3095589522927976 -0.173648177667 0.984807753012 0.0 crystal_2
0.3089563795921878 -1.1327e-08 9.682e-09 1.0 crystal_1
0.30942130556668 0.0 -1.0 0.0 crystal_2
0.30747823422779375 0.0 -0.965925826289 -0.258819045103 crystal_2
0.3079982551127761 0.0 -0.965925826289 0.258819045103 crystal_2
0.3062525922853587 0.0 -0.866025403784 -0.5 crystal_2
0.30218503021850296 0.0 -0.866025403784 0.5 crystal_2
0.3088574687640926 0.0 -0.707106781187 -0.707106781187 crystal_1
0.3101978530835614 0.0 -0.707106781187 0.707106781187 crystal_1
0.3059727939372461 0.0 -0.5 -0.866025403784 crystal_1
0.30848441693596984 0.0 -0.5 0.866025403784 crystal_1
0.3088303149152152 0.0 -0.258819045103 -0.965925826289 crystal_1
0.30771877508888634 0.0 -0.258819045103 0.965925826289 crystal_1
0.30771877508888634 0.0 0.258819045103 -0.965925826289 crystal_1
0.3088303149152152 0.0 0.258819045103 0.965925826289 crystal_1
0.30848441693596984 0.0 0.5 -0.866025403784 crystal_1
0.3059727939372461 0.0 0.5 0.866025403784 crystal_1
0.3101978530835614 0.0 0.707106781187 -0.707106781187 crystal_1
0.3088574687640926 0.0 0.707106781187 0.707106781187 crystal_1
0.30218503021850296 0.0 0.866025403784 -0.5 crystal_2
0.3062525922853587 0.0 0.866025403784 0.5 crystal_2
0.3079982551127761 0.0 0.965925826289 -0.258819045103 crystal_2
0.30747823422779375 0.0 0.965925826289 0.258819045103 crystal_2
0.30942130556668 0.0 1.0 0.0 crystal_2
0.3089563795921878 1.1327e-08 -9.682e-09 -1.0 crystal_1
0.3095589522927976 0.173648177667 -0.984807753012 0.0 crystal_2
0.3039458394381853 0.173648177667 -0.951251242564 -0.254887002244 crystal_2
0.30825669375589126 0.173648177667 -0.951251242564 0.254887002244 crystal_2
0.30680818017085165 0.173648177667 -0.852868531952 -0.492403876506 crystal_2
0.3054011944949364 0.173648177667 -0.852868531952 0.492403876506 crystal_2
0.3115375503435205 0.173648177667 -0.69636424032 -0.69636424032 crystal_1
0.3115268080621788 0.173648177667 -0.69636424032 0.69636424032 crystal_1
0.30657247992264514 0.173648177667 -0.492403876506 -0.852868531952 crystal_1
0.3090854375837825 0.173648177667 -0.492403876506 0.852868531952 crystal_1
0.3093638313080771 0.173648177667 -0.254887002244 -0.951251242564 crystal_1
0.3109018264840182 0.173648177667 -0.254887002244 0.951251242564 crystal_1
0.31083233771405816 0.173648177667 0.0 -0.984807753012 crystal_1
0.3125641903457719 0.173648177667 0.0 0.984807753012 crystal_1
0.30837041866266046 0.173648177667 0.254887002244 -0.951251242564 crystal_1
0.31134662629263554 0.173648177667 0.254887002244 0.951251242564 crystal_1
0.3073094194665369 0.173648177667 0.492403876506 -0.852868531952 crystal_1
0.3090662691421602 0.173648177667 0.492403876506 0.852868531952 crystal_1
0.31169272603670983 0.173648177667 0.69636424032 -0.69636424032 crystal_1
0.3123094206387417 0.173648177667 0.69636424032 0.69636424032 crystal_1
0.3056665882906183 0.173648177667 0.852868531952 -0.492403876506 crystal_2
0.3072523508952725 0.173648177667 0.852868531952 0.492403876506 crystal_2
0.3068152637255406 0.173648177667 0.951251242564 -0.254887002244 crystal_2
0.30447426151726953 0.173648177667 0.951251242564 0.254887002244 crystal_2
0.31266371146483984 0.173648177667 0.984807753012 0.0 crystal_2
0.3103688933200398 0.342020143326 -0.939692620786 0.0 crystal_2
0.30925485031153443 0.342020143326 -0.90767337119 -0.243210346802 crystal_2
0.3086895495725406 0.342020143326 -0.90767337119 0.243210346802 crystal_2
0.3068456166766179 0.342020143326 -0.813797681349 -0.469846310393 crystal_2
0.304826700898588 0.342020143326 -0.813797681349 0.469846310393 crystal_2
0.3119870776124847 0.342020143326 -0.664463024389 -0.664463024389 crystal_1
0.3114302215688334 0.342020143326 -0.664463024389 0.664463024389 crystal_1
0.3064623407029027 0.342020143326 -0.469846310393 -0.813797681349 crystal_1
0.31117316921074745 0.342020143326 -0.469846310393 0.813797681349 crystal_1
0.3046381370195623 0.342020143326 -0.243210346802 -0.90767337119 crystal_1
0.31032735665831623 0.342020143326 -0.243210346802 0.90767337119 crystal_1
0.30857821475916924 0.342020143326 -5.096e-09 -0.939692620786 crystal_1
0.31061379623326524 0.342020143326 0.0 0.939692620786 crystal_1
0.3067629534034433 0.342020143326 0.243210346802 -0.90767337119 crystal_1
0.3073749502077051 0.342020143326 0.243210346802 0.90767337119 crystal_1
0.30630702951486444 0.342020143326 0.469846310393 -0.813797681349 crystal_1
0.30875463727693675 0.342020143326 0.469846310393 0.813797681349 crystal_1
0.31338708431003826 0.342020143326 0.664463024389 -0.664463024389 crystal_1
0.310840969359624 0.342020143326 0.664463024389 0.664463024389 crystal_1
0.30632283403529614 0.342020143326 0.813797681349 -0.469846310393 crystal_2
0.3043911920411243 0.342020143326 0.813797681349 0.469846310393 crystal_2
0.30657027212789245 0.342020143326 0.90767337119 -0.243210346802 crystal_2
0.3063926012500635 0.342020143326 0.90767337119 0.243210346802 crystal_2
0.31319146815508825 0.342020143326 0.939692620786 0.0 crystal_2
0.31285806805161154 0.5 -0.866025403784 0.0 crystal_2
0.3090854512707625 0.5 -0.836516303738 -0.224143868042 crystal_2
0.3085258843939356 0.5 -0.836516303738 0.224143868042 crystal_2
0.30846670108415086 0.5 -0.75 -0.433012701892 crystal_2
0.306680627202615 0.5 -0.75 0.433012701892 crystal_2
0.3077555213148433 0.5 -0.612372435696 -0.612372435696 crystal_1
0.3120990988651414 0.5 -0.612372435696 0.612372435696 crystal_1
0.30500208637596504 0.5 -0.433012701892 -0.75 crystal_1
0.3074918913170628 0.5 -0.433012701892 0.75 crystal_1
0.30592388960758954 0.5 -0.224143868042 -0.836516303738 crystal_1
0.3095488222934867 0.5 -0.224143868042 0.836516303738 crystal_1
0.30840871380399293 0.5 0.0 -0.866025403784 crystal_1
0.31132310244711725 0.5 0.0 0.866025403784 crystal_1
0.30444486272822613 0.5 0.224143868042 -0.836516303738 crystal_1
0.31079809608147 0.5 0.224143868042 0.836516303738 crystal_1
0.30613788068418857 0.5 0.433012701892 -0.75 crystal_1
0.30952507015407427 0.5 0.433012701892 0.75 crystal_1
0.3108375132998936 0.5 0.612372435696 -0.612372435696 crystal_1
0.3138515183845534 0.5 0.612372435696 0.612372435696 crystal_1
0.3088284659281638 0.5 0.75 -0.433012701892 crystal_2
0.3076726864605652 0.5 0.75 0.433012701892 crystal_2
0.309586384629124 0.5 0.836516303738 -0.224143868042 crystal_2
0.31124278412125217 0.5 0.836516303738 0.224143868042 crystal_2
0.31254960317460323 0.5 0.866025403784 0.0 crystal_2
0.3136343405370655 0.642787609687 -0.766044443119 0.0 crystal_2
0.3088400971384223 0.642787609687 -0.739942111694 -0.198266891274 crystal_2
0.3103638644918444 0.642787609687 -0.739942111694 0.198266891274 crystal_2
0.3092249604571662 0.642787609687 -0.663413948169 -0.383022221559 crystal_2
0.3089535647516548 0.642787609687 -0.663413948169 0.383022221559 crystal_2
0.30963325924429186 0.642787609687 -0.54167522042 -0.54167522042 crystal_1
0.31510070544934043 0.642787609687 -0.54167522042 0.54167522042 crystal_1
0.30673546014150344 0.642787609687 -0.383022221559 -0.663413948169 crystal_1
0.3124577373211963 0.642787609687 -0.383022221559 0.663413948169 crystal_1
0.30603796182987486 0.642787609687 -0.198266891274 -0.739942111694 crystal_1
0.3095590809922697 0.642787609687 -0.198266891274 0.739942111694 crystal_1
0.3088094684342455 0.642787609687 0.0 -0.766044443119 crystal_1
0.3109116095689701 0.642787609687 0.0 0.766044443119 crystal_1
0.3072348602887712 0.642787609687 0.198266891274 -0.739942111694 crystal_1
0.310983311386418 0.642787609687 0.198266891274 0.739942111694 crystal_1
0.30602569331158236 0.642787609687 0.383022221559 -0.663413948169 crystal_1
0.3115680833960014 0.642787609687 0.383022221559 0.663413948169 crystal_1
0.31172444912386255 0.642787609687 0.54167522042 -0.54167522042 crystal_1
0.31388624739777427 0.642787609687 0.54167522042 0.54167522042 crystal_1
0.3092413722425764 0.642787609687 0.663413948169 -0.383022221559 crystal_2
0.30713765294073314 0.642787609687 0.663413948169 0.383022221559 crystal_2
0.3109122620762872 0.642787609687 0.739942111694 -0.198266891274 crystal_2
0.3133532207503287 0.642787609687 0.739942111694 0.198266891274 crystal_2
0.31318149077270796 0.642787609687 0.766044443119 0.0 crystal_2
0.31506082725060824 0.766044443119 -0.642787609687 0.0 crystal_2
0.3124721933857333 0.766044443119 -0.620885153015 -0.166365675343 crystal_2
0.31367500000000004 0.766044443119 -0.620885153015 0.166365675343 crystal_2
0.3122506690905418 0.766044443119 -0.556670399226 -0.321393804843 crystal_2
0.31181287721319273 0.766044443119 -0.556670399226 0.321393804843 crystal_2
0.3124133834884182 0.766044443119 -0.454519477672 -0.454519477672 crystal_1
0.3149919855740332 0.766044443119 -0.454519477672 0.454519477672 crystal_1
0.3093368127869922 0.766044443119 -0.321393804843 -0.556670399226 crystal_1
0.3125031856873439 0.766044443119 -0.321393804843 0.556670399226 crystal_1
0.3066521761108022 0.766044443119 -0.166365675343 -0.620885153015 crystal_1
0.31265171882749077 0.766044443119 -0.166365675343 0.620885153015 crystal_1
0.30971911508824257 0.766044443119 -1.1415e-08 -0.642787609687 crystal_1
0.3175898682358962 0.766044443119 1.1415e-08 0.642787609687 crystal_1
0.30427569564889534 0.766044443119 0.166365675343 -0.620885153015 crystal_1
0.3137439027571276 0.766044443119 0.166365675343 0.620885153015 crystal_1
0.30979241877256314 0.766044443119 0.321393804843 -0.556670399226 crystal_1
0.31159197084039214 0.766044443119 0.321393804843 0.556670399226 crystal_1
0.3126701159853854 0.766044443119 0.454519477672 -0.454519477672 crystal_1
0.31553985872855694 0.766044443119 0.454519477672 0.454519477672 crystal_1
0.3155073355904381 0.766044443119 0.556670399226 -0.321393804843 crystal_2
0.3112243617101399 0.766044443119 0.556670399226 0.321393804843 crystal_2
0.3134125465713423 0.766044443119 0.620885153015 -0.166365675343 crystal_2
0.3144655671660581 0.766044443119 0.620885153015 0.166365675343 crystal_2
0.31625533173894826 0.766044443119 0.642787609687 0.0 crystal_2
0.31817851343818904 0.866025403784 -0.5 0.0 crystal_2
0.31641534878018884 0.866025403784 -0.482962913145 -0.129409522551 crystal_2
0.3131887223270129 0.866025403784 -0.482962913145 0.129409522551 crystal_2
0.3172575534542551 0.866025403784 -0.433012701892 -0.25 crystal_2
0.3141491586179429 0.866025403784 -0.433012701892 0.25 crystal_2
0.31561364578507156 0.866025403784 -0.353553390593 -0.353553390593 crystal_1
0.3208278803741942 0.866025403784 -0.353553390593 0.353553390593 crystal_1
0.31350781747782186 0.866025403784 -0.25 -0.433012701892 crystal_1
0.3158976366394285 0.866025403784 -0.25 0.433012701892 crystal_1
0.3111949313413702 0.866025403784 -0.129409522551 -0.482962913145 crystal_1
0.31845474394601037 0.866025403784 -0.129409522551 0.482962913145 crystal_1
0.3139946640795538 0.866025403784 0.0 -0.5 crystal_1
0.3190569364929826 0.866025403784 0.0 0.5 crystal_1
0.3069431122260755 0.866025403784 0.129409522551 -0.482962913145 crystal_1
0.3128872676394162 0.866025403784 0.129409522551 0.482962913145 crystal_1
0.31113461916945484 0.866025403784 0.25 -0.433012701892 crystal_1
0.31634629712412454 0.866025403784 0.25 0.433012701892 crystal_1
0.31838404133180254 0.866025403784 0.353553390593 -0.353553390593 crystal_1
0.3226650514839492 0.866025403784 0.353553390593 0.353553390593 crystal_1
0.31795461361591515 0.866025403784 0.433012701892 -0.25 crystal_2
0.31460868277513143 0.866025403784 0.433012701892 0.25 crystal_2
0.31586189949625254 0.866025403784 0.482962913145 -0.129409522551 crystal_2
0.31711557296767867 0.866025403784 0.482962913145 0.129409522551 crystal_2
0.3202045295578978 0.866025403784 0.5 0.0 crystal_2
0.3227552689827734 0.939692620786 -0.342020143326 0.0 crystal_2
0.3184094042522313 0.939692620786 -0.330366089549 -0.088521326901 crystal_2
0.31963717926597823 0.939692620786 -0.330366089549 0.088521326901 crystal_2
0.3202203562587972 0.939692620786 -0.296198132726 -0.171010071663 crystal_2
0.3176204856251995 0.939692620786 -0.296198132726 0.171010071663 crystal_2
0.31932128648804103 0.939692620786 -0.241844762648 -0.241844762648 crystal_1
0.32383832700332904 0.939692620786 -0.241844762648 0.241844762648 crystal_1
0.31645660612450277 0.939692620786 -0.171010071663 -0.296198132726 crystal_1
0.32047926621365275 0.939692620786 -0.171010071663 0.296198132726 crystal_1
0.3149279316255824 0.939692620786 -0.088521326901 -0.330366089549 crystal_1
0.3200751191794675 0.939692620786 -0.088521326901 0.330366089549 crystal_1
0.3241084300333231 0.939692620786 -1.4003e-08 0.342020143326 crystal_1
0.31832949937154653 0.939692620786 0.0 -0.342020143326 crystal_1
0.31500362406378357 0.939692620786 0.088521326901 -0.330366089549 crystal_1
0.32081237817936825 0.939692620786 0.088521326901 0.330366089549 crystal_1
0.3196446530338585 0.939692620786 0.171010071663 -0.296198132726 crystal_1
0.3219488428745434 0.939692620786 0.171010071663 0.296198132726 crystal_1
0.32456801167663263 0.939692620786 0.241844762648 -0.241844762648 crystal_1
0.3226459588861629 0.939692620786 0.241844762648 0.241844762648 crystal_1
0.3169577160796626 0.939692620786 0.296198132726 -0.171010071663 crystal_2
0.32175418068353556 0.939692620786 0.296198132726 0.171010071663 crystal_2
0.3194919394235467 0.939692620786 0.330366089549 -0.088521326901 crystal_2
0.32027228145509556 0.939692620786 0.330366089549 0.088521326901 crystal_2
0.3252828914034792 0.939692620786 0.342020143326 0.0 crystal_2
0.3251257485029939 0.984807753012 -0.173648177667 0.0 crystal_2
0.32165874146129525 0.984807753012 -0.167731259497 -0.044943455528 crystal_2
0.3213651511834391 0.984807753012 -0.167731259497 0.044943455528 crystal_2
0.32550758346658903 0.984807753012 -0.15038373318 -0.086824088833 crystal_2
0.3228478838234935 0.984807753012 -0.15038373318 0.086824088833 crystal_2
0.3254226114799641 0.984807753012 -0.122787803969 -0.122787803969 crystal_1
0.3310542105630364 0.984807753012 -0.122787803969 0.122787803969 crystal_1
0.3247032168228269 0.984807753012 -0.086824088833 -0.15038373318 crystal_1
0.32696756527076154 0.984807753012 -0.086824088833 0.15038373318 crystal_1
0.3218062505901237 0.984807753012 -0.044943455528 -0.167731259497 crystal_1
0.3270790717359102 0.984807753012 -0.044943455528 0.167731259497 crystal_1
0.32560404396419795 0.984807753012 0.0 -0.173648177667 crystal_1
0.3287530619386446 0.984807753012 0.0 0.173648177667 crystal_1
0.32424991175432405 0.984807753012 0.044943455528 -0.167731259497 crystal_1
0.3261906456894711 0.984807753012 0.044943455528 0.167731259497 crystal_1
0.32449438202247194 0.984807753012 0.086824088833 -0.15038373318 crystal_1
0.32634772791419697 0.984807753012 0.086824088833 0.15038373318 crystal_1
0.3267537697855203 0.984807753012 0.122787803969 -0.122787803969 crystal_1
0.3262722810643245 0.984807753012 0.122787803969 0.122787803969 crystal_1
0.3249586535655219 0.984807753012 0.15038373318 -0.086824088833 crystal_2
0.3255256273616898 0.984807753012 0.15038373318 0.086824088833 crystal_2
0.3230030030030029 0.984807753012 0.167731259497 -0.044943455528 crystal_2
0.3259672511230256 0.984807753012 0.167731259497 0.044943455528 crystal_2
0.3244645247657296 0.984807753012 0.173648177667 0.0 crystal_2
0.33023707195341745 1.0 0.0 0.0 crystal_1
