0.37178517397881994 -1.0 0.0 0.0 crystal_1
0.36306924516531514 -0.984807753012 -0.122787803969 0.122787803969 crystal_1
0.3645277930992217 -0.984807753012 -0.086824088833 0.15038373318 crystal_1
0.3614540040940388 -0.984807753012 -0.044943455528 0.167731259497 crystal_1
0.3642425767488676 -0.984807753012 0.0 0.173648177667 crystal_1
0.3640822486323335 -0.984807753012 0.044943455528 0.167731259497 crystal_1
0.365594754917265 -0.984807753012 0.086824088833 0.15038373318 crystal_1
0.3680993075915414 -0.984807753012 0.122787803969 0.122787803969 crystal_1
0.3633963924329081 -0.984807753012 0.15038373318 -0.086824088833 crystal_2
0.3617241799780515 -0.984807753012 0.15038373318 0.086824088833 crystal_2
0.35997276216416985 -0.984807753012 0.167731259497 -0.044943455528 crystal_2
0.3601813326709309 -0.984807753012 0.167731259497 0.044943455528 crystal_2
0.3595245542696278 -0.984807753012 0.173648177667 0.0 crystal_2
0.3619710218931512 -0.939692620786 -0.342020143326 0.0 crystal_2
0.3654421595466989 -0.939692620786 -0.330366089549 -0.088521326901 crystal_2
0.359882005899705 -0.939692620786 -0.330366089549 0.088521326901 crystal_2
0.35894480727365863 -0.939692620786 -0.296198132726 -0.171010071663 crystal_2
0.3589294647323662 -0.939692620786 -0.296198132726 0.171010071663 crystal_2
0.3630520554919181 -0.939692620786 -0.241844762648 -0.241844762648 crystal_1
0.363498674744415 -0.939692620786 -0.241844762648 0.241844762648 crystal_1
0.367641375756795 -0.939692620786 -0.171010071663 -0.296198132726 crystal_1
0.3608017817371938 -0.939692620786 -0.171010071663 0.296198132726 crystal_1
0.3643316195372751 -0.939692620786 -0.088521326901 -0.330366089549 crystal_1
0.3562825925006209 -0.939692620786 -0.088521326901 0.330366089549 crystal_1
0.3626366346472343 -0.939692620786 -0.0 -0.342020143326 crystal_1
0.3574478934285168 -0.939692620786 0.0 0.342020143326 crystal_1
0.3599027635619243 -0.939692620786 0.088521326901 -0.330366089549 crystal_1
0.3569962048155291 -0.939692620786 0.088521326901 0.330366089549 crystal_1
0.36150387697921416 -0.939692620786 0.171010071663 -0.296198132726 crystal_1
0.35955477738869435 -0.939692620786 0.171010071663 0.296198132726 crystal_1
0.36460969437414836 -0.939692620786 0.241844762648 -0.241844762648 crystal_1
0.3604282818043588 -0.939692620786 0.241844762648 0.241844762648 crystal_1
0.3606320938107481 -0.939692620786 0.296198132726 -0.171010071663 crystal_2
0.3574840764331211 -0.939692620786 0.296198132726 0.171010071663 crystal_2
0.35943237692164065 -0.939692620786 0.330366089549 -0.088521326901 crystal_2
0.36199987670303935 -0.939692620786 0.330366089549 0.088521326901 crystal_2
0.3598961959617697 -0.939692620786 0.342020143326 0.0 crystal_2
0.3593943744697513 -0.866025403784 -0.353553390593 0.353553390593 crystal_1
0.35824017781264306 -0.866025403784 -0.25 0.433012701892 crystal_1
0.35237782879632673 -0.866025403784 -0.129409522551 0.482962913145 crystal_1
0.3524514338575394 -0.866025403784 0.0 0.5 crystal_1
0.3515463917525774 -0.866025403784 0.129409522551 0.482962913145 crystal_1
0.3529335410176532 -0.866025403784 0.25 0.433012701892 crystal_1
0.3580294305822136 -0.866025403784 0.353553390593 0.353553390593 crystal_1
0.3584881237460359 -0.866025403784 0.433012701892 -0.25 crystal_2
0.35706701642620686 -0.866025403784 0.433012701892 0.25 crystal_2
0.3522295414238663 -0.866025403784 0.482962913145 -0.129409522551 crystal_2
0.3549177239040322 -0.866025403784 0.482962913145 0.129409522551 crystal_2
0.35786499215070644 -0.866025403784 0.5 0.0 crystal_2
0.35655141900006326 -0.766044443119 -0.642787609687 0.0 crystal_2
0.35584740462789244 -0.766044443119 -0.620885153015 -0.166365675343 crystal_2
0.35671432218534593 -0.766044443119 -0.620885153015 0.166365675343 crystal_2
0.3555294424859643 -0.766044443119 -0.556670399226 -0.321393804843 crystal_2
0.3545087307792546 -0.766044443119 -0.556670399226 0.321393804843 crystal_2
0.3595194708780455 -0.766044443119 -0.454519477672 -0.454519477672 crystal_1
0.3535656138065777 -0.766044443119 -0.454519477672 0.454519477672 crystal_1
0.3562034653120868 -0.766044443119 -0.321393804843 -0.556670399226 crystal_1
0.3526903553299492 -0.766044443119 -0.321393804843 0.556670399226 crystal_1
0.3531795946890287 -0.766044443119 -0.166365675343 -0.620885153015 crystal_1
0.3513421678559293 -0.766044443119 -0.166365675343 0.620885153015 crystal_1
0.3568506423598651 -0.766044443119 -0.0 -0.642787609687 crystal_1
0.35116485618637705 -0.766044443119 0.0 0.642787609687 crystal_1
0.3514900196795052 -0.766044443119 0.166365675343 -0.620885153015 crystal_1
0.34836458190775965 -0.766044443119 0.166365675343 0.620885153015 crystal_1
0.3541408295438887 -0.766044443119 0.321393804843 -0.556670399226 crystal_1
0.3493172846696434 -0.766044443119 0.321393804843 0.556670399226 crystal_1
0.3564886006552116 -0.766044443119 0.454519477672 -0.454519477672 crystal_1
0.3565719658808516 -0.766044443119 0.454519477672 0.454519477672 crystal_1
0.35483660981643017 -0.766044443119 0.556670399226 -0.321393804843 crystal_2
0.3511780021591414 -0.766044443119 0.556670399226 0.321393804843 crystal_2
0.35906320179659934 -0.766044443119 0.620885153015 -0.166365675343 crystal_2
0.3570534484916761 -0.766044443119 0.620885153015 0.166365675343 crystal_2
0.3558620689655172 -0.766044443119 0.642787609687 0.0 crystal_2
0.35312248726882867 -0.642787609687 -0.54167522042 0.54167522042 crystal_1
0.34947884733292456 -0.642787609687 -0.383022221559 0.663413948169 crystal_1
0.3517763957395096 -0.642787609687 -0.198266891274 0.739942111694 crystal_1
0.34962005539379304 -0.642787609687 9.578e-09 0.766044443119 crystal_1
0.3467168548724383 -0.642787609687 0.198266891274 0.739942111694 crystal_1
0.35251010204780486 -0.642787609687 0.383022221559 0.663413948169 crystal_1
0.34911525585844094 -0.642787609687 0.54167522042 0.54167522042 crystal_1
0.35387128389415223 -0.642787609687 0.663413948169 -0.383022221559 crystal_2
0.3508456047842582 -0.642787609687 0.663413948169 0.383022221559 crystal_2
0.3525810401495135 -0.642787609687 0.739942111694 -0.198266891274 crystal_2
0.35070843624073833 -0.642787609687 0.739942111694 0.198266891274 crystal_2
0.3555198973042363 -0.642787609687 0.766044443119 0.0 crystal_2
0.3532937991491555 -0.5 -0.866025403784 0.0 crystal_2
0.3513826366559486 -0.5 -0.836516303738 -0.224143868042 crystal_2
0.3508917726778751 -0.5 -0.836516303738 0.224143868042 crystal_2
0.34897799765655513 -0.5 -0.75 -0.433012701892 crystal_2
0.3499087591240876 -0.5 -0.75 0.433012701892 crystal_2
0.358211091234347 -0.5 -0.612372435696 -0.612372435696 crystal_1
0.35165283634879607 -0.5 -0.612372435696 0.612372435696 crystal_1
0.35037647902474 -0.5 -0.433012701892 -0.75 crystal_1
0.3526525387569336 -0.5 -0.433012701892 0.75 crystal_1
0.3513141809290954 -0.5 -0.224143868042 -0.836516303738 crystal_1
0.3468731735827002 -0.5 -0.224143868042 0.836516303738 crystal_1
0.3526096355775169 -0.5 -0.0 -0.866025403784 crystal_1
0.35143321513002357 -0.5 0.0 0.866025403784 crystal_1
0.35355272999252063 -0.5 0.224143868042 -0.836516303738 crystal_1
0.3465395831851483 -0.5 0.224143868042 0.836516303738 crystal_1
0.3528896672504378 -0.5 0.433012701892 -0.75 crystal_1
0.34975581729388117 -0.5 0.433012701892 0.75 crystal_1
0.358320306948984 -0.5 0.612372435696 -0.612372435696 crystal_1
0.35162335424277935 -0.5 0.612372435696 0.612372435696 crystal_1
0.35232581090861237 -0.5 0.75 -0.433012701892 crystal_2
0.34956681543712265 -0.5 0.75 0.433012701892 crystal_2
0.3536220574847184 -0.5 0.836516303738 -0.224143868042 crystal_2
0.3533033996151379 -0.5 0.836516303738 0.224143868042 crystal_2
0.3579203483160457 -0.5 0.866025403784 0.0 crystal_2
0.35145234066553865 -0.342020143326 -0.664463024389 0.664463024389 crystal_1
0.3493031358885017 -0.342020143326 -0.469846310393 0.813797681349 crystal_1
0.3508419013559828 -0.342020143326 -0.243210346802 0.90767337119 crystal_1
0.35009113001215064 -0.342020143326 0.0 0.939692620786 crystal_1
0.35165409603465014 -0.342020143326 0.243210346802 0.90767337119 crystal_1
0.35045804323928187 -0.342020143326 0.469846310393 0.813797681349 crystal_1
0.35552108306303754 -0.342020143326 0.664463024389 0.664463024389 crystal_1
0.354475360375461 -0.342020143326 0.813797681349 -0.469846310393 crystal_2
0.3504741552023507 -0.342020143326 0.813797681349 0.469846310393 crystal_2
0.354948367648002 -0.342020143326 0.90767337119 -0.243210346802 crystal_2
0.35025806451612895 -0.342020143326 0.90767337119 0.243210346802 crystal_2
0.3531735751295336 -0.342020143326 0.939692620786 0.0 crystal_2
0.35402880498248346 -0.173648177667 -0.984807753012 0.0 crystal_2
0.353576775369394 -0.173648177667 -0.951251242564 -0.254887002244 crystal_2
0.35552509627308915 -0.173648177667 -0.951251242564 0.254887002244 crystal_2
0.35292556720180446 -0.173648177667 -0.852868531952 -0.492403876506 crystal_2
0.3509076348104645 -0.173648177667 -0.852868531952 0.492403876506 crystal_2
0.35430604982206404 -0.173648177667 -0.69636424032 -0.69636424032 crystal_1
0.3567606136282554 -0.173648177667 -0.69636424032 0.69636424032 crystal_1
0.3528583080002966 -0.173648177667 -0.492403876506 -0.852868531952 crystal_1
0.35139860139860146 -0.173648177667 -0.492403876506 0.852868531952 crystal_1
0.3545619145083838 -0.173648177667 -0.254887002244 -0.951251242564 crystal_1
0.352700932418895 -0.173648177667 -0.254887002244 0.951251242564 crystal_1
0.3584020701924632 -0.173648177667 -2.588e-09 -0.984807753012 crystal_1
0.35321858052346145 -0.173648177667 2.588e-09 0.984807753012 crystal_1
0.3521279060786282 -0.173648177667 0.254887002244 -0.951251242564 crystal_1
0.35301898537192644 -0.173648177667 0.254887002244 0.951251242564 crystal_1
0.3529411764705882 -0.173648177667 0.492403876506 -0.852868531952 crystal_1
0.35338912764834507 -0.173648177667 0.492403876506 0.852868531952 crystal_1
0.35330021291696234 -0.173648177667 0.69636424032 -0.69636424032 crystal_1
0.3520198440822112 -0.173648177667 0.69636424032 0.69636424032 crystal_1
0.3518889333867308 -0.173648177667 0.852868531952 -0.492403876506 crystal_2
0.3468722994083626 -0.173648177667 0.852868531952 0.492403876506 crystal_2
0.35089204323479617 -0.173648177667 0.951251242564 -0.254887002244 crystal_2
0.3530024071303103 -0.173648177667 0.951251242564 0.254887002244 crystal_2
0.3523154754183422 -0.173648177667 0.984807753012 0.0 crystal_2
0.3523154754183422 0.173648177667 -0.984807753012 0.0 crystal_2
0.3530024071303103 0.173648177667 -0.951251242564 -0.254887002244 crystal_2
0.35089204323479617 0.173648177667 -0.951251242564 0.254887002244 crystal_2
0.3468722994083626 0.173648177667 -0.852868531952 -0.492403876506 crystal_2
0.3518889333867308 0.173648177667 -0.852868531952 0.492403876506 crystal_2
0.3520198440822112 0.173648177667 -0.69636424032 -0.69636424032 crystal_1
0.35330021291696234 0.173648177667 -0.69636424032 0.69636424032 crystal_1
0.35338912764834507 0.173648177667 -0.492403876506 -0.852868531952 crystal_1
0.3529411764705882 0.173648177667 -0.492403876506 0.852868531952 crystal_1
0.35301898537192644 0.173648177667 -0.254887002244 -0.951251242564 crystal_1
0.3521279060786282 0.173648177667 -0.254887002244 0.951251242564 crystal_1
0.35321858052346145 0.173648177667 -2.588e-09 -0.984807753012 crystal_1
0.3584020701924632 0.173648177667 2.588e-09 0.984807753012 crystal_1
0.352700932418895 0.173648177667 0.254887002244 -0.951251242564 crystal_1
0.3545619145083838 0.173648177667 0.254887002244 0.951251242564 crystal_1
0.35139860139860146 0.173648177667 0.492403876506 -0.852868531952 crystal_1
0.3528583080002966 0.173648177667 0.492403876506 0.852868531952 crystal_1
0.3567606136282554 0.173648177667 0.69636424032 -0.69636424032 crystal_1
0.35430604982206404 0.173648177667 0.69636424032 0.69636424032 crystal_1
0.3509076348104645 0.173648177667 0.852868531952 -0.492403876506 crystal_2
0.35292556720180446 0.173648177667 0.852868531952 0.492403876506 crystal_2
0.35552509627308915 0.173648177667 0.951251242564 -0.254887002244 crystal_2
0.353576775369394 0.173648177667 0.951251242564 0.254887002244 crystal_2
0.35402880498248346 0.173648177667 0.984807753012 0.0 crystal_2
0.3531735751295336 0.342020143326 -0.939692620786 0.0 crystal_2
0.35025806451612895 0.342020143326 -0.90767337119 -0.243210346802 crystal_2
0.354948367648002 0.342020143326 -0.90767337119 0.243210346802 crystal_2
0.3504741552023507 0.342020143326 -0.813797681349 -0.469846310393 crystal_2
0.354475360375461 0.342020143326 -0.813797681349 0.469846310393 crystal_2
0.35552108306303754 0.342020143326 -0.664463024389 -0.664463024389 crystal_1
0.35045804323928187 0.342020143326 -0.469846310393 -0.813797681349 crystal_1
0.35165409603465014 0.342020143326 -0.243210346802 -0.90767337119 crystal_1
0.35009113001215064 0.342020143326 0.0 -0.939692620786 crystal_1
0.3508419013559828 0.342020143326 0.243210346802 -0.90767337119 crystal_1
0.3493031358885017 0.342020143326 0.469846310393 -0.813797681349 crystal_1
0.35145234066553865 0.342020143326 0.664463024389 -0.664463024389 crystal_1
0.3579203483160457 0.5 -0.866025403784 0.0 crystal_2
0.3533033996151379 0.5 -0.836516303738 -0.224143868042 crystal_2
0.3536220574847184 0.5 -0.836516303738 0.224143868042 crystal_2
0.34956681543712265 0.5 -0.75 -0.433012701892 crystal_2
0.35232581090861237 0.5 -0.75 0.433012701892 crystal_2
0.35162335424277935 0.5 -0.612372435696 -0.612372435696 crystal_1
0.358320306948984 0.5 -0.612372435696 0.612372435696 crystal_1
0.34975581729388117 0.5 -0.433012701892 -0.75 crystal_1
0.3528896672504378 0.5 -0.433012701892 0.75 crystal_1
0.3465395831851483 0.5 -0.224143868042 -0.836516303738 crystal_1
0.35355272999252063 0.5 -0.224143868042 0.836516303738 crystal_1
0.35143321513002357 0.5 0.0 -0.866025403784 crystal_1
0.3526096355775169 0.5 0.0 0.866025403784 crystal_1
0.3468731735827002 0.5 0.224143868042 -0.836516303738 crystal_1
0.3513141809290954 0.5 0.224143868042 0.836516303738 crystal_1
0.3526525387569336 0.5 0.433012701892 -0.75 crystal_1
0.35037647902474 0.5 0.433012701892 0.75 crystal_1
0.35165283634879607 0.5 0.612372435696 -0.612372435696 crystal_1
0.358211091234347 0.5 0.612372435696 0.612372435696 crystal_1
0.3499087591240876 0.5 0.75 -0.433012701892 crystal_2
0.34897799765655513 0.5 0.75 0.433012701892 crystal_2
0.3508917726778751 0.5 0.836516303738 -0.224143868042 crystal_2
0.3513826366559486 0.5 0.836516303738 0.224143868042 crystal_2
0.3532937991491555 0.5 0.866025403784 0.0 crystal_2
0.3555198973042363 0.642787609687 -0.766044443119 0.0 crystal_2
0.35070843624073833 0.642787609687 -0.739942111694 -0.198266891274 crystal_2
0.3525810401495135 0.642787609687 -0.739942111694 0.198266891274 crystal_2
0.3508456047842582 0.642787609687 -0.663413948169 -0.383022221559 crystal_2
0.35387128389415223 0.642787609687 -0.663413948169 0.383022221559 crystal_2
0.34911525585844094 0.642787609687 -0.54167522042 -0.54167522042 crystal_1
0.35251010204780486 0.642787609687 -0.383022221559 -0.663413948169 crystal_1
0.3467168548724383 0.642787609687 -0.198266891274 -0.739942111694 crystal_1
0.34962005539379304 0.642787609687 -9.578e-09 -0.766044443119 crystal_1
0.3517763957395096 0.642787609687 0.198266891274 -0.739942111694 crystal_1
0.34947884733292456 0.642787609687 0.383022221559 -0.663413948169 crystal_1
0.35312248726882867 0.642787609687 0.54167522042 -0.54167522042 crystal_1
0.3558620689655172 0.766044443119 -0.642787609687 0.0 crystal_2
0.3570534484916761 0.766044443119 -0.620885153015 -0.166365675343 crystal_2
0.35906320179659934 0.766044443119 -0.620885153015 0.166365675343 crystal_2
0.3511780021591414 0.766044443119 -0.556670399226 -0.321393804843 crystal_2
0.35483660981643017 0.766044443119 -0.556670399226 0.321393804843 crystal_2
0.3565719658808516 0.766044443119 -0.454519477672 -0.454519477672 crystal_1
0.3564886006552116 0.766044443119 -0.454519477672 0.454519477672 crystal_1
0.3493172846696434 0.766044443119 -0.321393804843 -0.556670399226 crystal_1
0.3541408295438887 0.766044443119 -0.321393804843 0.556670399226 crystal_1
0.34836458190775965 0.766044443119 -0.166365675343 -0.620885153015 crystal_1
0.3514900196795052 0.766044443119 -0.166365675343 0.620885153015 crystal_1
0.35116485618637705 0.766044443119 0.0 -0.642787609687 crystal_1
0.3568506423598651 0.766044443119 0.0 0.642787609687 crystal_1
0.3513421678559293 0.766044443119 0.166365675343 -0.620885153015 crystal_1
0.3531795946890287 0.766044443119 0.166365675343 0.620885153015 crystal_1
0.3526903553299492 0.766044443119 0.321393804843 -0.556670399226 crystal_1
0.3562034653120868 0.766044443119 0.321393804843 0.556670399226 crystal_1
0.3535656138065777 0.766044443119 0.454519477672 -0.454519477672 crystal_1
0.3595194708780455 0.766044443119 0.454519477672 0.454519477672 crystal_1
0.3545087307792546 0.766044443119 0.556670399226 -0.321393804843 crystal_2
0.3555294424859643 0.766044443119 0.556670399226 0.321393804843 crystal_2
0.35671432218534593 0.766044443119 0.620885153015 -0.166365675343 crystal_2
0.35584740462789244 0.766044443119 0.620885153015 0.166365675343 crystal_2
0.35655141900006326 0.766044443119 0.642787609687 0.0 crystal_2
0.35786499215070644 0.866025403784 -0.5 0.0 crystal_2
0.3549177239040322 0.866025403784 -0.482962913145 -0.129409522551 crystal_2
0.3522295414238663 0.866025403784 -0.482962913145 0.129409522551 crystal_2
0.35706701642620686 0.866025403784 -0.433012701892 -0.25 crystal_2
0.3584881237460359 0.866025403784 -0.433012701892 0.25 crystal_2
0.3580294305822136 0.866025403784 -0.353553390593 -0.353553390593 crystal_1
0.3529335410176532 0.866025403784 -0.25 -0.433012701892 crystal_1
0.3515463917525774 0.866025403784 -0.129409522551 -0.482962913145 crystal_1
0.3524514338575394 0.866025403784 0.0 -0.5 crystal_1
0.35237782879632673 0.866025403784 0.129409522551 -0.482962913145 crystal_1
0.35824017781264306 0.866025403784 0.25 -0.433012701892 crystal_1
0.3593943744697513 0.866025403784 0.353553390593 -0.353553390593 crystal_1
0.3598961959617697 0.939692620786 -0.342020143326 0.0 crystal_2
0.36199987670303935 0.939692620786 -0.330366089549 -0.088521326901 crystal_2
0.35943237692164065 0.939692620786 -0.330366089549 0.088521326901 crystal_2
0.3574840764331211 0.939692620786 -0.296198132726 -0.171010071663 crystal_2
0.3606320938107481 0.939692620786 -0.296198132726 0.171010071663 crystal_2
0.3604282818043588 0.939692620786 -0.241844762648 -0.241844762648 crystal_1
0.3631538559918148 0.939692620786 -0.241844762648 0.241844762648 crystal_1
0.35955477738869435 0.939692620786 -0.171010071663 -0.296198132726 crystal_1
0.36035750507099384 0.939692620786 -0.171010071663 0.296198132726 crystal_1
0.3569962048155291 0.939692620786 -0.088521326901 -0.330366089549 crystal_1
0.35919173890872 0.939692620786 -0.088521326901 0.330366089549 crystal_1
0.3574478934285168 0.939692620786 0.0 -0.342020143326 crystal_1
0.3630893989928716 0.939692620786 0.0 0.342020143326 crystal_1
0.3562825925006209 0.939692620786 0.088521326901 -0.330366089549 crystal_1
0.36374119154388207 0.939692620786 0.088521326901 0.330366089549 crystal_1
0.3608017817371938 0.939692620786 0.171010071663 -0.296198132726 crystal_1
0.36448115642746515 0.939692620786 0.171010071663 0.296198132726 crystal_1
0.363498674744415 0.939692620786 0.241844762648 -0.241844762648 crystal_1
0.3644641163452418 0.939692620786 0.241844762648 0.241844762648 crystal_1
0.3606887017720245 0.939692620786 0.296198132726 -0.171010071663 crystal_2
0.36117796073464226 0.939692620786 0.296198132726 0.171010071663 crystal_2
0.36261575542306235 0.939692620786 0.330366089549 -0.088521326901 crystal_2
0.35918064236648295 0.939692620786 0.330366089549 0.088521326901 crystal_2
0.36241487207804157 0.939692620786 0.342020143326 0.0 crystal_2
0.3595245542696278 0.984807753012 -0.173648177667 0.0 crystal_2
0.3601813326709309 0.984807753012 -0.167731259497 -0.044943455528 crystal_2
0.35997276216416985 0.984807753012 -0.167731259497 0.044943455528 crystal_2
0.3617241799780515 0.984807753012 -0.15038373318 -0.086824088833 crystal_2
0.3633963924329081 0.984807753012 -0.15038373318 0.086824088833 crystal_2
0.3680993075915414 0.984807753012 -0.122787803969 -0.122787803969 crystal_1
0.365594754917265 0.984807753012 -0.086824088833 -0.15038373318 crystal_1
0.3640822486323335 0.984807753012 -0.044943455528 -0.167731259497 crystal_1
0.3642425767488676 0.984807753012 0.0 -0.173648177667 crystal_1
0.3614540040940388 0.984807753012 0.044943455528 -0.167731259497 crystal_1
0.3645277930992217 0.984807753012 0.086824088833 -0.15038373318 crystal_1
0.36306924516531514 0.984807753012 0.122787803969 -0.122787803969 crystal_1
0.37178517397881994 1.0 0.0 0.0 crystal_1
