0.3780983502032358 0.0382 -1.0 0.0 0.0 3.62 0.0008 crystal_1
0.37373343725643016 0.0382 -0.984807753012 -0.173648177667 0.0 3.62 0.0265 crystal_2
0.37248007501172054 0.0382 -0.984807753012 -0.167731259497 -0.044943455528 3.62 0.0264 crystal_2
0.3727998759401412 0.0382 -0.984807753012 -0.167731259497 0.044943455528 3.62 0.0266 crystal_2
0.3729763387297633 0.0382 -0.984807753012 -0.15038373318 -0.086824088833 3.62 0.0265 crystal_2
0.3710211946050096 0.0383 -0.984807753012 -0.15038373318 0.086824088833 3.62 0.0268 crystal_2
0.3765105441908222 0.0382 -0.984807753012 -0.122787803969 -0.122787803969 3.62 0.0008 crystal_1
0.3765932792584009 0.0382 -0.984807753012 -0.122787803969 0.122787803969 3.62 0.0008 crystal_1
0.3783467332760908 0.0382 -0.984807753012 -0.086824088833 -0.15038373318 3.62 0.0008 crystal_1
0.37300191815856787 0.0382 -0.984807753012 -0.086824088833 0.15038373318 3.62 0.0009 crystal_1
0.3770595690747782 0.0382 -0.984807753012 -0.044943455528 -0.167731259497 3.62 0.0008 crystal_1
0.37064772639542953 0.0382 -0.984807753012 -0.044943455528 0.167731259497 3.62 0.0008 crystal_1
0.3752385496183207 0.0382 -0.984807753012 0.0 -0.173648177667 3.62 0.0008 crystal_1
0.3747144545096496 0.0383 -0.984807753012 0.0 0.173648177667 3.62 0.0008 crystal_1
0.3777094663829116 0.0382 -0.984807753012 0.044943455528 -0.167731259497 3.62 0.0008 crystal_1
0.37251774463673337 0.0382 -0.984807753012 0.044943455528 0.167731259497 3.62 0.0009 crystal_1
0.377602523659306 0.0383 -0.984807753012 0.086824088833 -0.15038373318 3.62 0.0008 crystal_1
0.3712957124842371 0.0382 -0.984807753012 0.086824088833 0.15038373318 3.62 0.0008 crystal_1
0.3742935695738505 0.0382 -0.984807753012 0.122787803969 -0.122787803969 3.62 0.0008 crystal_1
0.3758798686062881 0.0382 -0.984807753012 0.122787803969 0.122787803969 3.62 0.0008 crystal_1
0.3739511678887293 0.0383 -0.984807753012 0.15038373318 -0.086824088833 3.62 0.0273 crystal_2
0.37433239082626457 0.0383 -0.984807753012 0.15038373318 0.086824088833 3.62 0.0263 crystal_2
0.371051390853371 0.0382 -0.984807753012 0.167731259497 -0.044943455528 3.62 0.0263 crystal_2
0.37419354838709673 0.0382 -0.984807753012 0.167731259497 0.044943455528 3.62 0.0266 crystal_2
0.3762037899968934 0.0382 -0.984807753012 0.173648177667 0.0 3.62 0.0266 crystal_2
0.37258947702563294 0.0382 -0.939692620786 -0.241844762648 0.241844762648 3.62 0.0008 crystal_1
0.371672246134226 0.0383 -0.939692620786 -0.171010071663 0.296198132726 3.62 0.0009 crystal_1
0.36742576647622105 0.0382 -0.939692620786 -0.088521326901 0.330366089549 3.62 0.0009 crystal_1
0.370873786407767 0.0382 -0.939692620786 0.0 0.342020143326 3.62 0.0009 crystal_1
0.36762334730732016 0.0382 -0.939692620786 0.088521326901 0.330366089549 3.62 0.0009 crystal_1
0.3715469613259669 0.0382 -0.939692620786 0.171010071663 0.296198132726 3.62 0.0009 crystal_1
0.36942162075076523 0.0382 -0.939692620786 0.241844762648 0.241844762648 3.62 0.0009 crystal_1
0.37089426995924246 0.0383 -0.939692620786 0.296198132726 -0.171010071663 3.62 0.0258 crystal_2
0.36881303335919313 0.0382 -0.939692620786 0.296198132726 0.171010071663 3.62 0.0266 crystal_2
0.3735217080720692 0.0382 -0.939692620786 0.330366089549 -0.088521326901 3.62 0.026 crystal_2
0.3734599387899239 0.0382 -0.939692620786 0.330366089549 0.088521326901 3.62 0.0263 crystal_2
0.37022511569534866 0.0382 -0.939692620786 0.342020143326 0.0 3.62 0.0263 crystal_2
0.36718625735644983 0.0382 -0.866025403784 -0.5 0.0 3.62 0.026 crystal_2
0.37082236579724026 0.0382 -0.866025403784 -0.482962913145 -0.129409522551 3.62 0.0259 crystal_2
0.36656683480453967 0.0382 -0.866025403784 -0.482962913145 0.129409522551 3.62 0.0262 crystal_2
0.3709456740442656 0.0382 -0.866025403784 -0.433012701892 -0.25 3.62 0.0257 crystal_2
0.36906474820143875 0.0383 -0.866025403784 -0.433012701892 0.25 3.62 0.0258 crystal_2
0.3720568999345978 0.0382 -0.866025403784 -0.353553390593 -0.353553390593 3.62 0.0009 crystal_1
0.368156022700024 0.0382 -0.866025403784 -0.353553390593 0.353553390593 3.62 0.0009 crystal_1
0.3713036770377989 0.0382 -0.866025403784 -0.25 -0.433012701892 3.62 0.0009 crystal_1
0.3639648517697298 0.0382 -0.866025403784 -0.25 0.433012701892 3.62 0.0009 crystal_1
0.3668527264920568 0.0382 -0.866025403784 -0.129409522551 -0.482962913145 3.62 0.0009 crystal_1
0.36160965794768607 0.0383 -0.866025403784 -0.129409522551 0.482962913145 3.62 0.0009 crystal_1
0.3682649949169772 0.0382 -0.866025403784 -0.0 -0.5 3.62 0.0009 crystal_1
0.3663883969980606 0.0383 -0.866025403784 0.0 0.5 3.62 0.0009 crystal_1
0.3683097996110595 0.0382 -0.866025403784 0.129409522551 -0.482962913145 3.62 0.0009 crystal_1
0.36093788974806695 0.0382 -0.866025403784 0.129409522551 0.482962913145 3.62 0.0009 crystal_1
0.3686462003019627 0.0382 -0.866025403784 0.25 -0.433012701892 3.62 0.0009 crystal_1
0.36548856548856545 0.0382 -0.866025403784 0.25 0.433012701892 3.62 0.0009 crystal_1
0.3727097799715553 0.0382 -0.866025403784 0.353553390593 -0.353553390593 3.62 0.0009 crystal_1
0.3697375950298374 0.0382 -0.866025403784 0.353553390593 0.353553390593 3.62 0.0009 crystal_1
0.3692696034524876 0.0383 -0.866025403784 0.433012701892 -0.25 3.62 0.0254 crystal_2
0.36588840522358534 0.0382 -0.866025403784 0.433012701892 0.25 3.62 0.0261 crystal_2
0.37130634555969266 0.0383 -0.866025403784 0.482962913145 -0.129409522551 3.62 0.0261 crystal_2
0.3657147377580888 0.0383 -0.866025403784 0.482962913145 0.129409522551 3.62 0.0261 crystal_2
0.3680996192893401 0.0382 -0.866025403784 0.5 0.0 3.62 0.026 crystal_2
0.3653783696005197 0.0382 -0.766044443119 -0.454519477672 0.454519477672 3.62 0.0009 crystal_1
0.35906040268456374 0.0382 -0.766044443119 -0.321393804843 0.556670399226 3.62 0.0009 crystal_1
0.3599182004089979 0.0382 -0.766044443119 -0.166365675343 0.620885153015 3.62 0.0009 crystal_1
0.3610675039246468 0.0383 -0.766044443119 1.1415e-08 0.642787609687 3.62 0.0009 crystal_1
0.3599139784946237 0.0382 -0.766044443119 0.166365675343 0.620885153015 3.62 0.0009 crystal_1
0.36160013944570324 0.0383 -0.766044443119 0.321393804843 0.556670399226 3.62 0.0009 crystal_1
0.3644789579158316 0.0382 -0.766044443119 0.454519477672 0.454519477672 3.62 0.0009 crystal_1
0.3648637657584384 0.0382 -0.766044443119 0.556670399226 -0.321393804843 3.62 0.0254 crystal_2
0.3637472554281532 0.0382 -0.766044443119 0.556670399226 0.321393804843 3.62 0.0254 crystal_2
0.36535258189894493 0.0383 -0.766044443119 0.620885153015 -0.166365675343 3.62 0.026 crystal_2
0.3664361531038919 0.0382 -0.766044443119 0.620885153015 0.166365675343 3.62 0.0257 crystal_2
0.3666964068456485 0.0382 -0.766044443119 0.642787609687 0.0 3.62 0.0255 crystal_2
0.3664512010214668 0.0382 -0.642787609687 -0.766044443119 0.0 3.62 0.0259 crystal_2
0.3666294642857143 0.0382 -0.642787609687 -0.739942111694 -0.198266891274 3.62 0.0259 crystal_2
0.3659526127880558 0.0382 -0.642787609687 -0.739942111694 0.198266891274 3.62 0.0255 crystal_2
0.3659292416286476 0.0382 -0.642787609687 -0.663413948169 -0.383022221559 3.62 0.024 crystal_2
0.3620329348825545 0.0382 -0.642787609687 -0.663413948169 0.383022221559 3.62 0.0247 crystal_2
0.3674577458621595 0.0382 -0.642787609687 -0.54167522042 -0.54167522042 3.62 0.0009 crystal_1
0.36255447536037544 0.0383 -0.642787609687 -0.54167522042 0.54167522042 3.62 0.0009 crystal_1
0.3653300212916962 0.0382 -0.642787609687 -0.383022221559 -0.663413948169 3.62 0.001 crystal_1
0.3617693522906793 0.0382 -0.642787609687 -0.383022221559 0.663413948169 3.62 0.0009 crystal_1
0.3660148470034401 0.0382 -0.642787609687 -0.198266891274 -0.739942111694 3.62 0.001 crystal_1
0.3603627634035743 0.0382 -0.642787609687 -0.198266891274 0.739942111694 3.62 0.001 crystal_1
0.3631152761350196 0.0382 -0.642787609687 -0.0 -0.766044443119 3.62 0.001 crystal_1
0.3612201212986087 0.0382 -0.642787609687 0.0 0.766044443119 3.62 0.001 crystal_1
0.36380849337300514 0.0382 -0.642787609687 0.198266891274 -0.739942111694 3.62 0.001 crystal_1
0.35772500219086845 0.0382 -0.642787609687 0.198266891274 0.739942111694 3.62 0.001 crystal_1
0.36450882752376645 0.0382 -0.642787609687 0.383022221559 -0.663413948169 3.62 0.001 crystal_1
0.3626723223753977 0.0382 -0.642787609687 0.383022221559 0.663413948169 3.62 0.001 crystal_1
0.367867998263135 0.0382 -0.642787609687 0.54167522042 -0.54167522042 3.62 0.0009 crystal_1
0.36270508869825946 0.0382 -0.642787609687 0.54167522042 0.54167522042 3.62 0.0009 crystal_1
0.36338336987687636 0.0382 -0.642787609687 0.663413948169 -0.383022221559 3.62 0.0245 crystal_2
0.36384590055976296 0.0382 -0.642787609687 0.663413948169 0.383022221559 3.62 0.0251 crystal_2
0.36618693402328584 0.0383 -0.642787609687 0.739942111694 -0.198266891274 3.62 0.0255 crystal_2
0.3619519207731011 0.0382 -0.642787609687 0.739942111694 0.198266891274 3.62 0.0259 crystal_2
0.3661411052715401 0.0382 -0.642787609687 0.766044443119 0.0 3.62 0.0259 crystal_2
0.3619491525423728 0.0382 -0.5 -0.612372435696 0.612372435696 3.62 0.0009 crystal_1
0.36158344579397206 0.0383 -0.5 -0.433012701892 0.75 3.62 0.001 crystal_1
0.3623227917121047 0.0382 -0.5 -0.224143868042 0.836516303738 3.62 0.001 crystal_1
0.36174540075806605 0.0383 -0.5 0.0 0.866025403784 3.62 0.001 crystal_1
0.35982736917820546 0.0382 -0.5 0.224143868042 0.836516303738 3.62 0.001 crystal_1
0.36156468688318677 0.0383 -0.5 0.433012701892 0.75 3.62 0.001 crystal_1
0.3628295709115974 0.0382 -0.5 0.612372435696 0.612372435696 3.62 0.0009 crystal_1
0.3626682569432612 0.0383 -0.5 0.75 -0.433012701892 3.62 0.0243 crystal_2
0.36075330180988086 0.0382 -0.5 0.75 0.433012701892 3.62 0.0253 crystal_2
0.36450584484590864 0.0382 -0.5 0.836516303738 -0.224143868042 3.62 0.0253 crystal_2
0.3622552603785848 0.0382 -0.5 0.836516303738 0.224143868042 3.62 0.0254 crystal_2
0.3643789541122767 0.0382 -0.5 0.866025403784 0.0 3.62 0.0258 crystal_2
0.36462411120875615 0.0382 -0.342020143326 -0.939692620786 0.0 3.62 0.0259 crystal_2
0.3630036030134294 0.0382 -0.342020143326 -0.90767337119 -0.243210346802 3.62 0.0252 crystal_2
0.3622256171102356 0.0382 -0.342020143326 -0.90767337119 0.243210346802 3.62 0.0257 crystal_2
0.3603115475787335 0.0382 -0.342020143326 -0.813797681349 -0.469846310393 3.62 0.0244 crystal_2
0.3639063295435262 0.0383 -0.342020143326 -0.813797681349 0.469846310393 3.62 0.0244 crystal_2
0.36801612016852914 0.0382 -0.342020143326 -0.664463024389 -0.664463024389 3.62 0.001 crystal_1
0.3657112526539279 0.0382 -0.342020143326 -0.664463024389 0.664463024389 3.62 0.001 crystal_1
0.3649086062452399 0.0382 -0.342020143326 -0.469846310393 -0.813797681349 3.62 0.001 crystal_1
0.3625424818590981 0.0383 -0.342020143326 -0.469846310393 0.813797681349 3.62 0.001 crystal_1
0.36391198044009776 0.0382 -0.342020143326 -0.243210346802 -0.90767337119 3.62 0.001 crystal_1
0.3622594779958088 0.0382 -0.342020143326 -0.243210346802 0.90767337119 3.62 0.001 crystal_1
0.36616488884458187 0.0382 -0.342020143326 -0.0 -0.939692620786 3.62 0.0011 crystal_1
0.3647440306573647 0.0382 -0.342020143326 5.096e-09 0.939692620786 3.62 0.0011 crystal_1
0.36632492113564663 0.0383 -0.342020143326 0.243210346802 -0.90767337119 3.62 0.0011 crystal_1
0.36507324595219737 0.0383 -0.342020143326 0.243210346802 0.90767337119 3.62 0.001 crystal_1
0.3679724164352073 0.0382 -0.342020143326 0.469846310393 -0.813797681349 3.62 0.001 crystal_1
0.3629555210521509 0.0383 -0.342020143326 0.469846310393 0.813797681349 3.62 0.001 crystal_1
0.36757047943975574 0.0382 -0.342020143326 0.664463024389 -0.664463024389 3.62 0.001 crystal_1
0.36394065496652794 0.0383 -0.342020143326 0.664463024389 0.664463024389 3.62 0.001 crystal_1
0.36318830727396334 0.0383 -0.342020143326 0.813797681349 -0.469846310393 3.62 0.0243 crystal_2
0.3623783965112378 0.0382 -0.342020143326 0.813797681349 0.469846310393 3.62 0.0246 crystal_2
0.3625735775016351 0.0383 -0.342020143326 0.90767337119 -0.243210346802 3.62 0.0253 crystal_2
0.3613246116107932 0.0382 -0.342020143326 0.90767337119 0.243210346802 3.62 0.0253 crystal_2
0.3636653132712363 0.0382 -0.342020143326 0.939692620786 0.0 3.62 0.0259 crystal_2
0.3667749796913078 0.0382 -1.1327e-08 9.682e-09 1.0 3.62 0.0011 crystal_1
0.3623767218192192 0.0382 0.0 -1.0 0.0 3.62 0.0253 crystal_2
0.3656273509989133 0.0382 0.0 -0.965925826289 -0.258819045103 3.62 0.0247 crystal_2
0.36353891820580475 0.0382 0.0 -0.965925826289 0.258819045103 3.62 0.0251 crystal_2
0.36044066941384245 0.0382 0.0 -0.866025403784 -0.5 3.62 0.0246 crystal_2
0.3634018402270187 0.0383 0.0 -0.866025403784 0.5 3.62 0.024 crystal_2
0.36456590444320514 0.0382 0.0 -0.707106781187 -0.707106781187 3.62 0.001 crystal_1
0.36464285714285716 0.0382 0.0 -0.707106781187 0.707106781187 3.62 0.001 crystal_1
0.3672392284809519 0.0382 0.0 -0.5 -0.866025403784 3.62 0.001 crystal_1
0.3644850909783748 0.0382 0.0 -0.5 0.866025403784 3.62 0.001 crystal_1
0.36503371677905594 0.0382 0.0 -0.258819045103 -0.965925826289 3.62 0.0011 crystal_1
0.36419572223849983 0.0383 0.0 -0.258819045103 0.965925826289 3.62 0.001 crystal_1
0.36419572223849983 0.0383 0.0 0.258819045103 -0.965925826289 3.62 0.001 crystal_1
0.36503371677905594 0.0382 0.0 0.258819045103 0.965925826289 3.62 0.0011 crystal_1
0.3644850909783748 0.0382 0.0 0.5 -0.866025403784 3.62 0.001 crystal_1
0.3672392284809519 0.0382 0.0 0.5 0.866025403784 3.62 0.001 crystal_1
0.36464285714285716 0.0382 0.0 0.707106781187 -0.707106781187 3.62 0.001 crystal_1
0.36456590444320514 0.0382 0.0 0.707106781187 0.707106781187 3.62 0.001 crystal_1
0.3634018402270187 0.0383 0.0 0.866025403784 -0.5 3.62 0.024 crystal_2
0.36044066941384245 0.0382 0.0 0.866025403784 0.5 3.62 0.0246 crystal_2
0.36353891820580475 0.0382 0.0 0.965925826289 -0.258819045103 3.62 0.0251 crystal_2
0.3656273509989133 0.0382 0.0 0.965925826289 0.258819045103 3.62 0.0247 crystal_2
0.3623767218192192 0.0382 0.0 1.0 0.0 3.62 0.0253 crystal_2
0.3667749796913078 0.0382 1.1327e-08 -9.682e-09 -1.0 3.62 0.0011 crystal_1
0.3636653132712363 0.0382 0.342020143326 -0.939692620786 0.0 3.62 0.0259 crystal_2
0.3613246116107932 0.0382 0.342020143326 -0.90767337119 -0.243210346802 3.62 0.0253 crystal_2
0.3625735775016351 0.0383 0.342020143326 -0.90767337119 0.243210346802 3.62 0.0253 crystal_2
0.3623783965112378 0.0382 0.342020143326 -0.813797681349 -0.469846310393 3.62 0.0246 crystal_2
0.36318830727396334 0.0383 0.342020143326 -0.813797681349 0.469846310393 3.62 0.0243 crystal_2
0.36394065496652794 0.0383 0.342020143326 -0.664463024389 -0.664463024389 3.62 0.001 crystal_1
0.36757047943975574 0.0382 0.342020143326 -0.664463024389 0.664463024389 3.62 0.001 crystal_1
0.3629555210521509 0.0383 0.342020143326 -0.469846310393 -0.813797681349 3.62 0.001 crystal_1
0.3679724164352073 0.0382 0.342020143326 -0.469846310393 0.813797681349 3.62 0.001 crystal_1
0.36507324595219737 0.0383 0.342020143326 -0.243210346802 -0.90767337119 3.62 0.001 crystal_1
0.36632492113564663 0.0383 0.342020143326 -0.243210346802 0.90767337119 3.62 0.0011 crystal_1
0.3647440306573647 0.0382 0.342020143326 -5.096e-09 -0.939692620786 3.62 0.0011 crystal_1
0.36616488884458187 0.0382 0.342020143326 0.0 0.939692620786 3.62 0.0011 crystal_1
0.3622594779958088 0.0382 0.342020143326 0.243210346802 -0.90767337119 3.62 0.001 crystal_1
0.36391198044009776 0.0382 0.342020143326 0.243210346802 0.90767337119 3.62 0.001 crystal_1
0.3625424818590981 0.0383 0.342020143326 0.469846310393 -0.813797681349 3.62 0.001 crystal_1
0.3649086062452399 0.0382 0.342020143326 0.469846310393 0.813797681349 3.62 0.001 crystal_1
0.3657112526539279 0.0382 0.342020143326 0.664463024389 -0.664463024389 3.62 0.001 crystal_1
0.36801612016852914 0.0382 0.342020143326 0.664463024389 0.664463024389 3.62 0.001 crystal_1
0.3639063295435262 0.0383 0.342020143326 0.813797681349 -0.469846310393 3.62 0.0244 crystal_2
0.3603115475787335 0.0382 0.342020143326 0.813797681349 0.469846310393 3.62 0.0244 crystal_2
0.3622256171102356 0.0382 0.342020143326 0.90767337119 -0.243210346802 3.62 0.0257 crystal_2
0.3630036030134294 0.0382 0.342020143326 0.90767337119 0.243210346802 3.62 0.0252 crystal_2
0.36462411120875615 0.0382 0.342020143326 0.939692620786 0.0 3.62 0.0259 crystal_2
0.3643789541122767 0.0382 0.5 -0.866025403784 0.0 3.62 0.0258 crystal_2
0.3622552603785848 0.0382 0.5 -0.836516303738 -0.224143868042 3.62 0.0254 crystal_2
0.36450584484590864 0.0382 0.5 -0.836516303738 0.224143868042 3.62 0.0253 crystal_2
0.36075330180988086 0.0382 0.5 -0.75 -0.433012701892 3.62 0.0253 crystal_2
0.3626682569432612 0.0383 0.5 -0.75 0.433012701892 3.62 0.0243 crystal_2
0.3628295709115974 0.0382 0.5 -0.612372435696 -0.612372435696 3.62 0.0009 crystal_1
0.36156468688318677 0.0383 0.5 -0.433012701892 -0.75 3.62 0.001 crystal_1
0.35982736917820546 0.0382 0.5 -0.224143868042 -0.836516303738 3.62 0.001 crystal_1
0.36174540075806605 0.0383 0.5 0.0 -0.866025403784 3.62 0.001 crystal_1
0.3623227917121047 0.0382 0.5 0.224143868042 -0.836516303738 3.62 0.001 crystal_1
0.36158344579397206 0.0383 0.5 0.433012701892 -0.75 3.62 0.001 crystal_1
0.3619491525423728 0.0382 0.5 0.612372435696 -0.612372435696 3.62 0.0009 crystal_1
0.3661411052715401 0.0382 0.642787609687 -0.766044443119 0.0 3.62 0.0259 crystal_2
0.3619519207731011 0.0382 0.642787609687 -0.739942111694 -0.198266891274 3.62 0.0259 crystal_2
0.36618693402328584 0.0383 0.642787609687 -0.739942111694 0.198266891274 3.62 0.0255 crystal_2
0.36384590055976296 0.0382 0.642787609687 -0.663413948169 -0.383022221559 3.62 0.0251 crystal_2
0.36338336987687636 0.0382 0.642787609687 -0.663413948169 0.383022221559 3.62 0.0245 crystal_2
0.36270508869825946 0.0382 0.642787609687 -0.54167522042 -0.54167522042 3.62 0.0009 crystal_1
0.367867998263135 0.0382 0.642787609687 -0.54167522042 0.54167522042 3.62 0.0009 crystal_1
0.3626723223753977 0.0382 0.642787609687 -0.383022221559 -0.663413948169 3.62 0.001 crystal_1
0.36450882752376645 0.0382 0.642787609687 -0.383022221559 0.663413948169 3.62 0.001 crystal_1
0.35772500219086845 0.0382 0.642787609687 -0.198266891274 -0.739942111694 3.62 0.001 crystal_1
0.36380849337300514 0.0382 0.642787609687 -0.198266891274 0.739942111694 3.62 0.001 crystal_1
0.3612201212986087 0.0382 0.642787609687 0.0 -0.766044443119 3.62 0.001 crystal_1
0.3631152761350196 0.0382 0.642787609687 0.0 0.766044443119 3.62 0.001 crystal_1
0.3603627634035743 0.0382 0.642787609687 0.198266891274 -0.739942111694 3.62 0.001 crystal_1
0.3660148470034401 0.0382 0.642787609687 0.198266891274 0.739942111694 3.62 0.001 crystal_1
0.3617693522906793 0.0382 0.642787609687 0.383022221559 -0.663413948169 3.62 0.0009 crystal_1
0.3653300212916962 0.0382 0.642787609687 0.383022221559 0.663413948169 3.62 0.001 crystal_1
0.36255447536037544 0.0383 0.642787609687 0.54167522042 -0.54167522042 3.62 0.0009 crystal_1
0.3674577458621595 0.0382 0.642787609687 0.54167522042 0.54167522042 3.62 0.0009 crystal_1
0.3620329348825545 0.0382 0.642787609687 0.663413948169 -0.383022221559 3.62 0.0247 crystal_2
0.3659292416286476 0.0382 0.642787609687 0.663413948169 0.383022221559 3.62 0.024 crystal_2
0.3659526127880558 0.0382 0.642787609687 0.739942111694 -0.198266891274 3.62 0.0255 crystal_2
0.3666294642857143 0.0382 0.642787609687 0.739942111694 0.198266891274 3.62 0.0259 crystal_2
0.3664512010214668 0.0382 0.642787609687 0.766044443119 0.0 3.62 0.0259 crystal_2
0.3666964068456485 0.0382 0.766044443119 -0.642787609687 0.0 3.62 0.0255 crystal_2
0.3664361531038919 0.0382 0.766044443119 -0.620885153015 -0.166365675343 3.62 0.0257 crystal_2
0.36535258189894493 0.0383 0.766044443119 -0.620885153015 0.166365675343 3.62 0.026 crystal_2
0.3637472554281532 0.0382 0.766044443119 -0.556670399226 -0.321393804843 3.62 0.0254 crystal_2
0.3648637657584384 0.0382 0.766044443119 -0.556670399226 0.321393804843 3.62 0.0254 crystal_2
0.3644789579158316 0.0382 0.766044443119 -0.454519477672 -0.454519477672 3.62 0.0009 crystal_1
0.36160013944570324 0.0383 0.766044443119 -0.321393804843 -0.556670399226 3.62 0.0009 crystal_1
0.3599139784946237 0.0382 0.766044443119 -0.166365675343 -0.620885153015 3.62 0.0009 crystal_1
0.3610675039246468 0.0383 0.766044443119 -1.1415e-08 -0.642787609687 3.62 0.0009 crystal_1
0.3599182004089979 0.0382 0.766044443119 0.166365675343 -0.620885153015 3.62 0.0009 crystal_1
0.35906040268456374 0.0382 0.766044443119 0.321393804843 -0.556670399226 3.62 0.0009 crystal_1
0.3653783696005197 0.0382 0.766044443119 0.454519477672 -0.454519477672 3.62 0.0009 crystal_1
0.3680996192893401 0.0382 0.866025403784 -0.5 0.0 3.62 0.026 crystal_2
0.3657147377580888 0.0383 0.866025403784 -0.482962913145 -0.129409522551 3.62 0.0261 crystal_2
0.37130634555969266 0.0383 0.866025403784 -0.482962913145 0.129409522551 3.62 0.0261 crystal_2
0.36588840522358534 0.0382 0.866025403784 -0.433012701892 -0.25 3.62 0.0261 crystal_2
0.3692696034524876 0.0383 0.866025403784 -0.433012701892 0.25 3.62 0.0254 crystal_2
0.3697375950298374 0.0382 0.866025403784 -0.353553390593 -0.353553390593 3.62 0.0009 crystal_1
0.373046875 0.0382 0.866025403784 -0.353553390593 0.353553390593 3.62 0.0009 crystal_1
0.36548856548856545 0.0382 0.866025403784 -0.25 -0.433012701892 3.62 0.0009 crystal_1
0.36903279369032793 0.0383 0.866025403784 -0.25 0.433012701892 3.62 0.0009 crystal_1
0.36093788974806695 0.0382 0.866025403784 -0.129409522551 -0.482962913145 3.62 0.0009 crystal_1
0.3655994663998666 0.0382 0.866025403784 -0.129409522551 0.482962913145 3.62 0.0009 crystal_1
0.3663883969980606 0.0383 0.866025403784 0.0 -0.5 3.62 0.0009 crystal_1
0.3688847074923024 0.0382 0.866025403784 0.0 0.5 3.62 0.0009 crystal_1
0.36160965794768607 0.0383 0.866025403784 0.129409522551 -0.482962913145 3.62 0.0009 crystal_1
0.3715669087569914 0.0382 0.866025403784 0.129409522551 0.482962913145 3.62 0.0009 crystal_1
0.3639648517697298 0.0382 0.866025403784 0.25 -0.433012701892 3.62 0.0009 crystal_1
0.370577904156561 0.0382 0.866025403784 0.25 0.433012701892 3.62 0.0009 crystal_1
0.368156022700024 0.0382 0.866025403784 0.353553390593 -0.353553390593 3.62 0.0009 crystal_1
0.37099161322150953 0.0382 0.866025403784 0.353553390593 0.353553390593 3.62 0.0009 crystal_1
0.36382322713257964 0.0383 0.866025403784 0.433012701892 -0.25 3.62 0.0261 crystal_2
0.36975672836013895 0.0383 0.866025403784 0.433012701892 0.25 3.62 0.0256 crystal_2
0.36639292482627916 0.0382 0.866025403784 0.482962913145 -0.129409522551 3.62 0.0262 crystal_2
0.3694909870563011 0.0382 0.866025403784 0.482962913145 0.129409522551 3.62 0.026 crystal_2
0.37206848981579155 0.0382 0.866025403784 0.5 0.0 3.62 0.0255 crystal_2
0.37022511569534866 0.0382 0.939692620786 -0.342020143326 0.0 3.62 0.0263 crystal_2
0.3734599387899239 0.0382 0.939692620786 -0.330366089549 -0.088521326901 3.62 0.0263 crystal_2
0.3735217080720692 0.0382 0.939692620786 -0.330366089549 0.088521326901 3.62 0.026 crystal_2
0.36881303335919313 0.0382 0.939692620786 -0.296198132726 -0.171010071663 3.62 0.0266 crystal_2
0.37089426995924246 0.0383 0.939692620786 -0.296198132726 0.171010071663 3.62 0.0258 crystal_2
0.36942162075076523 0.0382 0.939692620786 -0.241844762648 -0.241844762648 3.62 0.0009 crystal_1
0.3715469613259669 0.0382 0.939692620786 -0.171010071663 -0.296198132726 3.62 0.0009 crystal_1
0.36762334730732016 0.0382 0.939692620786 -0.088521326901 -0.330366089549 3.62 0.0009 crystal_1
0.370873786407767 0.0382 0.939692620786 0.0 -0.342020143326 3.62 0.0009 crystal_1
0.36742576647622105 0.0382 0.939692620786 0.088521326901 -0.330366089549 3.62 0.0009 crystal_1
0.371672246134226 0.0383 0.939692620786 0.171010071663 -0.296198132726 3.62 0.0009 crystal_1
0.37258947702563294 0.0382 0.939692620786 0.241844762648 -0.241844762648 3.62 0.0008 crystal_1
0.3762037899968934 0.0382 0.984807753012 -0.173648177667 0.0 3.62 0.0266 crystal_2
0.37419354838709673 0.0382 0.984807753012 -0.167731259497 -0.044943455528 3.62 0.0266 crystal_2
0.371051390853371 0.0382 0.984807753012 -0.167731259497 0.044943455528 3.62 0.0263 crystal_2
0.37433239082626457 0.0383 0.984807753012 -0.15038373318 -0.086824088833 3.62 0.0263 crystal_2
0.3739511678887293 0.0383 0.984807753012 -0.15038373318 0.086824088833 3.62 0.0273 crystal_2
0.3758798686062881 0.0382 0.984807753012 -0.122787803969 -0.122787803969 3.62 0.0008 crystal_1
0.3742935695738505 0.0382 0.984807753012 -0.122787803969 0.122787803969 3.62 0.0008 crystal_1
0.3712957124842371 0.0382 0.984807753012 -0.086824088833 -0.15038373318 3.62 0.0008 crystal_1
0.377602523659306 0.0383 0.984807753012 -0.086824088833 0.15038373318 3.62 0.0008 crystal_1
0.37251774463673337 0.0382 0.984807753012 -0.044943455528 -0.167731259497 3.62 0.0009 crystal_1
0.3777094663829116 0.0382 0.984807753012 -0.044943455528 0.167731259497 3.62 0.0008 crystal_1
0.3747144545096496 0.0383 0.984807753012 0.0 -0.173648177667 3.62 0.0008 crystal_1
0.3752385496183207 0.0382 0.984807753012 0.0 0.173648177667 3.62 0.0008 crystal_1
0.37064772639542953 0.0382 0.984807753012 0.044943455528 -0.167731259497 3.62 0.0008 crystal_1
0.3770595690747782 0.0382 0.984807753012 0.044943455528 0.167731259497 3.62 0.0008 crystal_1
0.37300191815856787 0.0382 0.984807753012 0.086824088833 -0.15038373318 3.62 0.0009 crystal_1
0.3783467332760908 0.0382 0.984807753012 0.086824088833 0.15038373318 3.62 0.0008 crystal_1
0.3765932792584009 0.0382 0.984807753012 0.122787803969 -0.122787803969 3.62 0.0008 crystal_1
0.3765105441908222 0.0382 0.984807753012 0.122787803969 0.122787803969 3.62 0.0008 crystal_1
0.3710211946050096 0.0383 0.984807753012 0.15038373318 -0.086824088833 3.62 0.0268 crystal_2
0.3729763387297633 0.0382 0.984807753012 0.15038373318 0.086824088833 3.62 0.0265 crystal_2
0.3727998759401412 0.0382 0.984807753012 0.167731259497 -0.044943455528 3.62 0.0266 crystal_2
0.37248007501172054 0.0382 0.984807753012 0.167731259497 0.044943455528 3.62 0.0264 crystal_2
0.37373343725643016 0.0382 0.984807753012 0.173648177667 0.0 3.62 0.0265 crystal_2
0.3780983502032358 0.0382 1.0 0.0 0.0 3.62 0.0008 crystal_1
