0.42379299463553166 -1.0 0.0 0.0 crystal_1
0.4180645161290323 -0.984807753012 -0.173648177667 0.0 crystal_2
0.4130434782608696 -0.984807753012 -0.167731259497 -0.044943455528 crystal_2
0.4108944182918628 -0.984807753012 -0.167731259497 0.044943455528 crystal_2
0.41771731917717325 -0.984807753012 -0.15038373318 -0.086824088833 crystal_2
0.4116279069767441 -0.984807753012 -0.15038373318 0.086824088833 crystal_2
0.422508038585209 -0.984807753012 -0.122787803969 -0.122787803969 crystal_1
0.42284632376143894 -0.984807753012 -0.122787803969 0.122787803969 crystal_1
0.41918528252299603 -0.984807753012 -0.086824088833 -0.15038373318 crystal_1
0.4186991869918698 -0.984807753012 -0.086824088833 0.15038373318 crystal_1
0.42125984251968507 -0.984807753012 -0.044943455528 -0.167731259497 crystal_1
0.417617237008872 -0.984807753012 -0.044943455528 0.167731259497 crystal_1
0.4242715337816203 -0.984807753012 0.0 0.173648177667 crystal_1
0.423191278493558 -0.984807753012 1.4675e-08 -0.173648177667 crystal_1
0.4245460237946149 -0.984807753012 0.044943455528 -0.167731259497 crystal_1
0.4191578270652523 -0.984807753012 0.044943455528 0.167731259497 crystal_1
0.4248366013071896 -0.984807753012 0.086824088833 -0.15038373318 crystal_1
0.4250401284109149 -0.984807753012 0.086824088833 0.15038373318 crystal_1
0.42284632376143894 -0.984807753012 0.122787803969 -0.122787803969 crystal_1
0.4229756418696511 -0.984807753012 0.122787803969 0.122787803969 crystal_1
0.410824910335833 -0.984807753012 0.15038373318 -0.086824088833 crystal_2
0.41362451108213827 -0.984807753012 0.15038373318 0.086824088833 crystal_2
0.4158893534898681 -0.984807753012 0.167731259497 -0.044943455528 crystal_2
0.40921052631578947 -0.984807753012 0.167731259497 0.044943455528 crystal_2
0.41465863453815266 -0.984807753012 0.173648177667 0.0 crystal_2
0.4162001975633849 -0.939692620786 -0.342020143326 0.0 crystal_2
0.4114304812834225 -0.939692620786 -0.330366089549 -0.088521326901 crystal_2
0.41344000000000003 -0.939692620786 -0.330366089549 0.088521326901 crystal_2
0.4150880691259555 -0.939692620786 -0.296198132726 -0.171010071663 crystal_2
0.4126113776559287 -0.939692620786 -0.296198132726 0.171010071663 crystal_2
0.4221284879948085 -0.939692620786 -0.241844762648 -0.241844762648 crystal_1
0.4186281102891728 -0.939692620786 -0.241844762648 0.241844762648 crystal_1
0.4141379310344827 -0.939692620786 -0.171010071663 -0.296198132726 crystal_1
0.4175506268081003 -0.939692620786 -0.171010071663 0.296198132726 crystal_1
0.4162775183455638 -0.939692620786 -0.088521326901 -0.330366089549 crystal_1
0.41721635883905017 -0.939692620786 -0.088521326901 0.330366089549 crystal_1
0.4172447968285432 -0.939692620786 0.0 -0.342020143326 crystal_1
0.41785595751742455 -0.939692620786 0.0 0.342020143326 crystal_1
0.4205823957643945 -0.939692620786 0.088521326901 -0.330366089549 crystal_1
0.41791541791541786 -0.939692620786 0.088521326901 0.330366089549 crystal_1
0.4168078617417824 -0.939692620786 0.171010071663 -0.296198132726 crystal_1
0.41774611398963735 -0.939692620786 0.171010071663 0.296198132726 crystal_1
0.42503259452412 -0.939692620786 0.241844762648 -0.241844762648 crystal_1
0.42117647058823526 -0.939692620786 0.241844762648 0.241844762648 crystal_1
0.41226353555120676 -0.939692620786 0.296198132726 -0.171010071663 crystal_2
0.41706161137440756 -0.939692620786 0.296198132726 0.171010071663 crystal_2
0.4140954855472556 -0.939692620786 0.330366089549 -0.088521326901 crystal_2
0.4158249158249159 -0.939692620786 0.330366089549 0.088521326901 crystal_2
0.4174852652259332 -0.939692620786 0.342020143326 0.0 crystal_2
0.4172072379651759 -0.866025403784 -0.5 0.0 crystal_2
0.412268677176148 -0.866025403784 -0.482962913145 -0.129409522551 crystal_2
0.4118421052631579 -0.866025403784 -0.482962913145 0.129409522551 crystal_2
0.4155450874831764 -0.866025403784 -0.433012701892 -0.25 crystal_2
0.4129979035639413 -0.866025403784 -0.433012701892 0.25 crystal_2
0.4219269102990033 -0.866025403784 -0.353553390593 -0.353553390593 crystal_1
0.42353340115293314 -0.866025403784 -0.353553390593 0.353553390593 crystal_1
0.4169662113587347 -0.866025403784 -0.25 -0.433012701892 crystal_1
0.4176117411607738 -0.866025403784 -0.25 0.433012701892 crystal_1
0.41383989145183175 -0.866025403784 -0.129409522551 -0.482962913145 crystal_1
0.41431451612903214 -0.866025403784 -0.129409522551 0.482962913145 crystal_1
0.41758979523329975 -0.866025403784 0.0 0.5 crystal_1
0.4183673469387754 -0.866025403784 1.2905e-08 -0.5 crystal_1
0.4168084382443008 -0.866025403784 0.129409522551 -0.482962913145 crystal_1
0.41270925862658014 -0.866025403784 0.129409522551 0.482962913145 crystal_1
0.41764705882352937 -0.866025403784 0.25 -0.433012701892 crystal_1
0.4186586985391767 -0.866025403784 0.25 0.433012701892 crystal_1
0.42682534577034414 -0.866025403784 0.353553390593 -0.353553390593 crystal_1
0.41625615763546797 -0.866025403784 0.353553390593 0.353553390593 crystal_1
0.41112214498510424 -0.866025403784 0.433012701892 -0.25 crystal_2
0.4146919431279621 -0.866025403784 0.433012701892 0.25 crystal_2
0.41184433164128587 -0.866025403784 0.482962913145 -0.129409522551 crystal_2
0.4151383794598199 -0.866025403784 0.482962913145 0.129409522551 crystal_2
0.4154411764705883 -0.866025403784 0.5 0.0 crystal_2
0.4228987425545997 -0.766044443119 -0.642787609687 0.0 crystal_2
0.41225051617343433 -0.766044443119 -0.620885153015 -0.166365675343 crystal_2
0.41392064559515795 -0.766044443119 -0.620885153015 0.166365675343 crystal_2
0.41692681234824835 -0.766044443119 -0.556670399226 -0.321393804843 crystal_2
0.41492748496639553 -0.766044443119 -0.556670399226 0.321393804843 crystal_2
0.4223766964581265 -0.766044443119 -0.454519477672 -0.454519477672 crystal_1
0.4169526424159231 -0.766044443119 -0.454519477672 0.454519477672 crystal_1
0.4185005594927266 -0.766044443119 -0.321393804843 -0.556670399226 crystal_1
0.4152571625819814 -0.766044443119 -0.321393804843 0.556670399226 crystal_1
0.41602634467618005 -0.766044443119 -0.166365675343 -0.620885153015 crystal_1
0.4138423118087763 -0.766044443119 -0.166365675343 0.620885153015 crystal_1
0.421015514809591 -0.766044443119 0.0 -0.642787609687 crystal_1
0.4180790960451978 -0.766044443119 0.0 0.642787609687 crystal_1
0.4165784832451499 -0.766044443119 0.166365675343 -0.620885153015 crystal_1
0.41381741275995776 -0.766044443119 0.166365675343 0.620885153015 crystal_1
0.41812865497076024 -0.766044443119 0.321393804843 -0.556670399226 crystal_1
0.41782446628261594 -0.766044443119 0.321393804843 0.556670399226 crystal_1
0.4215068038499834 -0.766044443119 0.454519477672 -0.454519477672 crystal_1
0.4203257790368271 -0.766044443119 0.454519477672 0.454519477672 crystal_1
0.4105011933174224 -0.766044443119 0.556670399226 -0.321393804843 crystal_2
0.41618887015177064 -0.766044443119 0.556670399226 0.321393804843 crystal_2
0.41626464507236394 -0.766044443119 0.620885153015 -0.166365675343 crystal_2
0.4154834347532117 -0.766044443119 0.620885153015 0.166365675343 crystal_2
0.423327615780446 -0.766044443119 0.642787609687 0.0 crystal_2
0.4188780651662749 -0.642787609687 -0.766044443119 0.0 crystal_2
0.415190735694823 -0.642787609687 -0.739942111694 -0.198266891274 crystal_2
0.4172162443595975 -0.642787609687 -0.739942111694 0.198266891274 crystal_2
0.41608876560332875 -0.642787609687 -0.663413948169 -0.383022221559 crystal_2
0.4106175514626218 -0.642787609687 -0.663413948169 0.383022221559 crystal_2
0.42142377434519807 -0.642787609687 -0.54167522042 -0.54167522042 crystal_1
0.42032667876588026 -0.642787609687 -0.54167522042 0.54167522042 crystal_1
0.4161608497723823 -0.642787609687 -0.383022221559 -0.663413948169 crystal_1
0.41565217391304343 -0.642787609687 -0.383022221559 0.663413948169 crystal_1
0.4170454545454545 -0.642787609687 -0.198266891274 -0.739942111694 crystal_1
0.41328828828828834 -0.642787609687 -0.198266891274 0.739942111694 crystal_1
0.4202844311377245 -0.642787609687 0.0 -0.766044443119 crystal_1
0.418014705882353 -0.642787609687 9.578e-09 0.766044443119 crystal_1
0.41767955801104983 -0.642787609687 0.198266891274 -0.739942111694 crystal_1
0.414008067473414 -0.642787609687 0.198266891274 0.739942111694 crystal_1
0.4189240747806181 -0.642787609687 0.383022221559 -0.663413948169 crystal_1
0.4134917860887801 -0.642787609687 0.383022221559 0.663413948169 crystal_1
0.4228971962616822 -0.642787609687 0.54167522042 -0.54167522042 crystal_1
0.4215722120658135 -0.642787609687 0.54167522042 0.54167522042 crystal_1
0.40905971173644473 -0.642787609687 0.663413948169 -0.383022221559 crystal_2
0.41437042204394847 -0.642787609687 0.663413948169 0.383022221559 crystal_2
0.41828533154722036 -0.642787609687 0.739942111694 -0.198266891274 crystal_2
0.4203971726691349 -0.642787609687 0.739942111694 0.198266891274 crystal_2
0.4196335983408227 -0.642787609687 0.766044443119 0.0 crystal_2
0.41888619854721554 -0.5 -0.866025403784 0.0 crystal_2
0.4204425711275026 -0.5 -0.836516303738 -0.224143868042 crystal_2
0.41538461538461535 -0.5 -0.836516303738 0.224143868042 crystal_2
0.41406530319339796 -0.5 -0.75 -0.433012701892 crystal_2
0.4157423971377461 -0.5 -0.75 0.433012701892 crystal_2
0.42552380952380964 -0.5 -0.612372435696 -0.612372435696 crystal_1
0.41554054054054057 -0.5 -0.612372435696 0.612372435696 crystal_1
0.41839762611275966 -0.5 -0.433012701892 -0.75 crystal_1
0.42086330935251803 -0.5 -0.433012701892 0.75 crystal_1
0.4163643692059653 -0.5 -0.224143868042 -0.836516303738 crystal_1
0.4150428682774746 -0.5 -0.224143868042 0.836516303738 crystal_1
0.4223826714801444 -0.5 0.0 -0.866025403784 crystal_1
0.4178696839641045 -0.5 0.0 0.866025403784 crystal_1
0.41827912721284477 -0.5 0.224143868042 -0.836516303738 crystal_1
0.42129452317119875 -0.5 0.224143868042 0.836516303738 crystal_1
0.42055365946150935 -0.5 0.433012701892 -0.75 crystal_1
0.4167254763585039 -0.5 0.433012701892 0.75 crystal_1
0.42391720965887325 -0.5 0.612372435696 -0.612372435696 crystal_1
0.41874302714763845 -0.5 0.612372435696 0.612372435696 crystal_1
0.4102475928473177 -0.5 0.75 -0.433012701892 crystal_2
0.42090395480225984 -0.5 0.75 0.433012701892 crystal_2
0.41922290388548056 -0.5 0.836516303738 -0.224143868042 crystal_2
0.41742160278745644 -0.5 0.836516303738 0.224143868042 crystal_2
0.42518874399450923 -0.5 0.866025403784 0.0 crystal_2
0.4186288088642659 -0.342020143326 -0.939692620786 0.0 crystal_2
0.41999999999999993 -0.342020143326 -0.90767337119 -0.243210346802 crystal_2
0.42110726643598606 -0.342020143326 -0.90767337119 0.243210346802 crystal_2
0.41666666666666663 -0.342020143326 -0.813797681349 -0.469846310393 crystal_2
0.4159943879340582 -0.342020143326 -0.813797681349 0.469846310393 crystal_2
0.4253184098803551 -0.342020143326 -0.664463024389 -0.664463024389 crystal_1
0.4213907785336356 -0.342020143326 -0.664463024389 0.664463024389 crystal_1
0.4216685541713855 -0.342020143326 -0.469846310393 -0.813797681349 crystal_1
0.421930447125621 -0.342020143326 -0.469846310393 0.813797681349 crystal_1
0.41967784066173264 -0.342020143326 -0.243210346802 -0.90767337119 crystal_1
0.41700569568755075 -0.342020143326 -0.243210346802 0.90767337119 crystal_1
0.4222592746977908 -0.342020143326 -0.0 -0.939692620786 crystal_1
0.4226430298146655 -0.342020143326 0.0 0.939692620786 crystal_1
0.4187129551227773 -0.342020143326 0.243210346802 -0.90767337119 crystal_1
0.4192656928543229 -0.342020143326 0.243210346802 0.90767337119 crystal_1
0.41891891891891897 -0.342020143326 0.469846310393 -0.813797681349 crystal_1
0.42255083179297603 -0.342020143326 0.469846310393 0.813797681349 crystal_1
0.42533229085222835 -0.342020143326 0.664463024389 -0.664463024389 crystal_1
0.42541014879816863 -0.342020143326 0.664463024389 0.664463024389 crystal_1
0.41188738269030245 -0.342020143326 0.813797681349 -0.469846310393 crystal_2
0.4162612925642807 -0.342020143326 0.813797681349 0.469846310393 crystal_2
0.41734802701741913 -0.342020143326 0.90767337119 -0.243210346802 crystal_2
0.4200138504155124 -0.342020143326 0.90767337119 0.243210346802 crystal_2
0.4198630136986301 -0.342020143326 0.939692620786 0.0 crystal_2
0.41938810587830866 -0.173648177667 -0.984807753012 0.0 crystal_2
0.4177304964539006 -0.173648177667 -0.951251242564 -0.254887002244 crystal_2
0.41300464451589847 -0.173648177667 -0.951251242564 0.254887002244 crystal_2
0.41504178272980496 -0.173648177667 -0.852868531952 -0.492403876506 crystal_2
0.4164048865619546 -0.173648177667 -0.852868531952 0.492403876506 crystal_2
0.4249520153550864 -0.173648177667 -0.69636424032 -0.69636424032 crystal_1
0.42495274102079394 -0.173648177667 -0.69636424032 0.69636424032 crystal_1
0.4218099204846649 -0.173648177667 -0.492403876506 -0.852868531952 crystal_1
0.42049736247174085 -0.173648177667 -0.492403876506 0.852868531952 crystal_1
0.42367736339982653 -0.173648177667 -0.254887002244 -0.951251242564 crystal_1
0.4172601591956431 -0.173648177667 -0.254887002244 0.951251242564 crystal_1
0.42248722316865417 -0.173648177667 -2.588e-09 -0.984807753012 crystal_1
0.42285478547854793 -0.173648177667 0.0 0.984807753012 crystal_1
0.41921947125472103 -0.173648177667 0.254887002244 -0.951251242564 crystal_1
0.4232848232848233 -0.173648177667 0.254887002244 0.951251242564 crystal_1
0.4168267383787937 -0.173648177667 0.492403876506 -0.852868531952 crystal_1
0.4219393485585923 -0.173648177667 0.492403876506 0.852868531952 crystal_1
0.4218381775333857 -0.173648177667 0.69636424032 -0.69636424032 crystal_1
0.4261913986826811 -0.173648177667 0.69636424032 0.69636424032 crystal_1
0.41384180790960445 -0.173648177667 0.852868531952 -0.492403876506 crystal_2
0.4155251141552512 -0.173648177667 0.852868531952 0.492403876506 crystal_2
0.41643059490084977 -0.173648177667 0.951251242564 -0.254887002244 crystal_2
0.41827091354567736 -0.173648177667 0.951251242564 0.254887002244 crystal_2
0.42145067033344785 -0.173648177667 0.984807753012 0.0 crystal_2
0.42007562736335513 0.0 -1.0 0.0 crystal_2
0.4170153417015342 0.0 -0.965925826289 -0.258819045103 crystal_2
0.41875447387258413 0.0 -0.965925826289 0.258819045103 crystal_2
0.4192094313453536 0.0 -0.866025403784 -0.5 crystal_2
0.414651493598862 0.0 -0.866025403784 0.5 crystal_2
0.42420634920634914 0.0 -0.707106781187 -0.707106781187 crystal_1
0.42724816673099186 0.0 -0.707106781187 0.707106781187 crystal_1
0.4208144796380091 0.0 -0.5 -0.866025403784 crystal_1
0.42000000000000004 0.0 -0.5 0.866025403784 crystal_1
0.4215563878485227 0.0 -0.258819045103 -0.965925826289 crystal_1
0.4258091635140816 0.0 -0.258819045103 0.965925826289 crystal_1
0.4222786954680221 0.0 0.0 -1.0 crystal_1
0.4222786954680221 -0.0 0.0 1.0 crystal_1
0.4258091635140816 0.0 0.258819045103 -0.965925826289 crystal_1
0.4215563878485227 0.0 0.258819045103 0.965925826289 crystal_1
0.42000000000000004 0.0 0.5 -0.866025403784 crystal_1
0.4208144796380091 0.0 0.5 0.866025403784 crystal_1
0.42724816673099186 0.0 0.707106781187 -0.707106781187 crystal_1
0.42420634920634914 0.0 0.707106781187 0.707106781187 crystal_1
0.414651493598862 0.0 0.866025403784 -0.5 crystal_2
0.4192094313453536 0.0 0.866025403784 0.5 crystal_2
0.41875447387258413 0.0 0.965925826289 -0.258819045103 crystal_2
0.4170153417015342 0.0 0.965925826289 0.258819045103 crystal_2
0.42007562736335513 0.0 1.0 0.0 crystal_2
0.42145067033344785 0.173648177667 -0.984807753012 0.0 crystal_2
0.41827091354567736 0.173648177667 -0.951251242564 -0.254887002244 crystal_2
0.41643059490084977 0.173648177667 -0.951251242564 0.254887002244 crystal_2
0.4155251141552512 0.173648177667 -0.852868531952 -0.492403876506 crystal_2
0.41384180790960445 0.173648177667 -0.852868531952 0.492403876506 crystal_2
0.4261913986826811 0.173648177667 -0.69636424032 -0.69636424032 crystal_1
0.4218381775333857 0.173648177667 -0.69636424032 0.69636424032 crystal_1
0.4219393485585923 0.173648177667 -0.492403876506 -0.852868531952 crystal_1
0.4168267383787937 0.173648177667 -0.492403876506 0.852868531952 crystal_1
0.4232848232848233 0.173648177667 -0.254887002244 -0.951251242564 crystal_1
0.41921947125472103 0.173648177667 -0.254887002244 0.951251242564 crystal_1
0.42285478547854793 0.173648177667 0.0 -0.984807753012 crystal_1
0.42248722316865417 0.173648177667 2.588e-09 0.984807753012 crystal_1
0.4172601591956431 0.173648177667 0.254887002244 -0.951251242564 crystal_1
0.42367736339982653 0.173648177667 0.254887002244 0.951251242564 crystal_1
0.42049736247174085 0.173648177667 0.492403876506 -0.852868531952 crystal_1
0.4218099204846649 0.173648177667 0.492403876506 0.852868531952 crystal_1
0.42495274102079394 0.173648177667 0.69636424032 -0.69636424032 crystal_1
0.4249520153550864 0.173648177667 0.69636424032 0.69636424032 crystal_1
0.4164048865619546 0.173648177667 0.852868531952 -0.492403876506 crystal_2
0.41504178272980496 0.173648177667 0.852868531952 0.492403876506 crystal_2
0.41300464451589847 0.173648177667 0.951251242564 -0.254887002244 crystal_2
0.4177304964539006 0.173648177667 0.951251242564 0.254887002244 crystal_2
0.41938810587830866 0.173648177667 0.984807753012 0.0 crystal_2
0.4198630136986301 0.342020143326 -0.939692620786 0.0 crystal_2
0.4200138504155124 0.342020143326 -0.90767337119 -0.243210346802 crystal_2
0.41734802701741913 0.342020143326 -0.90767337119 0.243210346802 crystal_2
0.4162612925642807 0.342020143326 -0.813797681349 -0.469846310393 crystal_2
0.41188738269030245 0.342020143326 -0.813797681349 0.469846310393 crystal_2
0.42541014879816863 0.342020143326 -0.664463024389 -0.664463024389 crystal_1
0.4287629902782434 0.342020143326 -0.664463024389 0.664463024389 crystal_1
0.42255083179297603 0.342020143326 -0.469846310393 -0.813797681349 crystal_1
0.4204685573366215 0.342020143326 -0.469846310393 0.813797681349 crystal_1
0.4192656928543229 0.342020143326 -0.243210346802 -0.90767337119 crystal_1
0.42402257154373235 0.342020143326 -0.243210346802 0.90767337119 crystal_1
0.4226430298146655 0.342020143326 0.0 -0.939692620786 crystal_1
0.42529198550140956 0.342020143326 0.0 0.939692620786 crystal_1
0.41700569568755075 0.342020143326 0.243210346802 -0.90767337119 crystal_1
0.4202429149797571 0.342020143326 0.243210346802 0.90767337119 crystal_1
0.421930447125621 0.342020143326 0.469846310393 -0.813797681349 crystal_1
0.4269434269434269 0.342020143326 0.469846310393 0.813797681349 crystal_1
0.4213907785336356 0.342020143326 0.664463024389 -0.664463024389 crystal_1
0.4235580264072273 0.342020143326 0.664463024389 0.664463024389 crystal_1
0.42070725483047755 0.342020143326 0.813797681349 -0.469846310393 crystal_2
0.41663626413717625 0.342020143326 0.813797681349 0.469846310393 crystal_2
0.4196157735085946 0.342020143326 0.90767337119 -0.243210346802 crystal_2
0.4167837078651685 0.342020143326 0.90767337119 0.243210346802 crystal_2
0.42069892473118276 0.342020143326 0.939692620786 0.0 crystal_2
0.42518874399450923 0.5 -0.866025403784 0.0 crystal_2
0.41742160278745644 0.5 -0.836516303738 -0.224143868042 crystal_2
0.41922290388548056 0.5 -0.836516303738 0.224143868042 crystal_2
0.42090395480225984 0.5 -0.75 -0.433012701892 crystal_2
0.4102475928473177 0.5 -0.75 0.433012701892 crystal_2
0.41874302714763845 0.5 -0.612372435696 -0.612372435696 crystal_1
0.4227779655288949 0.5 -0.612372435696 0.612372435696 crystal_1
0.4167254763585039 0.5 -0.433012701892 -0.75 crystal_1
0.41719745222929927 0.5 -0.433012701892 0.75 crystal_1
0.42129452317119875 0.5 -0.224143868042 -0.836516303738 crystal_1
0.4177744018230155 0.5 -0.224143868042 0.836516303738 crystal_1
0.4178696839641045 0.5 0.0 -0.866025403784 crystal_1
0.4223826714801444 0.5 0.0 0.866025403784 crystal_1
0.4150428682774746 0.5 0.224143868042 -0.836516303738 crystal_1
0.4121699196326062 0.5 0.224143868042 0.836516303738 crystal_1
0.42086330935251803 0.5 0.433012701892 -0.75 crystal_1
0.41921221864951774 0.5 0.433012701892 0.75 crystal_1
0.41554054054054057 0.5 0.612372435696 -0.612372435696 crystal_1
0.4230639161312141 0.5 0.612372435696 0.612372435696 crystal_1
0.4167267483777938 0.5 0.75 -0.433012701892 crystal_2
0.41575415047686337 0.5 0.75 0.433012701892 crystal_2
0.4166954122111073 0.5 0.836516303738 -0.224143868042 crystal_2
0.41392582225332397 0.5 0.836516303738 0.224143868042 crystal_2
0.4221020615072659 0.5 0.866025403784 0.0 crystal_2
0.4196335983408227 0.642787609687 -0.766044443119 0.0 crystal_2
0.4203971726691349 0.642787609687 -0.739942111694 -0.198266891274 crystal_2
0.41828533154722036 0.642787609687 -0.739942111694 0.198266891274 crystal_2
0.41437042204394847 0.642787609687 -0.663413948169 -0.383022221559 crystal_2
0.40905971173644473 0.642787609687 -0.663413948169 0.383022221559 crystal_2
0.4215722120658135 0.642787609687 -0.54167522042 -0.54167522042 crystal_1
0.4228971962616822 0.642787609687 -0.54167522042 0.54167522042 crystal_1
0.4134917860887801 0.642787609687 -0.383022221559 -0.663413948169 crystal_1
0.4189240747806181 0.642787609687 -0.383022221559 0.663413948169 crystal_1
0.414008067473414 0.642787609687 -0.198266891274 -0.739942111694 crystal_1
0.41767955801104983 0.642787609687 -0.198266891274 0.739942111694 crystal_1
0.418014705882353 0.642787609687 -9.578e-09 -0.766044443119 crystal_1
0.4202844311377245 0.642787609687 0.0 0.766044443119 crystal_1
0.41328828828828834 0.642787609687 0.198266891274 -0.739942111694 crystal_1
0.4170454545454545 0.642787609687 0.198266891274 0.739942111694 crystal_1
0.41565217391304343 0.642787609687 0.383022221559 -0.663413948169 crystal_1
0.4161608497723823 0.642787609687 0.383022221559 0.663413948169 crystal_1
0.42032667876588026 0.642787609687 0.54167522042 -0.54167522042 crystal_1
0.42142377434519807 0.642787609687 0.54167522042 0.54167522042 crystal_1
0.4106175514626218 0.642787609687 0.663413948169 -0.383022221559 crystal_2
0.41608876560332875 0.642787609687 0.663413948169 0.383022221559 crystal_2
0.4172162443595975 0.642787609687 0.739942111694 -0.198266891274 crystal_2
0.415190735694823 0.642787609687 0.739942111694 0.198266891274 crystal_2
0.4188780651662749 0.642787609687 0.766044443119 0.0 crystal_2
0.423327615780446 0.766044443119 -0.642787609687 0.0 crystal_2
0.4154834347532117 0.766044443119 -0.620885153015 -0.166365675343 crystal_2
0.41626464507236394 0.766044443119 -0.620885153015 0.166365675343 crystal_2
0.41618887015177064 0.766044443119 -0.556670399226 -0.321393804843 crystal_2
0.4105011933174224 0.766044443119 -0.556670399226 0.321393804843 crystal_2
0.4203257790368271 0.766044443119 -0.454519477672 -0.454519477672 crystal_1
0.4215068038499834 0.766044443119 -0.454519477672 0.454519477672 crystal_1
0.41782446628261594 0.766044443119 -0.321393804843 -0.556670399226 crystal_1
0.41812865497076024 0.766044443119 -0.321393804843 0.556670399226 crystal_1
0.41381741275995776 0.766044443119 -0.166365675343 -0.620885153015 crystal_1
0.4165784832451499 0.766044443119 -0.166365675343 0.620885153015 crystal_1
0.4180790960451978 0.766044443119 0.0 -0.642787609687 crystal_1
0.421015514809591 0.766044443119 0.0 0.642787609687 crystal_1
0.4138423118087763 0.766044443119 0.166365675343 -0.620885153015 crystal_1
0.41602634467618005 0.766044443119 0.166365675343 0.620885153015 crystal_1
0.4152571625819814 0.766044443119 0.321393804843 -0.556670399226 crystal_1
0.4185005594927266 0.766044443119 0.321393804843 0.556670399226 crystal_1
0.4169526424159231 0.766044443119 0.454519477672 -0.454519477672 crystal_1
0.4223766964581265 0.766044443119 0.454519477672 0.454519477672 crystal_1
0.41492748496639553 0.766044443119 0.556670399226 -0.321393804843 crystal_2
0.41692681234824835 0.766044443119 0.556670399226 0.321393804843 crystal_2
0.41392064559515795 0.766044443119 0.620885153015 -0.166365675343 crystal_2
0.41225051617343433 0.766044443119 0.620885153015 0.166365675343 crystal_2
0.4228987425545997 0.766044443119 0.642787609687 0.0 crystal_2
0.4154411764705883 0.866025403784 -0.5 0.0 crystal_2
0.4151383794598199 0.866025403784 -0.482962913145 -0.129409522551 crystal_2
0.41184433164128587 0.866025403784 -0.482962913145 0.129409522551 crystal_2
0.4146919431279621 0.866025403784 -0.433012701892 -0.25 crystal_2
0.41112214498510424 0.866025403784 -0.433012701892 0.25 crystal_2
0.41625615763546797 0.866025403784 -0.353553390593 -0.353553390593 crystal_1
0.42682534577034414 0.866025403784 -0.353553390593 0.353553390593 crystal_1
0.4186586985391767 0.866025403784 -0.25 -0.433012701892 crystal_1
0.41764705882352937 0.866025403784 -0.25 0.433012701892 crystal_1
0.41270925862658014 0.866025403784 -0.129409522551 -0.482962913145 crystal_1
0.4168084382443008 0.866025403784 -0.129409522551 0.482962913145 crystal_1
0.4183673469387754 0.866025403784 -1.2905e-08 0.5 crystal_1
0.41758979523329975 0.866025403784 0.0 -0.5 crystal_1
0.41431451612903214 0.866025403784 0.129409522551 -0.482962913145 crystal_1
0.41383989145183175 0.866025403784 0.129409522551 0.482962913145 crystal_1
0.4176117411607738 0.866025403784 0.25 -0.433012701892 crystal_1
0.4169662113587347 0.866025403784 0.25 0.433012701892 crystal_1
0.42353340115293314 0.866025403784 0.353553390593 -0.353553390593 crystal_1
0.4219269102990033 0.866025403784 0.353553390593 0.353553390593 crystal_1
0.4129979035639413 0.866025403784 0.433012701892 -0.25 crystal_2
0.4155450874831764 0.866025403784 0.433012701892 0.25 crystal_2
0.4118421052631579 0.866025403784 0.482962913145 -0.129409522551 crystal_2
0.412268677176148 0.866025403784 0.482962913145 0.129409522551 crystal_2
0.4172072379651759 0.866025403784 0.5 0.0 crystal_2
0.4174852652259332 0.939692620786 -0.342020143326 0.0 crystal_2
0.4158249158249159 0.939692620786 -0.330366089549 -0.088521326901 crystal_2
0.4140954855472556 0.939692620786 -0.330366089549 0.088521326901 crystal_2
0.41706161137440756 0.939692620786 -0.296198132726 -0.171010071663 crystal_2
0.41226353555120676 0.939692620786 -0.296198132726 0.171010071663 crystal_2
0.42117647058823526 0.939692620786 -0.241844762648 -0.241844762648 crystal_1
0.42503259452412 0.939692620786 -0.241844762648 0.241844762648 crystal_1
0.41774611398963735 0.939692620786 -0.171010071663 -0.296198132726 crystal_1
0.4168078617417824 0.939692620786 -0.171010071663 0.296198132726 crystal_1
0.41791541791541786 0.939692620786 -0.088521326901 -0.330366089549 crystal_1
0.4205823957643945 0.939692620786 -0.088521326901 0.330366089549 crystal_1
0.41785595751742455 0.939692620786 0.0 -0.342020143326 crystal_1
0.4172447968285432 0.939692620786 0.0 0.342020143326 crystal_1
0.41721635883905017 0.939692620786 0.088521326901 -0.330366089549 crystal_1
0.4162775183455638 0.939692620786 0.088521326901 0.330366089549 crystal_1
0.4175506268081003 0.939692620786 0.171010071663 -0.296198132726 crystal_1
0.4141379310344827 0.939692620786 0.171010071663 0.296198132726 crystal_1
0.4186281102891728 0.939692620786 0.241844762648 -0.241844762648 crystal_1
0.4221284879948085 0.939692620786 0.241844762648 0.241844762648 crystal_1
0.4126113776559287 0.939692620786 0.296198132726 -0.171010071663 crystal_2
0.4150880691259555 0.939692620786 0.296198132726 0.171010071663 crystal_2
0.41344000000000003 0.939692620786 0.330366089549 -0.088521326901 crystal_2
0.4114304812834225 0.939692620786 0.330366089549 0.088521326901 crystal_2
0.4162001975633849 0.939692620786 0.342020143326 0.0 crystal_2
0.41465863453815266 0.984807753012 -0.173648177667 0.0 crystal_2
0.40921052631578947 0.984807753012 -0.167731259497 -0.044943455528 crystal_2
0.4158893534898681 0.984807753012 -0.167731259497 0.044943455528 crystal_2
0.41362451108213827 0.984807753012 -0.15038373318 -0.086824088833 crystal_2
0.410824910335833 0.984807753012 -0.15038373318 0.086824088833 crystal_2
0.4229756418696511 0.984807753012 -0.122787803969 -0.122787803969 crystal_1
0.42284632376143894 0.984807753012 -0.122787803969 0.122787803969 crystal_1
0.4250401284109149 0.984807753012 -0.086824088833 -0.15038373318 crystal_1
0.4248366013071896 0.984807753012 -0.086824088833 0.15038373318 crystal_1
0.4191578270652523 0.984807753012 -0.044943455528 -0.167731259497 crystal_1
0.4245460237946149 0.984807753012 -0.044943455528 0.167731259497 crystal_1
0.423191278493558 0.984807753012 -1.4675e-08 0.173648177667 crystal_1
0.4242715337816203 0.984807753012 0.0 -0.173648177667 crystal_1
0.417617237008872 0.984807753012 0.044943455528 -0.167731259497 crystal_1
0.42125984251968507 0.984807753012 0.044943455528 0.167731259497 crystal_1
0.4186991869918698 0.984807753012 0.086824088833 -0.15038373318 crystal_1
0.41918528252299603 0.984807753012 0.086824088833 0.15038373318 crystal_1
0.42284632376143894 0.984807753012 0.122787803969 -0.122787803969 crystal_1
0.422508038585209 0.984807753012 0.122787803969 0.122787803969 crystal_1
0.4116279069767441 0.984807753012 0.15038373318 -0.086824088833 crystal_2
0.41771731917717325 0.984807753012 0.15038373318 0.086824088833 crystal_2
0.4108944182918628 0.984807753012 0.167731259497 -0.044943455528 crystal_2
0.4130434782608696 0.984807753012 0.167731259497 0.044943455528 crystal_2
0.4180645161290323 0.984807753012 0.173648177667 0.0 crystal_2
0.42379299463553166 1.0 0.0 0.0 crystal_1
