0.3693292075313369 -1.0 0.0 0.0 crystal_1
0.3656066216510564 -0.984807753012 -0.173648177667 0.0 crystal_2
0.36398146597443193 -0.984807753012 -0.167731259497 -0.044943455528 crystal_2
0.35965439930004917 -0.984807753012 -0.167731259497 0.044943455528 crystal_2
0.36452490698061857 -0.984807753012 -0.15038373318 -0.086824088833 crystal_2
0.36514891021019347 -0.984807753012 -0.15038373318 0.086824088833 crystal_2
0.3678038379530917 -0.984807753012 -0.122787803969 -0.122787803969 crystal_1
0.3643982390070546 -0.984807753012 -0.122787803969 0.122787803969 crystal_1
0.36793800835348434 -0.984807753012 -0.086824088833 -0.15038373318 crystal_1
0.361837110942414 -0.984807753012 -0.086824088833 0.15038373318 crystal_1
0.36323354587701295 -0.984807753012 -0.044943455528 -0.167731259497 crystal_1
0.36296970345787394 -0.984807753012 -0.044943455528 0.167731259497 crystal_1
0.3716837970187806 -0.984807753012 0.0 -0.173648177667 crystal_1
0.36475388120595553 -0.984807753012 0.0 0.173648177667 crystal_1
0.36511276572785145 -0.984807753012 0.044943455528 -0.167731259497 crystal_1
0.36293373689330877 -0.984807753012 0.044943455528 0.167731259497 crystal_1
0.3668195306177502 -0.984807753012 0.086824088833 -0.15038373318 crystal_1
0.3637966971300305 -0.984807753012 0.086824088833 0.15038373318 crystal_1
0.36787592008412195 -0.984807753012 0.122787803969 -0.122787803969 crystal_1
0.36395683063072837 -0.984807753012 0.122787803969 0.122787803969 crystal_1
0.3617565314063368 -0.984807753012 0.15038373318 -0.086824088833 crystal_2
0.3637894264227186 -0.984807753012 0.15038373318 0.086824088833 crystal_2
0.3597031335898845 -0.984807753012 0.167731259497 -0.044943455528 crystal_2
0.3637674728200576 -0.984807753012 0.167731259497 0.044943455528 crystal_2
0.3610928602715725 -0.984807753012 0.173648177667 0.0 crystal_2
0.3643583051035708 -0.939692620786 -0.342020143326 0.0 crystal_2
0.36214318078840046 -0.939692620786 -0.330366089549 -0.088521326901 crystal_2
0.360789766407119 -0.939692620786 -0.330366089549 0.088521326901 crystal_2
0.3607186561352764 -0.939692620786 -0.296198132726 -0.171010071663 crystal_2
0.35885493581733496 -0.939692620786 -0.296198132726 0.171010071663 crystal_2
0.3656099800183614 -0.939692620786 -0.241844762648 -0.241844762648 crystal_1
0.36010030946537186 -0.939692620786 -0.241844762648 0.241844762648 crystal_1
0.3618059792556436 -0.939692620786 -0.171010071663 -0.296198132726 crystal_1
0.3574826398381541 -0.939692620786 -0.171010071663 0.296198132726 crystal_1
0.36014005446562547 -0.939692620786 -0.088521326901 -0.330366089549 crystal_1
0.356 -0.939692620786 -0.088521326901 0.330366089549 crystal_1
0.3633248109666539 -0.939692620786 0.0 -0.342020143326 crystal_1
0.35998484274346343 -0.939692620786 0.0 0.342020143326 crystal_1
0.36275907445991895 -0.939692620786 0.088521326901 -0.330366089549 crystal_1
0.3570529311949203 -0.939692620786 0.088521326901 0.330366089549 crystal_1
0.3635610994591014 -0.939692620786 0.171010071663 -0.296198132726 crystal_1
0.35582160383972394 -0.939692620786 0.171010071663 0.296198132726 crystal_1
0.3628313863551502 -0.939692620786 0.241844762648 -0.241844762648 crystal_1
0.3594510845506861 -0.939692620786 0.241844762648 0.241844762648 crystal_1
0.3576707726763718 -0.939692620786 0.296198132726 -0.171010071663 crystal_2
0.3599392507593656 -0.939692620786 0.296198132726 0.171010071663 crystal_2
0.3607013637628722 -0.939692620786 0.330366089549 -0.088521326901 crystal_2
0.36078409282938095 -0.939692620786 0.330366089549 0.088521326901 crystal_2
0.3652188328912467 -0.939692620786 0.342020143326 0.0 crystal_2
0.36081903707802987 -0.866025403784 -0.5 0.0 crystal_2
0.35767644107481333 -0.866025403784 -0.482962913145 -0.129409522551 crystal_2
0.35609756097560974 -0.866025403784 -0.482962913145 0.129409522551 crystal_2
0.3609333408846349 -0.866025403784 -0.433012701892 -0.25 crystal_2
0.357053398610953 -0.866025403784 -0.433012701892 0.25 crystal_2
0.3600422011216613 -0.866025403784 -0.353553390593 -0.353553390593 crystal_1
0.3568379621930263 -0.866025403784 -0.353553390593 0.353553390593 crystal_1
0.3581464701496817 -0.866025403784 -0.25 -0.433012701892 crystal_1
0.3536755280610824 -0.866025403784 -0.25 0.433012701892 crystal_1
0.35632907768935695 -0.866025403784 -0.129409522551 -0.482962913145 crystal_1
0.35035389282103135 -0.866025403784 -0.129409522551 0.482962913145 crystal_1
0.35766794842795757 -0.866025403784 0.0 -0.5 crystal_1
0.35613353600180153 -0.866025403784 0.0 0.5 crystal_1
0.3534072900158478 -0.866025403784 0.129409522551 -0.482962913145 crystal_1
0.35278574239613203 -0.866025403784 0.129409522551 0.482962913145 crystal_1
0.3584454068839754 -0.866025403784 0.25 -0.433012701892 crystal_1
0.35391174353579535 -0.866025403784 0.25 0.433012701892 crystal_1
0.3622231918839315 -0.866025403784 0.353553390593 -0.353553390593 crystal_1
0.3569742609868495 -0.866025403784 0.353553390593 0.353553390593 crystal_1
0.3541748886508429 -0.866025403784 0.433012701892 -0.25 crystal_2
0.3548590058914375 -0.866025403784 0.433012701892 0.25 crystal_2
0.35595048830342946 -0.866025403784 0.482962913145 -0.129409522551 crystal_2
0.3581582375261936 -0.866025403784 0.482962913145 0.129409522551 crystal_2
0.3611204481792716 -0.866025403784 0.5 0.0 crystal_2
0.3570093457943926 -0.766044443119 -0.642787609687 0.0 crystal_2
0.3563765704778843 -0.766044443119 -0.620885153015 -0.166365675343 crystal_2
0.35395642201834865 -0.766044443119 -0.620885153015 0.166365675343 crystal_2
0.35397975615366917 -0.766044443119 -0.556670399226 -0.321393804843 crystal_2
0.3547786632540283 -0.766044443119 -0.556670399226 0.321393804843 crystal_2
0.3612914546411651 -0.766044443119 -0.454519477672 -0.454519477672 crystal_1
0.35670384702936486 -0.766044443119 -0.454519477672 0.454519477672 crystal_1
0.353457415478855 -0.766044443119 -0.321393804843 -0.556670399226 crystal_1
0.3503834842281298 -0.766044443119 -0.321393804843 0.556670399226 crystal_1
0.35421049468053134 -0.766044443119 -0.166365675343 -0.620885153015 crystal_1
0.34836547507055504 -0.766044443119 -0.166365675343 0.620885153015 crystal_1
0.3573300716407479 -0.766044443119 0.0 -0.642787609687 crystal_1
0.35068059141046704 -0.766044443119 0.0 0.642787609687 crystal_1
0.3529411764705882 -0.766044443119 0.166365675343 -0.620885153015 crystal_1
0.349084917318896 -0.766044443119 0.166365675343 0.620885153015 crystal_1
0.354616253492658 -0.766044443119 0.321393804843 -0.556670399226 crystal_1
0.3533597291559074 -0.766044443119 0.321393804843 0.556670399226 crystal_1
0.3580997344349366 -0.766044443119 0.454519477672 -0.454519477672 crystal_1
0.3523229770860852 -0.766044443119 0.454519477672 0.454519477672 crystal_1
0.35206441665238997 -0.766044443119 0.556670399226 -0.321393804843 crystal_2
0.35799481417458945 -0.766044443119 0.556670399226 0.321393804843 crystal_2
0.35475417307582746 -0.766044443119 0.620885153015 -0.166365675343 crystal_2
0.35024401316536147 -0.766044443119 0.620885153015 0.166365675343 crystal_2
0.3571910871033085 -0.766044443119 0.642787609687 0.0 crystal_2
0.35513911900816997 -0.642787609687 -0.766044443119 0.0 crystal_2
0.3538219529247262 -0.642787609687 -0.739942111694 -0.198266891274 crystal_2
0.35470895822559323 -0.642787609687 -0.739942111694 0.198266891274 crystal_2
0.3516395322173813 -0.642787609687 -0.663413948169 -0.383022221559 crystal_2
0.3529239936904832 -0.642787609687 -0.663413948169 0.383022221559 crystal_2
0.35596560372626307 -0.642787609687 -0.54167522042 -0.54167522042 crystal_1
0.3542150487691592 -0.642787609687 -0.54167522042 0.54167522042 crystal_1
0.3524064171122995 -0.642787609687 -0.383022221559 -0.663413948169 crystal_1
0.35063940126112314 -0.642787609687 -0.383022221559 0.663413948169 crystal_1
0.3518887919212068 -0.642787609687 -0.198266891274 -0.739942111694 crystal_1
0.3479420500697096 -0.642787609687 -0.198266891274 0.739942111694 crystal_1
0.3542335536669814 -0.642787609687 -0.0 -0.766044443119 crystal_1
0.34938524590163944 -0.642787609687 9.578e-09 0.766044443119 crystal_1
0.3533312081606631 -0.642787609687 0.198266891274 -0.739942111694 crystal_1
0.348547215496368 -0.642787609687 0.198266891274 0.739942111694 crystal_1
0.35712985988961 -0.642787609687 0.383022221559 -0.663413948169 crystal_1
0.3497142183725179 -0.642787609687 0.383022221559 0.663413948169 crystal_1
0.35767430697227887 -0.642787609687 0.54167522042 -0.54167522042 crystal_1
0.3521415597351615 -0.642787609687 0.54167522042 0.54167522042 crystal_1
0.3500751358224482 -0.642787609687 0.663413948169 -0.383022221559 crystal_2
0.3521028037383178 -0.642787609687 0.663413948169 0.383022221559 crystal_2
0.354250657318142 -0.642787609687 0.739942111694 -0.198266891274 crystal_2
0.3508942346151649 -0.642787609687 0.739942111694 0.198266891274 crystal_2
0.35942292400318077 -0.642787609687 0.766044443119 0.0 crystal_2
0.3561413673232908 -0.5 -0.866025403784 0.0 crystal_2
0.353387884853123 -0.5 -0.836516303738 -0.224143868042 crystal_2
0.3513246572158959 -0.5 -0.836516303738 0.224143868042 crystal_2
0.34982332155477025 -0.5 -0.75 -0.433012701892 crystal_2
0.3504983388704319 -0.5 -0.75 0.433012701892 crystal_2
0.35626686288937937 -0.5 -0.612372435696 -0.612372435696 crystal_1
0.3536971725745711 -0.5 -0.612372435696 0.612372435696 crystal_1
0.3524580189827208 -0.5 -0.433012701892 -0.75 crystal_1
0.34639696586599233 -0.5 -0.433012701892 0.75 crystal_1
0.35346697338153144 -0.5 -0.224143868042 -0.836516303738 crystal_1
0.34541900498139855 -0.5 -0.224143868042 0.836516303738 crystal_1
0.3539794190438974 -0.5 -0.0 -0.866025403784 crystal_1
0.35132932029094555 -0.5 0.0 0.866025403784 crystal_1
0.35438253502769634 -0.5 0.224143868042 -0.836516303738 crystal_1
0.34816308526057094 -0.5 0.224143868042 0.836516303738 crystal_1
0.34980680543437626 -0.5 0.433012701892 -0.75 crystal_1
0.34670210195699447 -0.5 0.433012701892 0.75 crystal_1
0.3562039312039311 -0.5 0.612372435696 -0.612372435696 crystal_1
0.350315410033043 -0.5 0.612372435696 0.612372435696 crystal_1
0.3475007307804735 -0.5 0.75 -0.433012701892 crystal_2
0.35116469624253766 -0.5 0.75 0.433012701892 crystal_2
0.3514929282346778 -0.5 0.836516303738 -0.224143868042 crystal_2
0.35219653179190746 -0.5 0.836516303738 0.224143868042 crystal_2
0.3561581664491972 -0.5 0.866025403784 0.0 crystal_2
0.3544973544973544 -0.342020143326 -0.939692620786 0.0 crystal_2
0.35241670577193807 -0.342020143326 -0.90767337119 -0.243210346802 crystal_2
0.3492998833138856 -0.342020143326 -0.90767337119 0.243210346802 crystal_2
0.35025741168116453 -0.342020143326 -0.813797681349 -0.469846310393 crystal_2
0.34935227747597153 -0.342020143326 -0.813797681349 0.469846310393 crystal_2
0.35286458333333326 -0.342020143326 -0.664463024389 -0.664463024389 crystal_1
0.3542546032911237 -0.342020143326 -0.664463024389 0.664463024389 crystal_1
0.35208913649025064 -0.342020143326 -0.469846310393 -0.813797681349 crystal_1
0.3495336278841433 -0.342020143326 -0.469846310393 0.813797681349 crystal_1
0.3521107914631698 -0.342020143326 -0.243210346802 -0.90767337119 crystal_1
0.35095054550205784 -0.342020143326 -0.243210346802 0.90767337119 crystal_1
0.35636314326395013 -0.342020143326 -5.096e-09 -0.939692620786 crystal_1
0.353781512605042 -0.342020143326 5.096e-09 0.939692620786 crystal_1
0.35312269403635865 -0.342020143326 0.243210346802 -0.90767337119 crystal_1
0.35022210777055296 -0.342020143326 0.243210346802 0.90767337119 crystal_1
0.35384517685908423 -0.342020143326 0.469846310393 -0.813797681349 crystal_1
0.3490336696244075 -0.342020143326 0.469846310393 0.813797681349 crystal_1
0.3548486529807041 -0.342020143326 0.664463024389 -0.664463024389 crystal_1
0.3523118544023611 -0.342020143326 0.664463024389 0.664463024389 crystal_1
0.3474045169681921 -0.342020143326 0.813797681349 -0.469846310393 crystal_2
0.349727756835996 -0.342020143326 0.813797681349 0.469846310393 crystal_2
0.3501632462686567 -0.342020143326 0.90767337119 -0.243210346802 crystal_2
0.34904614666588885 -0.342020143326 0.90767337119 0.243210346802 crystal_2
0.3532735886751527 -0.342020143326 0.939692620786 0.0 crystal_2
0.351503006012024 -0.173648177667 -0.984807753012 0.0 crystal_2
0.3502731919393689 -0.173648177667 -0.951251242564 -0.254887002244 crystal_2
0.3490659372635744 -0.173648177667 -0.951251242564 0.254887002244 crystal_2
0.3479138227787999 -0.173648177667 -0.852868531952 -0.492403876506 crystal_2
0.34777671527611764 -0.173648177667 -0.852868531952 0.492403876506 crystal_2
0.3557299642674834 -0.173648177667 -0.69636424032 -0.69636424032 crystal_1
0.35354466150632746 -0.173648177667 -0.69636424032 0.69636424032 crystal_1
0.34993040617487026 -0.173648177667 -0.492403876506 -0.852868531952 crystal_1
0.3512017113376117 -0.173648177667 -0.492403876506 0.852868531952 crystal_1
0.3536909549451298 -0.173648177667 -0.254887002244 -0.951251242564 crystal_1
0.351373128315316 -0.173648177667 -0.254887002244 0.951251242564 crystal_1
0.3582869320134736 -0.173648177667 -0.0 -0.984807753012 crystal_1
0.3556939144406507 -0.173648177667 0.0 0.984807753012 crystal_1
0.3530691319420842 -0.173648177667 0.254887002244 -0.951251242564 crystal_1
0.35125735687533444 -0.173648177667 0.254887002244 0.951251242564 crystal_1
0.3535830514963947 -0.173648177667 0.492403876506 -0.852868531952 crystal_1
0.3476319265362603 -0.173648177667 0.492403876506 0.852868531952 crystal_1
0.35505069470521977 -0.173648177667 0.69636424032 -0.69636424032 crystal_1
0.3560966449674512 -0.173648177667 0.69636424032 0.69636424032 crystal_1
0.34766833214370685 -0.173648177667 0.852868531952 -0.492403876506 crystal_2
0.3468369468369469 -0.173648177667 0.852868531952 0.492403876506 crystal_2
0.34990641085634067 -0.173648177667 0.951251242564 -0.254887002244 crystal_2
0.3519930171661333 -0.173648177667 0.951251242564 0.254887002244 crystal_2
0.3504004576659039 -0.173648177667 0.984807753012 0.0 crystal_2
0.3591952042995934 -1.1546e-08 9.42e-09 1.0 crystal_1
0.35229569737222066 0.0 -1.0 0.0 crystal_2
0.34966474532407954 0.0 -0.965925826289 -0.258819045103 crystal_2
0.349102677258017 0.0 -0.965925826289 0.258819045103 crystal_2
0.34683318465655666 0.0 -0.866025403784 -0.5 crystal_2
0.34596986366897864 0.0 -0.866025403784 0.5 crystal_2
0.3554496425435846 0.0 -0.707106781187 -0.707106781187 crystal_1
0.3526871105078053 0.0 -0.707106781187 0.707106781187 crystal_1
0.35038057495124864 0.0 -0.5 -0.866025403784 crystal_1
0.3508660213958227 0.0 -0.5 0.866025403784 crystal_1
0.35447608666030794 0.0 -0.258819045103 -0.965925826289 crystal_1
0.35369532428355954 0.0 -0.258819045103 0.965925826289 crystal_1
0.35369532428355954 0.0 0.258819045103 -0.965925826289 crystal_1
0.35447608666030794 0.0 0.258819045103 0.965925826289 crystal_1
0.3508660213958227 0.0 0.5 -0.866025403784 crystal_1
0.35038057495124864 0.0 0.5 0.866025403784 crystal_1
0.3526871105078053 0.0 0.707106781187 -0.707106781187 crystal_1
0.3554496425435846 0.0 0.707106781187 0.707106781187 crystal_1
0.34596986366897864 0.0 0.866025403784 -0.5 crystal_2
0.34683318465655666 0.0 0.866025403784 0.5 crystal_2
0.349102677258017 0.0 0.965925826289 -0.258819045103 crystal_2
0.34966474532407954 0.0 0.965925826289 0.258819045103 crystal_2
0.35229569737222066 0.0 1.0 0.0 crystal_2
0.3591952042995934 1.1546e-08 -9.42e-09 -1.0 crystal_1
0.3504004576659039 0.173648177667 -0.984807753012 0.0 crystal_2
0.3519930171661333 0.173648177667 -0.951251242564 -0.254887002244 crystal_2
0.34990641085634067 0.173648177667 -0.951251242564 0.254887002244 crystal_2
0.3468369468369469 0.173648177667 -0.852868531952 -0.492403876506 crystal_2
0.34766833214370685 0.173648177667 -0.852868531952 0.492403876506 crystal_2
0.3560966449674512 0.173648177667 -0.69636424032 -0.69636424032 crystal_1
0.35505069470521977 0.173648177667 -0.69636424032 0.69636424032 crystal_1
0.3476319265362603 0.173648177667 -0.492403876506 -0.852868531952 crystal_1
0.3535830514963947 0.173648177667 -0.492403876506 0.852868531952 crystal_1
0.35125735687533444 0.173648177667 -0.254887002244 -0.951251242564 crystal_1
0.3530691319420842 0.173648177667 -0.254887002244 0.951251242564 crystal_1
0.3556939144406507 0.173648177667 0.0 -0.984807753012 crystal_1
0.3582869320134736 0.173648177667 0.0 0.984807753012 crystal_1
0.351373128315316 0.173648177667 0.254887002244 -0.951251242564 crystal_1
0.3536909549451298 0.173648177667 0.254887002244 0.951251242564 crystal_1
0.3512017113376117 0.173648177667 0.492403876506 -0.852868531952 crystal_1
0.34993040617487026 0.173648177667 0.492403876506 0.852868531952 crystal_1
0.35354466150632746 0.173648177667 0.69636424032 -0.69636424032 crystal_1
0.3557299642674834 0.173648177667 0.69636424032 0.69636424032 crystal_1
0.34777671527611764 0.173648177667 0.852868531952 -0.492403876506 crystal_2
0.3479138227787999 0.173648177667 0.852868531952 0.492403876506 crystal_2
0.3490659372635744 0.173648177667 0.951251242564 -0.254887002244 crystal_2
0.3502731919393689 0.173648177667 0.951251242564 0.254887002244 crystal_2
0.351503006012024 0.173648177667 0.984807753012 0.0 crystal_2
0.3532735886751527 0.342020143326 -0.939692620786 0.0 crystal_2
0.34904614666588885 0.342020143326 -0.90767337119 -0.243210346802 crystal_2
0.3501632462686567 0.342020143326 -0.90767337119 0.243210346802 crystal_2
0.349727756835996 0.342020143326 -0.813797681349 -0.469846310393 crystal_2
0.3474045169681921 0.342020143326 -0.813797681349 0.469846310393 crystal_2
0.3523118544023611 0.342020143326 -0.664463024389 -0.664463024389 crystal_1
0.3548486529807041 0.342020143326 -0.664463024389 0.664463024389 crystal_1
0.3490336696244075 0.342020143326 -0.469846310393 -0.813797681349 crystal_1
0.35384517685908423 0.342020143326 -0.469846310393 0.813797681349 crystal_1
0.35022210777055296 0.342020143326 -0.243210346802 -0.90767337119 crystal_1
0.35312269403635865 0.342020143326 -0.243210346802 0.90767337119 crystal_1
0.353781512605042 0.342020143326 -5.096e-09 -0.939692620786 crystal_1
0.35636314326395013 0.342020143326 5.096e-09 0.939692620786 crystal_1
0.35095054550205784 0.342020143326 0.243210346802 -0.90767337119 crystal_1
0.3521107914631698 0.342020143326 0.243210346802 0.90767337119 crystal_1
0.3495336278841433 0.342020143326 0.469846310393 -0.813797681349 crystal_1
0.35208913649025064 0.342020143326 0.469846310393 0.813797681349 crystal_1
0.3542546032911237 0.342020143326 0.664463024389 -0.664463024389 crystal_1
0.35286458333333326 0.342020143326 0.664463024389 0.664463024389 crystal_1
0.34935227747597153 0.342020143326 0.813797681349 -0.469846310393 crystal_2
0.35025741168116453 0.342020143326 0.813797681349 0.469846310393 crystal_2
0.3492998833138856 0.342020143326 0.90767337119 -0.243210346802 crystal_2
0.35241670577193807 0.342020143326 0.90767337119 0.243210346802 crystal_2
0.3544973544973544 0.342020143326 0.939692620786 0.0 crystal_2
0.3561581664491972 0.5 -0.866025403784 0.0 crystal_2
0.35219653179190746 0.5 -0.836516303738 -0.224143868042 crystal_2
0.3514929282346778 0.5 -0.836516303738 0.224143868042 crystal_2
0.35116469624253766 0.5 -0.75 -0.433012701892 crystal_2
0.3475007307804735 0.5 -0.75 0.433012701892 crystal_2
0.350315410033043 0.5 -0.612372435696 -0.612372435696 crystal_1
0.3562039312039311 0.5 -0.612372435696 0.612372435696 crystal_1
0.34670210195699447 0.5 -0.433012701892 -0.75 crystal_1
0.34980680543437626 0.5 -0.433012701892 0.75 crystal_1
0.34816308526057094 0.5 -0.224143868042 -0.836516303738 crystal_1
0.35438253502769634 0.5 -0.224143868042 0.836516303738 crystal_1
0.35132932029094555 0.5 0.0 -0.866025403784 crystal_1
0.3539794190438974 0.5 0.0 0.866025403784 crystal_1
0.34541900498139855 0.5 0.224143868042 -0.836516303738 crystal_1
0.35346697338153144 0.5 0.224143868042 0.836516303738 crystal_1
0.34639696586599233 0.5 0.433012701892 -0.75 crystal_1
0.3524580189827208 0.5 0.433012701892 0.75 crystal_1
0.3536971725745711 0.5 0.612372435696 -0.612372435696 crystal_1
0.35626686288937937 0.5 0.612372435696 0.612372435696 crystal_1
0.3504983388704319 0.5 0.75 -0.433012701892 crystal_2
0.34982332155477025 0.5 0.75 0.433012701892 crystal_2
0.3513246572158959 0.5 0.836516303738 -0.224143868042 crystal_2
0.353387884853123 0.5 0.836516303738 0.224143868042 crystal_2
0.3561413673232908 0.5 0.866025403784 0.0 crystal_2
0.35942292400318077 0.642787609687 -0.766044443119 0.0 crystal_2
0.3508942346151649 0.642787609687 -0.739942111694 -0.198266891274 crystal_2
0.354250657318142 0.642787609687 -0.739942111694 0.198266891274 crystal_2
0.3521028037383178 0.642787609687 -0.663413948169 -0.383022221559 crystal_2
0.3500751358224482 0.642787609687 -0.663413948169 0.383022221559 crystal_2
0.3521415597351615 0.642787609687 -0.54167522042 -0.54167522042 crystal_1
0.3535461994913818 0.642787609687 -0.54167522042 0.54167522042 crystal_1
0.3497142183725179 0.642787609687 -0.383022221559 -0.663413948169 crystal_1
0.3545310981535472 0.642787609687 -0.383022221559 0.663413948169 crystal_1
0.348547215496368 0.642787609687 -0.198266891274 -0.739942111694 crystal_1
0.35264850433832895 0.642787609687 -0.198266891274 0.739942111694 crystal_1
0.34938524590163944 0.642787609687 -9.578e-09 -0.766044443119 crystal_1
0.35480157528021816 0.642787609687 0.0 0.766044443119 crystal_1
0.3479420500697096 0.642787609687 0.198266891274 -0.739942111694 crystal_1
0.3517070142768467 0.642787609687 0.198266891274 0.739942111694 crystal_1
0.35063940126112314 0.642787609687 0.383022221559 -0.663413948169 crystal_1
0.352280318212182 0.642787609687 0.383022221559 0.663413948169 crystal_1
0.3542150487691592 0.642787609687 0.54167522042 -0.54167522042 crystal_1
0.3587773026695944 0.642787609687 0.54167522042 0.54167522042 crystal_1
0.3521828303545268 0.642787609687 0.663413948169 -0.383022221559 crystal_2
0.3549602590521048 0.642787609687 0.663413948169 0.383022221559 crystal_2
0.3512949274953451 0.642787609687 0.739942111694 -0.198266891274 crystal_2
0.35561893896177976 0.642787609687 0.739942111694 0.198266891274 crystal_2
0.35880006741194315 0.642787609687 0.766044443119 0.0 crystal_2
0.3571910871033085 0.766044443119 -0.642787609687 0.0 crystal_2
0.35024401316536147 0.766044443119 -0.620885153015 -0.166365675343 crystal_2
0.35475417307582746 0.766044443119 -0.620885153015 0.166365675343 crystal_2
0.35799481417458945 0.766044443119 -0.556670399226 -0.321393804843 crystal_2
0.35206441665238997 0.766044443119 -0.556670399226 0.321393804843 crystal_2
0.3523229770860852 0.766044443119 -0.454519477672 -0.454519477672 crystal_1
0.3591781895538263 0.766044443119 -0.454519477672 0.454519477672 crystal_1
0.3533597291559074 0.766044443119 -0.321393804843 -0.556670399226 crystal_1
0.3559099325091082 0.766044443119 -0.321393804843 0.556670399226 crystal_1
0.349084917318896 0.766044443119 -0.166365675343 -0.620885153015 crystal_1
0.35330288123682363 0.766044443119 -0.166365675343 0.620885153015 crystal_1
0.35068059141046704 0.766044443119 0.0 -0.642787609687 crystal_1
0.3573300716407479 0.766044443119 0.0 0.642787609687 crystal_1
0.34836547507055504 0.766044443119 0.166365675343 -0.620885153015 crystal_1
0.35084897229669354 0.766044443119 0.166365675343 0.620885153015 crystal_1
0.3503834842281298 0.766044443119 0.321393804843 -0.556670399226 crystal_1
0.3541306292872055 0.766044443119 0.321393804843 0.556670399226 crystal_1
0.35670384702936486 0.766044443119 0.454519477672 -0.454519477672 crystal_1
0.35795169297707363 0.766044443119 0.454519477672 0.454519477672 crystal_1
0.35530706633101106 0.766044443119 0.556670399226 -0.321393804843 crystal_2
0.3549905297595133 0.766044443119 0.556670399226 0.321393804843 crystal_2
0.35433293711439406 0.766044443119 0.620885153015 -0.166365675343 crystal_2
0.3559620519229677 0.766044443119 0.620885153015 0.166365675343 crystal_2
0.36016713091922004 0.766044443119 0.642787609687 0.0 crystal_2
0.3611204481792716 0.866025403784 -0.5 0.0 crystal_2
0.3581582375261936 0.866025403784 -0.482962913145 -0.129409522551 crystal_2
0.35595048830342946 0.866025403784 -0.482962913145 0.129409522551 crystal_2
0.3548590058914375 0.866025403784 -0.433012701892 -0.25 crystal_2
0.3541748886508429 0.866025403784 -0.433012701892 0.25 crystal_2
0.3569742609868495 0.866025403784 -0.353553390593 -0.353553390593 crystal_1
0.3622231918839315 0.866025403784 -0.353553390593 0.353553390593 crystal_1
0.35391174353579535 0.866025403784 -0.25 -0.433012701892 crystal_1
0.3584454068839754 0.866025403784 -0.25 0.433012701892 crystal_1
0.35278574239613203 0.866025403784 -0.129409522551 -0.482962913145 crystal_1
0.3534072900158478 0.866025403784 -0.129409522551 0.482962913145 crystal_1
0.35613353600180153 0.866025403784 0.0 -0.5 crystal_1
0.35766794842795757 0.866025403784 0.0 0.5 crystal_1
0.35035389282103135 0.866025403784 0.129409522551 -0.482962913145 crystal_1
0.35632907768935695 0.866025403784 0.129409522551 0.482962913145 crystal_1
0.3536755280610824 0.866025403784 0.25 -0.433012701892 crystal_1
0.3581464701496817 0.866025403784 0.25 0.433012701892 crystal_1
0.3568379621930263 0.866025403784 0.353553390593 -0.353553390593 crystal_1
0.3600422011216613 0.866025403784 0.353553390593 0.353553390593 crystal_1
0.357053398610953 0.866025403784 0.433012701892 -0.25 crystal_2
0.3609333408846349 0.866025403784 0.433012701892 0.25 crystal_2
0.35609756097560974 0.866025403784 0.482962913145 -0.129409522551 crystal_2
0.35767644107481333 0.866025403784 0.482962913145 0.129409522551 crystal_2
0.36081903707802987 0.866025403784 0.5 0.0 crystal_2
0.3652188328912467 0.939692620786 -0.342020143326 0.0 crystal_2
0.36078409282938095 0.939692620786 -0.330366089549 -0.088521326901 crystal_2
0.3607013637628722 0.939692620786 -0.330366089549 0.088521326901 crystal_2
0.3599392507593656 0.939692620786 -0.296198132726 -0.171010071663 crystal_2
0.3576707726763718 0.939692620786 -0.296198132726 0.171010071663 crystal_2
0.3594510845506861 0.939692620786 -0.241844762648 -0.241844762648 crystal_1
0.3628313863551502 0.939692620786 -0.241844762648 0.241844762648 crystal_1
0.35582160383972394 0.939692620786 -0.171010071663 -0.296198132726 crystal_1
0.3635610994591014 0.939692620786 -0.171010071663 0.296198132726 crystal_1
0.3570529311949203 0.939692620786 -0.088521326901 -0.330366089549 crystal_1
0.36275907445991895 0.939692620786 -0.088521326901 0.330366089549 crystal_1
0.35998484274346343 0.939692620786 0.0 -0.342020143326 crystal_1
0.3633248109666539 0.939692620786 0.0 0.342020143326 crystal_1
0.356 0.939692620786 0.088521326901 -0.330366089549 crystal_1
0.36014005446562547 0.939692620786 0.088521326901 0.330366089549 crystal_1
0.3574826398381541 0.939692620786 0.171010071663 -0.296198132726 crystal_1
0.3618059792556436 0.939692620786 0.171010071663 0.296198132726 crystal_1
0.36010030946537186 0.939692620786 0.241844762648 -0.241844762648 crystal_1
0.3656099800183614 0.939692620786 0.241844762648 0.241844762648 crystal_1
0.35885493581733496 0.939692620786 0.296198132726 -0.171010071663 crystal_2
0.3607186561352764 0.939692620786 0.296198132726 0.171010071663 crystal_2
0.360789766407119 0.939692620786 0.330366089549 -0.088521326901 crystal_2
0.36214318078840046 0.939692620786 0.330366089549 0.088521326901 crystal_2
0.3643583051035708 0.939692620786 0.342020143326 0.0 crystal_2
0.3610928602715725 0.984807753012 -0.173648177667 0.0 crystal_2
0.3637674728200576 0.984807753012 -0.167731259497 -0.044943455528 crystal_2
0.3597031335898845 0.984807753012 -0.167731259497 0.044943455528 crystal_2
0.3637894264227186 0.984807753012 -0.15038373318 -0.086824088833 crystal_2
0.3617565314063368 0.984807753012 -0.15038373318 0.086824088833 crystal_2
0.36395683063072837 0.984807753012 -0.122787803969 -0.122787803969 crystal_1
0.36787592008412195 0.984807753012 -0.122787803969 0.122787803969 crystal_1
0.3637966971300305 0.984807753012 -0.086824088833 -0.15038373318 crystal_1
0.3668195306177502 0.984807753012 -0.086824088833 0.15038373318 crystal_1
0.36293373689330877 0.984807753012 -0.044943455528 -0.167731259497 crystal_1
0.36511276572785145 0.984807753012 -0.044943455528 0.167731259497 crystal_1
0.36475388120595553 0.984807753012 0.0 -0.173648177667 crystal_1
0.3716837970187806 0.984807753012 0.0 0.173648177667 crystal_1
0.36296970345787394 0.984807753012 0.044943455528 -0.167731259497 crystal_1
0.36323354587701295 0.984807753012 0.044943455528 0.167731259497 crystal_1
0.361837110942414 0.984807753012 0.086824088833 -0.15038373318 crystal_1
0.36793800835348434 0.984807753012 0.086824088833 0.15038373318 crystal_1
0.3643982390070546 0.984807753012 0.122787803969 -0.122787803969 crystal_1
0.3678038379530917 0.984807753012 0.122787803969 0.122787803969 crystal_1
0.36514891021019347 0.984807753012 0.15038373318 -0.086824088833 crystal_2
0.36452490698061857 0.984807753012 0.15038373318 0.086824088833 crystal_2
0.35965439930004917 0.984807753012 0.167731259497 -0.044943455528 crystal_2
0.36398146597443193 0.984807753012 0.167731259497 0.044943455528 crystal_2
0.3656066216510564 0.984807753012 0.173648177667 0.0 crystal_2
0.3693292075313369 1.0 0.0 0.0 crystal_1
