0.37549019607843126 0.0275 -1.0 0.0 0.0 0.57 0.0067 crystal_1
0.3743743743743744 0.0275 -0.984807753012 -0.173648177667 0.0 0.57 0.0077 crystal_2
0.3727272727272727 0.0275 -0.984807753012 -0.167731259497 -0.044943455528 0.57 0.0078 crystal_2
0.3683673469387756 0.0275 -0.984807753012 -0.167731259497 0.044943455528 0.57 0.0079 crystal_2
0.37093495934959353 0.0275 -0.984807753012 -0.15038373318 -0.086824088833 0.57 0.0078 crystal_2
0.37403846153846143 0.0275 -0.984807753012 -0.15038373318 0.086824088833 0.57 0.0075 crystal_2
0.3753723932472691 0.0275 -0.984807753012 -0.122787803969 -0.122787803969 0.57 0.0068 crystal_1
0.37066402378592667 0.0275 -0.984807753012 -0.122787803969 0.122787803969 0.57 0.0068 crystal_1
0.37364798426745327 0.0275 -0.984807753012 -0.086824088833 -0.15038373318 0.57 0.0067 crystal_1
0.3769841269841271 0.0275 -0.984807753012 -0.086824088833 0.15038373318 0.57 0.0067 crystal_1
0.367305751765893 0.0275 -0.984807753012 -0.044943455528 -0.167731259497 0.57 0.007 crystal_1
0.37239324726911616 0.0275 -0.984807753012 -0.044943455528 0.167731259497 0.57 0.0068 crystal_1
0.37944664031620556 0.0275 -0.984807753012 0.0 0.173648177667 0.57 0.0067 crystal_1
0.368474923234391 0.0275 -0.984807753012 1.4675e-08 -0.173648177667 0.57 0.007 crystal_1
0.373904576436222 0.0275 -0.984807753012 0.044943455528 -0.167731259497 0.57 0.0066 crystal_1
0.36978131212723653 0.0275 -0.984807753012 0.044943455528 0.167731259497 0.57 0.0068 crystal_1
0.36964980544747084 0.0275 -0.984807753012 0.086824088833 -0.15038373318 0.57 0.0067 crystal_1
0.369 0.0275 -0.984807753012 0.086824088833 0.15038373318 0.57 0.0069 crystal_1
0.3741429970617042 0.0275 -0.984807753012 0.122787803969 -0.122787803969 0.57 0.0067 crystal_1
0.3717434869739479 0.0275 -0.984807753012 0.122787803969 0.122787803969 0.57 0.0069 crystal_1
0.36936936936936937 0.0275 -0.984807753012 0.15038373318 -0.086824088833 0.57 0.0078 crystal_2
0.37243401759530803 0.0275 -0.984807753012 0.15038373318 0.086824088833 0.57 0.0076 crystal_2
0.3715139442231076 0.0275 -0.984807753012 0.167731259497 -0.044943455528 0.57 0.0077 crystal_2
0.3652085452695829 0.0275 -0.984807753012 0.167731259497 0.044943455528 0.57 0.0079 crystal_2
0.3716012084592145 0.0275 -0.984807753012 0.173648177667 0.0 0.57 0.0078 crystal_2
0.36924686192468625 0.0275 -0.939692620786 -0.342020143326 0.0 0.57 0.008 crystal_2
0.36632653061224485 0.0275 -0.939692620786 -0.330366089549 -0.088521326901 0.57 0.0079 crystal_2
0.37095191364082436 0.0275 -0.939692620786 -0.330366089549 0.088521326901 0.57 0.0076 crystal_2
0.3688524590163934 0.0275 -0.939692620786 -0.296198132726 -0.171010071663 0.57 0.0079 crystal_2
0.3753723932472691 0.0275 -0.939692620786 -0.296198132726 0.171010071663 0.57 0.0077 crystal_2
0.3694779116465864 0.0275 -0.939692620786 -0.241844762648 -0.241844762648 0.57 0.0069 crystal_1
0.3771313941825476 0.0275 -0.939692620786 -0.241844762648 0.241844762648 0.57 0.0068 crystal_1
0.3648648648648648 0.0275 -0.939692620786 -0.171010071663 -0.296198132726 0.57 0.0072 crystal_1
0.36670071501532175 0.0275 -0.939692620786 -0.171010071663 0.296198132726 0.57 0.007 crystal_1
0.3686354378818737 0.0275 -0.939692620786 -0.088521326901 -0.330366089549 0.57 0.007 crystal_1
0.37165510406342916 0.0275 -0.939692620786 -0.088521326901 0.330366089549 0.57 0.0068 crystal_1
0.3623336745138178 0.0275 -0.939692620786 0.0 -0.342020143326 0.57 0.0071 crystal_1
0.3768545994065282 0.0275 -0.939692620786 0.0 0.342020143326 0.57 0.0067 crystal_1
0.371769383697813 0.0275 -0.939692620786 0.088521326901 -0.330366089549 0.57 0.0068 crystal_1
0.36226034308779 0.0275 -0.939692620786 0.088521326901 0.330366089549 0.57 0.007 crystal_1
0.36991869918699183 0.0275 -0.939692620786 0.171010071663 -0.296198132726 0.57 0.007 crystal_1
0.3649337410805301 0.0275 -0.939692620786 0.171010071663 0.296198132726 0.57 0.0071 crystal_1
0.373767258382643 0.0275 -0.939692620786 0.241844762648 -0.241844762648 0.57 0.0067 crystal_1
0.3719512195121951 0.0275 -0.939692620786 0.241844762648 0.241844762648 0.57 0.007 crystal_1
0.37760158572844404 0.0275 -0.939692620786 0.296198132726 -0.171010071663 0.57 0.0076 crystal_2
0.37474747474747483 0.0275 -0.939692620786 0.296198132726 0.171010071663 0.57 0.0078 crystal_2
0.37085427135678395 0.0275 -0.939692620786 0.330366089549 -0.088521326901 0.57 0.0078 crystal_2
0.37735849056603765 0.0275 -0.939692620786 0.330366089549 0.088521326901 0.57 0.0076 crystal_2
0.3719758064516129 0.0275 -0.939692620786 0.342020143326 0.0 0.57 0.0078 crystal_2
0.3742514970059879 0.0275 -0.866025403784 -0.5 0.0 0.57 0.0077 crystal_2
0.3702213279678068 0.0275 -0.866025403784 -0.482962913145 -0.129409522551 0.57 0.0078 crystal_2
0.3752495009980039 0.0275 -0.866025403784 -0.482962913145 0.129409522551 0.57 0.0077 crystal_2
0.3762677484787018 0.0275 -0.866025403784 -0.433012701892 -0.25 0.57 0.0078 crystal_2
0.3770334928229664 0.0275 -0.866025403784 -0.433012701892 0.25 0.57 0.0075 crystal_2
0.36438923395445133 0.0275 -0.866025403784 -0.353553390593 -0.353553390593 0.57 0.0072 crystal_1
0.36516264428121725 0.0275 -0.866025403784 -0.353553390593 0.353553390593 0.57 0.0073 crystal_1
0.3677685950413223 0.0275 -0.866025403784 -0.25 -0.433012701892 0.57 0.0071 crystal_1
0.36344537815126055 0.0275 -0.866025403784 -0.25 0.433012701892 0.57 0.0073 crystal_1
0.3595263724434876 0.0275 -0.866025403784 -0.129409522551 -0.482962913145 0.57 0.0075 crystal_1
0.3651282051282052 0.0275 -0.866025403784 -0.129409522551 0.482962913145 0.57 0.0071 crystal_1
0.3637327677624602 0.0275 -0.866025403784 0.0 0.5 0.57 0.0073 crystal_1
0.36875 0.0275 -0.866025403784 1.2905e-08 -0.5 0.57 0.0072 crystal_1
0.37131230925737535 0.0275 -0.866025403784 0.129409522551 -0.482962913145 0.57 0.007 crystal_1
0.36305732484076436 0.0275 -0.866025403784 0.129409522551 0.482962913145 0.57 0.0074 crystal_1
0.3732106339468303 0.0275 -0.866025403784 0.25 -0.433012701892 0.57 0.007 crystal_1
0.37387836490528426 0.0275 -0.866025403784 0.25 0.433012701892 0.57 0.0068 crystal_1
0.3795121951219511 0.0275 -0.866025403784 0.353553390593 -0.353553390593 0.57 0.0066 crystal_1
0.3707414829659319 0.0275 -0.866025403784 0.353553390593 0.353553390593 0.57 0.0069 crystal_1
0.3674948240165632 0.0275 -0.866025403784 0.433012701892 -0.25 0.57 0.008 crystal_2
0.3696098562628336 0.0275 -0.866025403784 0.433012701892 0.25 0.57 0.0079 crystal_2
0.37018255578093295 0.0275 -0.866025403784 0.482962913145 -0.129409522551 0.57 0.0078 crystal_2
0.37462235649546827 0.0275 -0.866025403784 0.482962913145 0.129409522551 0.57 0.0078 crystal_2
0.37029501525941 0.0275 -0.866025403784 0.5 0.0 0.57 0.0078 crystal_2
0.3767967145790555 0.0275 -0.766044443119 -0.642787609687 0.0 0.57 0.0078 crystal_2
0.37859266600594643 0.0275 -0.766044443119 -0.620885153015 -0.166365675343 0.57 0.0076 crystal_2
0.3732673267326734 0.0275 -0.766044443119 -0.620885153015 0.166365675343 0.57 0.0077 crystal_2
0.3721413721413721 0.0275 -0.766044443119 -0.556670399226 -0.321393804843 0.57 0.008 crystal_2
0.3728813559322034 0.0275 -0.766044443119 -0.556670399226 0.321393804843 0.57 0.0077 crystal_2
0.3742331288343559 0.0275 -0.766044443119 -0.454519477672 -0.454519477672 0.57 0.007 crystal_1
0.3739754098360656 0.0275 -0.766044443119 -0.321393804843 -0.556670399226 0.57 0.007 crystal_1
0.3618201997780244 0.0275 -0.766044443119 -0.166365675343 -0.620885153015 0.57 0.0077 crystal_1
0.36040044493882084 0.0275 -0.766044443119 0.0 -0.642787609687 0.57 0.0077 crystal_1
0.3615635179153095 0.0275 -0.766044443119 0.166365675343 -0.620885153015 0.57 0.0075 crystal_1
0.365625 0.0275 -0.766044443119 0.321393804843 -0.556670399226 0.57 0.0072 crystal_1
0.3773773773773774 0.0275 -0.766044443119 0.454519477672 -0.454519477672 0.57 0.0068 crystal_1
0.37666325486182184 0.0275 -0.642787609687 -0.766044443119 0.0 0.57 0.0078 crystal_2
0.37716615698267075 0.0275 -0.642787609687 -0.739942111694 -0.198266891274 0.57 0.0078 crystal_2
0.3787731256085687 0.0275 -0.642787609687 -0.739942111694 0.198266891274 0.57 0.0075 crystal_2
0.38336713995943206 0.0275 -0.642787609687 -0.663413948169 -0.383022221559 0.57 0.0077 crystal_2
0.3772819472616632 0.0275 -0.642787609687 -0.663413948169 0.383022221559 0.57 0.0078 crystal_2
0.3714880332986472 0.0275 -0.642787609687 -0.54167522042 -0.54167522042 0.57 0.0071 crystal_1
0.3650442477876106 0.0275 -0.642787609687 -0.54167522042 0.54167522042 0.57 0.0076 crystal_1
0.36853448275862066 0.0275 -0.642787609687 -0.383022221559 -0.663413948169 0.57 0.0074 crystal_1
0.3695652173913043 0.0275 -0.642787609687 -0.383022221559 0.663413948169 0.57 0.0075 crystal_1
0.356979405034325 0.0275 -0.642787609687 -0.198266891274 -0.739942111694 0.57 0.008 crystal_1
0.36473165388828044 0.0275 -0.642787609687 -0.198266891274 0.739942111694 0.57 0.0076 crystal_1
0.35589264877479576 0.0275 -0.642787609687 0.0 -0.766044443119 0.57 0.0082 crystal_1
0.3606741573033707 0.0275 -0.642787609687 9.578e-09 0.766044443119 0.57 0.0078 crystal_1
0.36343612334801767 0.0275 -0.642787609687 0.198266891274 -0.739942111694 0.57 0.0076 crystal_1
0.3625277161862528 0.0275 -0.642787609687 0.198266891274 0.739942111694 0.57 0.0077 crystal_1
0.3687089715536105 0.0275 -0.642787609687 0.383022221559 -0.663413948169 0.57 0.0075 crystal_1
0.3655323819978047 0.0275 -0.642787609687 0.383022221559 0.663413948169 0.57 0.0076 crystal_1
0.3729338842975207 0.0275 -0.642787609687 0.54167522042 -0.54167522042 0.57 0.0071 crystal_1
0.37459634015069965 0.0275 -0.642787609687 0.54167522042 0.54167522042 0.57 0.0073 crystal_1
0.37182203389830504 0.0275 -0.642787609687 0.663413948169 -0.383022221559 0.57 0.0081 crystal_2
0.3738317757009345 0.0275 -0.642787609687 0.663413948169 0.383022221559 0.57 0.0079 crystal_2
0.37693099897013393 0.0275 -0.642787609687 0.739942111694 -0.198266891274 0.57 0.0079 crystal_2
0.38368580060422963 0.0275 -0.642787609687 0.739942111694 0.198266891274 0.57 0.0077 crystal_2
0.3775720164609053 0.0275 -0.642787609687 0.766044443119 0.0 0.57 0.0078 crystal_2
0.3803680981595092 0.0275 -0.342020143326 -0.939692620786 0.0 0.57 0.0078 crystal_2
0.37880377754459593 0.0275 -0.342020143326 -0.90767337119 -0.243210346802 0.57 0.0079 crystal_2
0.38414006179196714 0.0275 -0.342020143326 -0.90767337119 0.243210346802 0.57 0.0078 crystal_2
0.37834941050375126 0.0275 -0.342020143326 -0.813797681349 -0.469846310393 0.57 0.0081 crystal_2
0.37593984962406013 0.0275 -0.342020143326 -0.813797681349 0.469846310393 0.57 0.0081 crystal_2
0.3684807256235828 0.0275 -0.342020143326 -0.664463024389 -0.664463024389 0.57 0.0078 crystal_1
0.3680089485458612 0.0275 -0.342020143326 -0.664463024389 0.664463024389 0.57 0.0077 crystal_1
0.3695395513577331 0.0275 -0.342020143326 -0.469846310393 -0.813797681349 0.57 0.0081 crystal_1
0.36310904872389793 0.0275 -0.342020143326 -0.469846310393 0.813797681349 0.57 0.008 crystal_1
0.3614906832298137 0.0275 -0.342020143326 -0.243210346802 -0.90767337119 0.57 0.0086 crystal_1
0.361803084223013 0.0275 -0.342020143326 -0.243210346802 0.90767337119 0.57 0.0082 crystal_1
0.3583743842364532 0.0275 -0.342020143326 -0.0 -0.939692620786 0.57 0.0086 crystal_1
0.354368932038835 0.0275 -0.342020143326 0.0 0.939692620786 0.57 0.0085 crystal_1
0.36329588014981284 0.0275 -0.342020143326 0.243210346802 -0.90767337119 0.57 0.0086 crystal_1
0.3635294117647059 0.0275 -0.342020143326 0.243210346802 0.90767337119 0.57 0.0081 crystal_1
0.3650416171224732 0.0275 -0.342020143326 0.469846310393 -0.813797681349 0.57 0.0082 crystal_1
0.37358916478555304 0.0275 -0.342020143326 0.469846310393 0.813797681349 0.57 0.0077 crystal_1
0.36973833902161557 0.0275 -0.342020143326 0.664463024389 -0.664463024389 0.57 0.0078 crystal_1
0.36757990867579904 0.0275 -0.342020143326 0.664463024389 0.664463024389 0.57 0.0079 crystal_1
0.38110403397027603 0.0275 -0.342020143326 0.813797681349 -0.469846310393 0.57 0.008 crystal_2
0.3743427970557308 0.0275 -0.342020143326 0.813797681349 0.469846310393 0.57 0.008 crystal_2
0.38031088082901554 0.0275 -0.342020143326 0.90767337119 -0.243210346802 0.57 0.0079 crystal_2
0.3804573804573804 0.0275 -0.342020143326 0.90767337119 0.243210346802 0.57 0.0079 crystal_2
0.37962037962037953 0.0275 -0.342020143326 0.939692620786 0.0 0.57 0.0077 crystal_2
0.38523761375126386 0.0275 0.0 -1.0 0.0 0.57 0.0077 crystal_2
0.38787878787878793 0.0275 0.0 -0.965925826289 -0.258819045103 0.57 0.0076 crystal_2
0.38900203665987776 0.0275 0.0 -0.965925826289 0.258819045103 0.57 0.0077 crystal_2
0.37808807733619765 0.0275 0.0 -0.866025403784 -0.5 0.57 0.0081 crystal_2
0.38160676532769555 0.0275 0.0 -0.866025403784 0.5 0.57 0.008 crystal_2
0.37109826589595374 0.0275 0.0 -0.707106781187 -0.707106781187 0.57 0.0079 crystal_1
0.36896551724137927 0.0275 0.0 -0.707106781187 0.707106781187 0.57 0.0079 crystal_1
0.3619854721549638 0.0275 0.0 -0.5 -0.866025403784 0.57 0.0084 crystal_1
0.3639661426844014 0.0275 0.0 -0.5 0.866025403784 0.57 0.0084 crystal_1
0.359452736318408 0.0275 0.0 -0.258819045103 -0.965925826289 0.57 0.0087 crystal_1
0.36128236744759556 0.0275 0.0 -0.258819045103 0.965925826289 0.57 0.0086 crystal_1
0.3591635916359164 0.0275 0.0 0.0 -1.0 0.57 0.0086 crystal_1
0.3591635916359164 0.0275 -0.0 0.0 1.0 0.57 0.0086 crystal_1
0.36128236744759556 0.0275 0.0 0.258819045103 -0.965925826289 0.57 0.0086 crystal_1
0.359452736318408 0.0275 0.0 0.258819045103 0.965925826289 0.57 0.0087 crystal_1
0.3639661426844014 0.0275 0.0 0.5 -0.866025403784 0.57 0.0084 crystal_1
0.3619854721549638 0.0275 0.0 0.5 0.866025403784 0.57 0.0084 crystal_1
0.36896551724137927 0.0275 0.0 0.707106781187 -0.707106781187 0.57 0.0079 crystal_1
0.37109826589595374 0.0275 0.0 0.707106781187 0.707106781187 0.57 0.0079 crystal_1
0.38160676532769555 0.0275 0.0 0.866025403784 -0.5 0.57 0.008 crystal_2
0.37808807733619765 0.0275 0.0 0.866025403784 0.5 0.57 0.0081 crystal_2
0.38900203665987776 0.0275 0.0 0.965925826289 -0.258819045103 0.57 0.0077 crystal_2
0.38787878787878793 0.0275 0.0 0.965925826289 0.258819045103 0.57 0.0076 crystal_2
0.38523761375126386 0.0275 0.0 1.0 0.0 0.57 0.0077 crystal_2
0.37962037962037953 0.0275 0.342020143326 -0.939692620786 0.0 0.57 0.0077 crystal_2
0.3804573804573804 0.0275 0.342020143326 -0.90767337119 -0.243210346802 0.57 0.0079 crystal_2
0.38031088082901554 0.0275 0.342020143326 -0.90767337119 0.243210346802 0.57 0.0079 crystal_2
0.3743427970557308 0.0275 0.342020143326 -0.813797681349 -0.469846310393 0.57 0.008 crystal_2
0.38110403397027603 0.0275 0.342020143326 -0.813797681349 0.469846310393 0.57 0.008 crystal_2
0.36757990867579904 0.0275 0.342020143326 -0.664463024389 -0.664463024389 0.57 0.0079 crystal_1
0.38 0.0275 0.342020143326 -0.664463024389 0.664463024389 0.57 0.0071 crystal_1
0.37358916478555304 0.0275 0.342020143326 -0.469846310393 -0.813797681349 0.57 0.0077 crystal_1
0.3737373737373737 0.0275 0.342020143326 -0.469846310393 0.813797681349 0.57 0.0076 crystal_1
0.3635294117647059 0.0275 0.342020143326 -0.243210346802 -0.90767337119 0.57 0.0081 crystal_1
0.36448598130841126 0.0275 0.342020143326 -0.243210346802 0.90767337119 0.57 0.0081 crystal_1
0.354368932038835 0.0275 0.342020143326 0.0 -0.939692620786 0.57 0.0085 crystal_1
0.3650793650793651 0.0275 0.342020143326 0.0 0.939692620786 0.57 0.0084 crystal_1
0.361803084223013 0.0275 0.342020143326 0.243210346802 -0.90767337119 0.57 0.0082 crystal_1
0.3693586698337292 0.0275 0.342020143326 0.243210346802 0.90767337119 0.57 0.0081 crystal_1
0.36310904872389793 0.0275 0.342020143326 0.469846310393 -0.813797681349 0.57 0.008 crystal_1
0.3741648106904232 0.0275 0.342020143326 0.469846310393 0.813797681349 0.57 0.0076 crystal_1
0.3680089485458612 0.0275 0.342020143326 0.664463024389 -0.664463024389 0.57 0.0077 crystal_1
0.37739872068230274 0.0275 0.342020143326 0.664463024389 0.664463024389 0.57 0.0072 crystal_1
0.3783783783783784 0.0275 0.342020143326 0.813797681349 -0.469846310393 0.57 0.0079 crystal_2
0.3850156087408949 0.0275 0.342020143326 0.813797681349 0.469846310393 0.57 0.0078 crystal_2
0.3827655310621242 0.0275 0.342020143326 0.90767337119 -0.243210346802 0.57 0.0076 crystal_2
0.3744855967078189 0.0275 0.342020143326 0.90767337119 0.243210346802 0.57 0.0079 crystal_2
0.3766497461928934 0.0275 0.342020143326 0.939692620786 0.0 0.57 0.0078 crystal_2
0.3775720164609053 0.0275 0.642787609687 -0.766044443119 0.0 0.57 0.0078 crystal_2
0.38368580060422963 0.0275 0.642787609687 -0.739942111694 -0.198266891274 0.57 0.0077 crystal_2
0.37693099897013393 0.0275 0.642787609687 -0.739942111694 0.198266891274 0.57 0.0079 crystal_2
0.3738317757009345 0.0275 0.642787609687 -0.663413948169 -0.383022221559 0.57 0.0079 crystal_2
0.37182203389830504 0.0275 0.642787609687 -0.663413948169 0.383022221559 0.57 0.0081 crystal_2
0.37459634015069965 0.0275 0.642787609687 -0.54167522042 -0.54167522042 0.57 0.0073 crystal_1
0.3729338842975207 0.0275 0.642787609687 -0.54167522042 0.54167522042 0.57 0.0071 crystal_1
0.3655323819978047 0.0275 0.642787609687 -0.383022221559 -0.663413948169 0.57 0.0076 crystal_1
0.3687089715536105 0.0275 0.642787609687 -0.383022221559 0.663413948169 0.57 0.0075 crystal_1
0.3625277161862528 0.0275 0.642787609687 -0.198266891274 -0.739942111694 0.57 0.0077 crystal_1
0.36343612334801767 0.0275 0.642787609687 -0.198266891274 0.739942111694 0.57 0.0076 crystal_1
0.3606741573033707 0.0275 0.642787609687 -9.578e-09 -0.766044443119 0.57 0.0078 crystal_1
0.35589264877479576 0.0275 0.642787609687 0.0 0.766044443119 0.57 0.0082 crystal_1
0.36473165388828044 0.0275 0.642787609687 0.198266891274 -0.739942111694 0.57 0.0076 crystal_1
0.356979405034325 0.0275 0.642787609687 0.198266891274 0.739942111694 0.57 0.008 crystal_1
0.3695652173913043 0.0275 0.642787609687 0.383022221559 -0.663413948169 0.57 0.0075 crystal_1
0.36853448275862066 0.0275 0.642787609687 0.383022221559 0.663413948169 0.57 0.0074 crystal_1
0.3650442477876106 0.0275 0.642787609687 0.54167522042 -0.54167522042 0.57 0.0076 crystal_1
0.3714880332986472 0.0275 0.642787609687 0.54167522042 0.54167522042 0.57 0.0071 crystal_1
0.3772819472616632 0.0275 0.642787609687 0.663413948169 -0.383022221559 0.57 0.0078 crystal_2
0.38336713995943206 0.0275 0.642787609687 0.663413948169 0.383022221559 0.57 0.0077 crystal_2
0.3787731256085687 0.0275 0.642787609687 0.739942111694 -0.198266891274 0.57 0.0075 crystal_2
0.37716615698267075 0.0275 0.642787609687 0.739942111694 0.198266891274 0.57 0.0078 crystal_2
0.37666325486182184 0.0275 0.642787609687 0.766044443119 0.0 0.57 0.0078 crystal_2
0.3773773773773774 0.0275 0.766044443119 -0.454519477672 0.454519477672 0.57 0.0068 crystal_1
0.365625 0.0275 0.766044443119 -0.321393804843 0.556670399226 0.57 0.0072 crystal_1
0.3615635179153095 0.0275 0.766044443119 -0.166365675343 0.620885153015 0.57 0.0075 crystal_1
0.36040044493882084 0.0275 0.766044443119 0.0 0.642787609687 0.57 0.0077 crystal_1
0.3618201997780244 0.0275 0.766044443119 0.166365675343 0.620885153015 0.57 0.0077 crystal_1
0.3739754098360656 0.0275 0.766044443119 0.321393804843 0.556670399226 0.57 0.007 crystal_1
0.3742331288343559 0.0275 0.766044443119 0.454519477672 0.454519477672 0.57 0.007 crystal_1
0.3728813559322034 0.0275 0.766044443119 0.556670399226 -0.321393804843 0.57 0.0077 crystal_2
0.3721413721413721 0.0275 0.766044443119 0.556670399226 0.321393804843 0.57 0.008 crystal_2
0.3732673267326734 0.0275 0.766044443119 0.620885153015 -0.166365675343 0.57 0.0077 crystal_2
0.37859266600594643 0.0275 0.766044443119 0.620885153015 0.166365675343 0.57 0.0076 crystal_2
0.3767967145790555 0.0275 0.766044443119 0.642787609687 0.0 0.57 0.0078 crystal_2
0.37029501525941 0.0275 0.866025403784 -0.5 0.0 0.57 0.0078 crystal_2
0.37462235649546827 0.0275 0.866025403784 -0.482962913145 -0.129409522551 0.57 0.0078 crystal_2
0.37018255578093295 0.0275 0.866025403784 -0.482962913145 0.129409522551 0.57 0.0078 crystal_2
0.3696098562628336 0.0275 0.866025403784 -0.433012701892 -0.25 0.57 0.0079 crystal_2
0.3674948240165632 0.0275 0.866025403784 -0.433012701892 0.25 0.57 0.008 crystal_2
0.3707414829659319 0.0275 0.866025403784 -0.353553390593 -0.353553390593 0.57 0.0069 crystal_1
0.3795121951219511 0.0275 0.866025403784 -0.353553390593 0.353553390593 0.57 0.0066 crystal_1
0.37387836490528426 0.0275 0.866025403784 -0.25 -0.433012701892 0.57 0.0068 crystal_1
0.3732106339468303 0.0275 0.866025403784 -0.25 0.433012701892 0.57 0.007 crystal_1
0.36305732484076436 0.0275 0.866025403784 -0.129409522551 -0.482962913145 0.57 0.0074 crystal_1
0.37131230925737535 0.0275 0.866025403784 -0.129409522551 0.482962913145 0.57 0.007 crystal_1
0.36875 0.0275 0.866025403784 -1.2905e-08 0.5 0.57 0.0072 crystal_1
0.3637327677624602 0.0275 0.866025403784 0.0 -0.5 0.57 0.0073 crystal_1
0.3651282051282052 0.0275 0.866025403784 0.129409522551 -0.482962913145 0.57 0.0071 crystal_1
0.3595263724434876 0.0275 0.866025403784 0.129409522551 0.482962913145 0.57 0.0075 crystal_1
0.36344537815126055 0.0275 0.866025403784 0.25 -0.433012701892 0.57 0.0073 crystal_1
0.3677685950413223 0.0275 0.866025403784 0.25 0.433012701892 0.57 0.0071 crystal_1
0.36516264428121725 0.0275 0.866025403784 0.353553390593 -0.353553390593 0.57 0.0073 crystal_1
0.36438923395445133 0.0275 0.866025403784 0.353553390593 0.353553390593 0.57 0.0072 crystal_1
0.3770334928229664 0.0275 0.866025403784 0.433012701892 -0.25 0.57 0.0075 crystal_2
0.3762677484787018 0.0275 0.866025403784 0.433012701892 0.25 0.57 0.0078 crystal_2
0.3752495009980039 0.0275 0.866025403784 0.482962913145 -0.129409522551 0.57 0.0077 crystal_2
0.3702213279678068 0.0275 0.866025403784 0.482962913145 0.129409522551 0.57 0.0078 crystal_2
0.3742514970059879 0.0275 0.866025403784 0.5 0.0 0.57 0.0077 crystal_2
0.3719758064516129 0.0275 0.939692620786 -0.342020143326 0.0 0.57 0.0078 crystal_2
0.37735849056603765 0.0275 0.939692620786 -0.330366089549 -0.088521326901 0.57 0.0076 crystal_2
0.37085427135678395 0.0275 0.939692620786 -0.330366089549 0.088521326901 0.57 0.0078 crystal_2
0.37474747474747483 0.0275 0.939692620786 -0.296198132726 -0.171010071663 0.57 0.0078 crystal_2
0.37760158572844404 0.0275 0.939692620786 -0.296198132726 0.171010071663 0.57 0.0076 crystal_2
0.3719512195121951 0.0275 0.939692620786 -0.241844762648 -0.241844762648 0.57 0.007 crystal_1
0.373767258382643 0.0275 0.939692620786 -0.241844762648 0.241844762648 0.57 0.0067 crystal_1
0.3649337410805301 0.0275 0.939692620786 -0.171010071663 -0.296198132726 0.57 0.0071 crystal_1
0.36991869918699183 0.0275 0.939692620786 -0.171010071663 0.296198132726 0.57 0.007 crystal_1
0.36226034308779 0.0275 0.939692620786 -0.088521326901 -0.330366089549 0.57 0.007 crystal_1
0.371769383697813 0.0275 0.939692620786 -0.088521326901 0.330366089549 0.57 0.0068 crystal_1
0.3768545994065282 0.0275 0.939692620786 0.0 -0.342020143326 0.57 0.0067 crystal_1
0.3623336745138178 0.0275 0.939692620786 0.0 0.342020143326 0.57 0.0071 crystal_1
0.37165510406342916 0.0275 0.939692620786 0.088521326901 -0.330366089549 0.57 0.0068 crystal_1
0.3686354378818737 0.0275 0.939692620786 0.088521326901 0.330366089549 0.57 0.007 crystal_1
0.36670071501532175 0.0275 0.939692620786 0.171010071663 -0.296198132726 0.57 0.007 crystal_1
0.3648648648648648 0.0275 0.939692620786 0.171010071663 0.296198132726 0.57 0.0072 crystal_1
0.3771313941825476 0.0275 0.939692620786 0.241844762648 -0.241844762648 0.57 0.0068 crystal_1
0.3694779116465864 0.0275 0.939692620786 0.241844762648 0.241844762648 0.57 0.0069 crystal_1
0.3753723932472691 0.0275 0.939692620786 0.296198132726 -0.171010071663 0.57 0.0077 crystal_2
0.3688524590163934 0.0275 0.939692620786 0.296198132726 0.171010071663 0.57 0.0079 crystal_2
0.37095191364082436 0.0275 0.939692620786 0.330366089549 -0.088521326901 0.57 0.0076 crystal_2
0.36632653061224485 0.0275 0.939692620786 0.330366089549 0.088521326901 0.57 0.0079 crystal_2
0.36924686192468625 0.0275 0.939692620786 0.342020143326 0.0 0.57 0.008 crystal_2
0.3716012084592145 0.0275 0.984807753012 -0.173648177667 0.0 0.57 0.0078 crystal_2
0.3652085452695829 0.0275 0.984807753012 -0.167731259497 -0.044943455528 0.57 0.0079 crystal_2
0.3715139442231076 0.0275 0.984807753012 -0.167731259497 0.044943455528 0.57 0.0077 crystal_2
0.37243401759530803 0.0275 0.984807753012 -0.15038373318 -0.086824088833 0.57 0.0076 crystal_2
0.36936936936936937 0.0275 0.984807753012 -0.15038373318 0.086824088833 0.57 0.0078 crystal_2
0.3717434869739479 0.0275 0.984807753012 -0.122787803969 -0.122787803969 0.57 0.0069 crystal_1
0.3741429970617042 0.0275 0.984807753012 -0.122787803969 0.122787803969 0.57 0.0067 crystal_1
0.369 0.0275 0.984807753012 -0.086824088833 -0.15038373318 0.57 0.0069 crystal_1
0.36964980544747084 0.0275 0.984807753012 -0.086824088833 0.15038373318 0.57 0.0067 crystal_1
0.36978131212723653 0.0275 0.984807753012 -0.044943455528 -0.167731259497 0.57 0.0068 crystal_1
0.373904576436222 0.0275 0.984807753012 -0.044943455528 0.167731259497 0.57 0.0066 crystal_1
0.368474923234391 0.0275 0.984807753012 -1.4675e-08 0.173648177667 0.57 0.007 crystal_1
0.37944664031620556 0.0275 0.984807753012 0.0 -0.173648177667 0.57 0.0067 crystal_1
0.37239324726911616 0.0275 0.984807753012 0.044943455528 -0.167731259497 0.57 0.0068 crystal_1
0.367305751765893 0.0275 0.984807753012 0.044943455528 0.167731259497 0.57 0.007 crystal_1
0.3769841269841271 0.0275 0.984807753012 0.086824088833 -0.15038373318 0.57 0.0067 crystal_1
0.37364798426745327 0.0275 0.984807753012 0.086824088833 0.15038373318 0.57 0.0067 crystal_1
0.37066402378592667 0.0275 0.984807753012 0.122787803969 -0.122787803969 0.57 0.0068 crystal_1
0.3753723932472691 0.0275 0.984807753012 0.122787803969 0.122787803969 0.57 0.0068 crystal_1
0.37403846153846143 0.0275 0.984807753012 0.15038373318 -0.086824088833 0.57 0.0075 crystal_2
0.37093495934959353 0.0275 0.984807753012 0.15038373318 0.086824088833 0.57 0.0078 crystal_2
0.3683673469387756 0.0275 0.984807753012 0.167731259497 -0.044943455528 0.57 0.0079 crystal_2
0.3727272727272727 0.0275 0.984807753012 0.167731259497 0.044943455528 0.57 0.0078 crystal_2
0.3743743743743744 0.0275 0.984807753012 0.173648177667 0.0 0.57 0.0077 crystal_2
0.37549019607843126 0.0275 1.0 0.0 0.0 0.57 0.0067 crystal_1
