0.3435116960005149 -1.0 0.0 0.0 crystal_1
0.3437916777807416 -0.984807753012 -0.173648177667 0.0 crystal_2
0.34094605584169146 -0.984807753012 -0.167731259497 -0.044943455528 crystal_2
0.3388792179967862 -0.984807753012 -0.167731259497 0.044943455528 crystal_2
0.3414974317107189 -0.984807753012 -0.15038373318 -0.086824088833 crystal_2
0.3407813617630029 -0.984807753012 -0.15038373318 0.086824088833 crystal_2
0.3432333529373326 -0.984807753012 -0.122787803969 -0.122787803969 crystal_1
0.3425961912164789 -0.984807753012 -0.122787803969 0.122787803969 crystal_1
0.34648662821185106 -0.984807753012 -0.086824088833 -0.15038373318 crystal_1
0.3403119200338619 -0.984807753012 -0.086824088833 0.15038373318 crystal_1
0.34190934246936355 -0.984807753012 -0.044943455528 -0.167731259497 crystal_1
0.33944685148385845 -0.984807753012 -0.044943455528 0.167731259497 crystal_1
0.34480743001883496 -0.984807753012 0.0 -0.173648177667 crystal_1
0.34302173343807274 -0.984807753012 0.0 0.173648177667 crystal_1
0.3415792598456363 -0.984807753012 0.044943455528 -0.167731259497 crystal_1
0.33924977730856776 -0.984807753012 0.044943455528 0.167731259497 crystal_1
0.34042763483016514 -0.984807753012 0.086824088833 -0.15038373318 crystal_1
0.3412844036697248 -0.984807753012 0.086824088833 0.15038373318 crystal_1
0.3446924297884746 -0.984807753012 0.122787803969 -0.122787803969 crystal_1
0.3402112908550676 -0.984807753012 0.122787803969 0.122787803969 crystal_1
0.3392349356804334 -0.984807753012 0.15038373318 -0.086824088833 crystal_2
0.3401039366869332 -0.984807753012 0.15038373318 0.086824088833 crystal_2
0.3391480730223124 -0.984807753012 0.167731259497 -0.044943455528 crystal_2
0.3371525423728814 -0.984807753012 0.167731259497 0.044943455528 crystal_2
0.3433418607782416 -0.984807753012 0.173648177667 0.0 crystal_2
0.3401992911121514 -0.939692620786 -0.342020143326 0.0 crystal_2
0.33696060037523456 -0.939692620786 -0.330366089549 -0.088521326901 crystal_2
0.33451969358009626 -0.939692620786 -0.330366089549 0.088521326901 crystal_2
0.33538104501552846 -0.939692620786 -0.296198132726 -0.171010071663 crystal_2
0.33411134756641736 -0.939692620786 -0.296198132726 0.171010071663 crystal_2
0.34034833091436867 -0.939692620786 -0.241844762648 -0.241844762648 crystal_1
0.33605036447978787 -0.939692620786 -0.241844762648 0.241844762648 crystal_1
0.3386093258580609 -0.939692620786 -0.171010071663 -0.296198132726 crystal_1
0.3351412883353422 -0.939692620786 -0.171010071663 0.296198132726 crystal_1
0.3372073380857462 -0.939692620786 -0.088521326901 -0.330366089549 crystal_1
0.3329327324319813 -0.939692620786 -0.088521326901 0.330366089549 crystal_1
0.33922941625460457 -0.939692620786 0.0 -0.342020143326 crystal_1
0.33753650119458456 -0.939692620786 0.0 0.342020143326 crystal_1
0.3388711036225779 -0.939692620786 0.088521326901 -0.330366089549 crystal_1
0.3336829994585815 -0.939692620786 0.088521326901 0.330366089549 crystal_1
0.33872343328898435 -0.939692620786 0.171010071663 -0.296198132726 crystal_1
0.33371664355531505 -0.939692620786 0.171010071663 0.296198132726 crystal_1
0.3404527139908934 -0.939692620786 0.241844762648 -0.241844762648 crystal_1
0.3339343550702861 -0.939692620786 0.241844762648 0.241844762648 crystal_1
0.3315802055940713 -0.939692620786 0.296198132726 -0.171010071663 crystal_2
0.3356422532341856 -0.939692620786 0.296198132726 0.171010071663 crystal_2
0.3375325208818293 -0.939692620786 0.330366089549 -0.088521326901 crystal_2
0.3329797789714989 -0.939692620786 0.330366089549 0.088521326901 crystal_2
0.33830154805054036 -0.939692620786 0.342020143326 0.0 crystal_2
0.33704830604081915 -0.866025403784 -0.5 0.0 crystal_2
0.33497124934657596 -0.866025403784 -0.482962913145 -0.129409522551 crystal_2
0.3334376630151278 -0.866025403784 -0.482962913145 0.129409522551 crystal_2
0.3317004174285024 -0.866025403784 -0.433012701892 -0.25 crystal_2
0.33451102317693615 -0.866025403784 -0.433012701892 0.25 crystal_2
0.3374629209562031 -0.866025403784 -0.353553390593 -0.353553390593 crystal_1
0.33488686254643696 -0.866025403784 -0.353553390593 0.353553390593 crystal_1
0.33328697103515426 -0.866025403784 -0.25 -0.433012701892 crystal_1
0.3293525869148646 -0.866025403784 -0.25 0.433012701892 crystal_1
0.3322144093848274 -0.866025403784 -0.129409522551 -0.482962913145 crystal_1
0.3243354626004533 -0.866025403784 -0.129409522551 0.482962913145 crystal_1
0.329677838133306 -0.866025403784 0.0 0.5 crystal_1
0.33594508389959776 -0.866025403784 1.2905e-08 -0.5 crystal_1
0.3314928859630495 -0.866025403784 0.129409522551 -0.482962913145 crystal_1
0.32628314575420747 -0.866025403784 0.129409522551 0.482962913145 crystal_1
0.3328451882845188 -0.866025403784 0.25 -0.433012701892 crystal_1
0.33030148185998986 -0.866025403784 0.25 0.433012701892 crystal_1
0.3386883649767022 -0.866025403784 0.353553390593 -0.353553390593 crystal_1
0.3309352517985612 -0.866025403784 0.353553390593 0.353553390593 crystal_1
0.3291195614936623 -0.866025403784 0.433012701892 -0.25 crystal_2
0.3340562473765216 -0.866025403784 0.433012701892 0.25 crystal_2
0.3309559731175421 -0.866025403784 0.482962913145 -0.129409522551 crystal_2
0.3317386550027338 -0.866025403784 0.482962913145 0.129409522551 crystal_2
0.3380191043967211 -0.866025403784 0.5 0.0 crystal_2
0.3329724065665386 -0.766044443119 -0.642787609687 0.0 crystal_2
0.330842629621834 -0.766044443119 -0.620885153015 -0.166365675343 crystal_2
0.33049987756672616 -0.766044443119 -0.620885153015 0.166365675343 crystal_2
0.32837757284617275 -0.766044443119 -0.556670399226 -0.321393804843 crystal_2
0.331336830167281 -0.766044443119 -0.556670399226 0.321393804843 crystal_2
0.33385680633878223 -0.766044443119 -0.454519477672 -0.454519477672 crystal_1
0.33043779200553725 -0.766044443119 -0.454519477672 0.454519477672 crystal_1
0.32952510565145754 -0.766044443119 -0.321393804843 -0.556670399226 crystal_1
0.3258486190174995 -0.766044443119 -0.321393804843 0.556670399226 crystal_1
0.3260996852814171 -0.766044443119 -0.166365675343 -0.620885153015 crystal_1
0.32411461114077234 -0.766044443119 -0.166365675343 0.620885153015 crystal_1
0.3282224155429897 -0.766044443119 -0.0 -0.642787609687 crystal_1
0.32648877893620776 -0.766044443119 1.1415e-08 0.642787609687 crystal_1
0.3272707067713736 -0.766044443119 0.166365675343 -0.620885153015 crystal_1
0.3239167374681394 -0.766044443119 0.166365675343 0.620885153015 crystal_1
0.32883444321783417 -0.766044443119 0.321393804843 -0.556670399226 crystal_1
0.3266384408131845 -0.766044443119 0.321393804843 0.556670399226 crystal_1
0.3317132442284325 -0.766044443119 0.454519477672 -0.454519477672 crystal_1
0.3300712987557668 -0.766044443119 0.454519477672 0.454519477672 crystal_1
0.32620451453092836 -0.766044443119 0.556670399226 -0.321393804843 crystal_2
0.3292320746711922 -0.766044443119 0.556670399226 0.321393804843 crystal_2
0.33084942625244895 -0.766044443119 0.620885153015 -0.166365675343 crystal_2
0.3306750806144032 -0.766044443119 0.620885153015 0.166365675343 crystal_2
0.3325961963732861 -0.766044443119 0.642787609687 0.0 crystal_2
0.3293319415448852 -0.642787609687 -0.766044443119 0.0 crystal_2
0.3297255234861347 -0.642787609687 -0.739942111694 -0.198266891274 crystal_2
0.32820857982925367 -0.642787609687 -0.739942111694 0.198266891274 crystal_2
0.3260116015846066 -0.642787609687 -0.663413948169 -0.383022221559 crystal_2
0.32626276958002265 -0.642787609687 -0.663413948169 0.383022221559 crystal_2
0.3306177130856688 -0.642787609687 -0.54167522042 -0.54167522042 crystal_1
0.3288656884875846 -0.642787609687 -0.54167522042 0.54167522042 crystal_1
0.32758432485536515 -0.642787609687 -0.383022221559 -0.663413948169 crystal_1
0.32296290992410137 -0.642787609687 -0.383022221559 0.663413948169 crystal_1
0.32829029689455125 -0.642787609687 -0.198266891274 -0.739942111694 crystal_1
0.3200455580865603 -0.642787609687 -0.198266891274 0.739942111694 crystal_1
0.3312039312039312 -0.642787609687 -9.578e-09 -0.766044443119 crystal_1
0.32540974709649406 -0.642787609687 0.0 0.766044443119 crystal_1
0.32813155786180315 -0.642787609687 0.198266891274 -0.739942111694 crystal_1
0.3213059674238551 -0.642787609687 0.198266891274 0.739942111694 crystal_1
0.32648050425095276 -0.642787609687 0.383022221559 -0.663413948169 crystal_1
0.3222647174464739 -0.642787609687 0.383022221559 0.663413948169 crystal_1
0.3325597418138303 -0.642787609687 0.54167522042 -0.54167522042 crystal_1
0.3277289836888331 -0.642787609687 0.54167522042 0.54167522042 crystal_1
0.32429082409604426 -0.642787609687 0.663413948169 -0.383022221559 crystal_2
0.3273714468221015 -0.642787609687 0.663413948169 0.383022221559 crystal_2
0.3264177527298344 -0.642787609687 0.739942111694 -0.198266891274 crystal_2
0.32784431137724546 -0.642787609687 0.739942111694 0.198266891274 crystal_2
0.329859537834164 -0.642787609687 0.766044443119 0.0 crystal_2
0.32692036645525024 -0.5 -0.866025403784 0.0 crystal_2
0.32821572329284376 -0.5 -0.836516303738 -0.224143868042 crystal_2
0.32801166263689374 -0.5 -0.836516303738 0.224143868042 crystal_2
0.32389948315808226 -0.5 -0.75 -0.433012701892 crystal_2
0.32474617913791237 -0.5 -0.75 0.433012701892 crystal_2
0.33052639388656013 -0.5 -0.612372435696 -0.612372435696 crystal_1
0.32972601252307354 -0.5 -0.612372435696 0.612372435696 crystal_1
0.3251368168528376 -0.5 -0.433012701892 -0.75 crystal_1
0.3238897396630934 -0.5 -0.433012701892 0.75 crystal_1
0.32540739580068945 -0.5 -0.224143868042 -0.836516303738 crystal_1
0.3199344037222075 -0.5 -0.224143868042 0.836516303738 crystal_1
0.33092457325885705 -0.5 -0.0 -0.866025403784 crystal_1
0.3274831681670324 -0.5 7.451e-09 0.866025403784 crystal_1
0.3298769145525784 -0.5 0.224143868042 -0.836516303738 crystal_1
0.3239582137527265 -0.5 0.224143868042 0.836516303738 crystal_1
0.3254500663255637 -0.5 0.433012701892 -0.75 crystal_1
0.3218428302160359 -0.5 0.433012701892 0.75 crystal_1
0.3306179879290554 -0.5 0.612372435696 -0.612372435696 crystal_1
0.3272569444444444 -0.5 0.612372435696 0.612372435696 crystal_1
0.323357327754335 -0.5 0.75 -0.433012701892 crystal_2
0.32414835066009573 -0.5 0.75 0.433012701892 crystal_2
0.32854468207676246 -0.5 0.836516303738 -0.224143868042 crystal_2
0.3251008421201613 -0.5 0.836516303738 0.224143868042 crystal_2
0.3277002458704159 -0.5 0.866025403784 0.0 crystal_2
0.3262805844041542 -0.342020143326 -0.939692620786 0.0 crystal_2
0.32631654315683956 -0.342020143326 -0.90767337119 -0.243210346802 crystal_2
0.3259275160101607 -0.342020143326 -0.90767337119 0.243210346802 crystal_2
0.32223620348732696 -0.342020143326 -0.813797681349 -0.469846310393 crystal_2
0.3238088278281205 -0.342020143326 -0.813797681349 0.469846310393 crystal_2
0.32817279713496983 -0.342020143326 -0.664463024389 -0.664463024389 crystal_1
0.327293401313135 -0.342020143326 -0.664463024389 0.664463024389 crystal_1
0.3242202250585303 -0.342020143326 -0.469846310393 -0.813797681349 crystal_1
0.3211143695014663 -0.342020143326 -0.469846310393 0.813797681349 crystal_1
0.32782380278844214 -0.342020143326 -0.243210346802 -0.90767337119 crystal_1
0.32626717195641874 -0.342020143326 -0.243210346802 0.90767337119 crystal_1
0.3317985494254748 -0.342020143326 -0.0 -0.939692620786 crystal_1
0.3260206475832942 -0.342020143326 0.0 0.939692620786 crystal_1
0.32826612903225805 -0.342020143326 0.243210346802 -0.90767337119 crystal_1
0.32436560150375937 -0.342020143326 0.243210346802 0.90767337119 crystal_1
0.32732571516220577 -0.342020143326 0.469846310393 -0.813797681349 crystal_1
0.32358949596998854 -0.342020143326 0.469846310393 0.813797681349 crystal_1
0.32919581734747605 -0.342020143326 0.664463024389 -0.664463024389 crystal_1
0.32596563372007625 -0.342020143326 0.664463024389 0.664463024389 crystal_1
0.3238758799023129 -0.342020143326 0.813797681349 -0.469846310393 crystal_2
0.3238381352251338 -0.342020143326 0.813797681349 0.469846310393 crystal_2
0.32746253817200477 -0.342020143326 0.90767337119 -0.243210346802 crystal_2
0.32207828485631484 -0.342020143326 0.90767337119 0.243210346802 crystal_2
0.3285318753723758 -0.342020143326 0.939692620786 0.0 crystal_2
0.3265168936847691 -0.173648177667 -0.984807753012 0.0 crystal_2
0.3256402939288007 -0.173648177667 -0.951251242564 -0.254887002244 crystal_2
0.3245 -0.173648177667 -0.951251242564 0.254887002244 crystal_2
0.32169064748201437 -0.173648177667 -0.852868531952 -0.492403876506 crystal_2
0.3240777903455321 -0.173648177667 -0.852868531952 0.492403876506 crystal_2
0.32789758439381245 -0.173648177667 -0.69636424032 -0.69636424032 crystal_1
0.3292234560106956 -0.173648177667 -0.69636424032 0.69636424032 crystal_1
0.3256532519549876 -0.173648177667 -0.492403876506 -0.852868531952 crystal_1
0.32610852476532093 -0.173648177667 -0.492403876506 0.852868531952 crystal_1
0.3266753099424682 -0.173648177667 -0.254887002244 -0.951251242564 crystal_1
0.3231971153846154 -0.173648177667 -0.254887002244 0.951251242564 crystal_1
0.33134094562842653 -0.173648177667 -0.0 -0.984807753012 crystal_1
0.3287621652055015 -0.173648177667 2.588e-09 0.984807753012 crystal_1
0.32748894029790176 -0.173648177667 0.254887002244 -0.951251242564 crystal_1
0.3254552031834077 -0.173648177667 0.254887002244 0.951251242564 crystal_1
0.3261805876019074 -0.173648177667 0.492403876506 -0.852868531952 crystal_1
0.3253117396593673 -0.173648177667 0.492403876506 0.852868531952 crystal_1
0.3289011445623843 -0.173648177667 0.69636424032 -0.69636424032 crystal_1
0.32557269052253335 -0.173648177667 0.69636424032 0.69636424032 crystal_1
0.3209778324232452 -0.173648177667 0.852868531952 -0.492403876506 crystal_2
0.3251295806299612 -0.173648177667 0.852868531952 0.492403876506 crystal_2
0.32474117146504033 -0.173648177667 0.951251242564 -0.254887002244 crystal_2
0.32227003386004516 -0.173648177667 0.951251242564 0.254887002244 crystal_2
0.327159407021374 -0.173648177667 0.984807753012 0.0 crystal_2
0.3254183547648405 0.0 -1.0 0.0 crystal_2
0.3237649245728177 0.0 -0.965925826289 -0.258819045103 crystal_2
0.3270898493033836 0.0 -0.965925826289 0.258819045103 crystal_2
0.32372119982611225 0.0 -0.866025403784 -0.5 crystal_2
0.32313310206317336 0.0 -0.866025403784 0.5 crystal_2
0.32699244409006345 0.0 -0.707106781187 -0.707106781187 crystal_1
0.3258130459022487 0.0 -0.707106781187 0.707106781187 crystal_1
0.3258283772302464 0.0 -0.5 -0.866025403784 crystal_1
0.32348307266648735 0.0 -0.5 0.866025403784 crystal_1
0.32640937397574565 0.0 -0.258819045103 -0.965925826289 crystal_1
0.3281562105091518 0.0 -0.258819045103 0.965925826289 crystal_1
0.33077863840195676 0.0 0.0 -1.0 crystal_1
0.33077863840195676 0.0 0.0 1.0 crystal_1
0.3281562105091518 0.0 0.258819045103 -0.965925826289 crystal_1
0.32640937397574565 0.0 0.258819045103 0.965925826289 crystal_1
0.32348307266648735 0.0 0.5 -0.866025403784 crystal_1
0.3258283772302464 0.0 0.5 0.866025403784 crystal_1
0.3258130459022487 0.0 0.707106781187 -0.707106781187 crystal_1
0.32699244409006345 0.0 0.707106781187 0.707106781187 crystal_1
0.32313310206317336 0.0 0.866025403784 -0.5 crystal_2
0.32372119982611225 0.0 0.866025403784 0.5 crystal_2
0.3270898493033836 0.0 0.965925826289 -0.258819045103 crystal_2
0.3237649245728177 0.0 0.965925826289 0.258819045103 crystal_2
0.3254183547648405 0.0 1.0 0.0 crystal_2
0.327159407021374 0.173648177667 -0.984807753012 0.0 crystal_2
0.32227003386004516 0.173648177667 -0.951251242564 -0.254887002244 crystal_2
0.32474117146504033 0.173648177667 -0.951251242564 0.254887002244 crystal_2
0.3251295806299612 0.173648177667 -0.852868531952 -0.492403876506 crystal_2
0.3209778324232452 0.173648177667 -0.852868531952 0.492403876506 crystal_2
0.32557269052253335 0.173648177667 -0.69636424032 -0.69636424032 crystal_1
0.3289011445623843 0.173648177667 -0.69636424032 0.69636424032 crystal_1
0.3253117396593673 0.173648177667 -0.492403876506 -0.852868531952 crystal_1
0.3261805876019074 0.173648177667 -0.492403876506 0.852868531952 crystal_1
0.3254552031834077 0.173648177667 -0.254887002244 -0.951251242564 crystal_1
0.32748894029790176 0.173648177667 -0.254887002244 0.951251242564 crystal_1
0.3287621652055015 0.173648177667 -2.588e-09 -0.984807753012 crystal_1
0.33134094562842653 0.173648177667 0.0 0.984807753012 crystal_1
0.3231971153846154 0.173648177667 0.254887002244 -0.951251242564 crystal_1
0.3266753099424682 0.173648177667 0.254887002244 0.951251242564 crystal_1
0.32610852476532093 0.173648177667 0.492403876506 -0.852868531952 crystal_1
0.3256532519549876 0.173648177667 0.492403876506 0.852868531952 crystal_1
0.3292234560106956 0.173648177667 0.69636424032 -0.69636424032 crystal_1
0.32789758439381245 0.173648177667 0.69636424032 0.69636424032 crystal_1
0.3240777903455321 0.173648177667 0.852868531952 -0.492403876506 crystal_2
0.32169064748201437 0.173648177667 0.852868531952 0.492403876506 crystal_2
0.3245 0.173648177667 0.951251242564 -0.254887002244 crystal_2
0.3256402939288007 0.173648177667 0.951251242564 0.254887002244 crystal_2
0.3265168936847691 0.173648177667 0.984807753012 0.0 crystal_2
0.3285318753723758 0.342020143326 -0.939692620786 0.0 crystal_2
0.32207828485631484 0.342020143326 -0.90767337119 -0.243210346802 crystal_2
0.32746253817200477 0.342020143326 -0.90767337119 0.243210346802 crystal_2
0.3238381352251338 0.342020143326 -0.813797681349 -0.469846310393 crystal_2
0.3238758799023129 0.342020143326 -0.813797681349 0.469846310393 crystal_2
0.32596563372007625 0.342020143326 -0.664463024389 -0.664463024389 crystal_1
0.32919581734747605 0.342020143326 -0.664463024389 0.664463024389 crystal_1
0.32358949596998854 0.342020143326 -0.469846310393 -0.813797681349 crystal_1
0.32732571516220577 0.342020143326 -0.469846310393 0.813797681349 crystal_1
0.32436560150375937 0.342020143326 -0.243210346802 -0.90767337119 crystal_1
0.32826612903225805 0.342020143326 -0.243210346802 0.90767337119 crystal_1
0.3260206475832942 0.342020143326 0.0 -0.939692620786 crystal_1
0.3317985494254748 0.342020143326 0.0 0.939692620786 crystal_1
0.32626717195641874 0.342020143326 0.243210346802 -0.90767337119 crystal_1
0.32782380278844214 0.342020143326 0.243210346802 0.90767337119 crystal_1
0.3211143695014663 0.342020143326 0.469846310393 -0.813797681349 crystal_1
0.3242202250585303 0.342020143326 0.469846310393 0.813797681349 crystal_1
0.327293401313135 0.342020143326 0.664463024389 -0.664463024389 crystal_1
0.32817279713496983 0.342020143326 0.664463024389 0.664463024389 crystal_1
0.3238088278281205 0.342020143326 0.813797681349 -0.469846310393 crystal_2
0.32223620348732696 0.342020143326 0.813797681349 0.469846310393 crystal_2
0.3259275160101607 0.342020143326 0.90767337119 -0.243210346802 crystal_2
0.32631654315683956 0.342020143326 0.90767337119 0.243210346802 crystal_2
0.3262805844041542 0.342020143326 0.939692620786 0.0 crystal_2
0.3277002458704159 0.5 -0.866025403784 0.0 crystal_2
0.3251008421201613 0.5 -0.836516303738 -0.224143868042 crystal_2
0.32854468207676246 0.5 -0.836516303738 0.224143868042 crystal_2
0.32414835066009573 0.5 -0.75 -0.433012701892 crystal_2
0.323357327754335 0.5 -0.75 0.433012701892 crystal_2
0.3272569444444444 0.5 -0.612372435696 -0.612372435696 crystal_1
0.3306179879290554 0.5 -0.612372435696 0.612372435696 crystal_1
0.3218428302160359 0.5 -0.433012701892 -0.75 crystal_1
0.3254500663255637 0.5 -0.433012701892 0.75 crystal_1
0.3239582137527265 0.5 -0.224143868042 -0.836516303738 crystal_1
0.3298769145525784 0.5 -0.224143868042 0.836516303738 crystal_1
0.3274831681670324 0.5 -7.451e-09 -0.866025403784 crystal_1
0.33092457325885705 0.5 0.0 0.866025403784 crystal_1
0.3199344037222075 0.5 0.224143868042 -0.836516303738 crystal_1
0.32540739580068945 0.5 0.224143868042 0.836516303738 crystal_1
0.3238897396630934 0.5 0.433012701892 -0.75 crystal_1
0.3251368168528376 0.5 0.433012701892 0.75 crystal_1
0.32972601252307354 0.5 0.612372435696 -0.612372435696 crystal_1
0.33052639388656013 0.5 0.612372435696 0.612372435696 crystal_1
0.32474617913791237 0.5 0.75 -0.433012701892 crystal_2
0.32389948315808226 0.5 0.75 0.433012701892 crystal_2
0.32801166263689374 0.5 0.836516303738 -0.224143868042 crystal_2
0.32821572329284376 0.5 0.836516303738 0.224143868042 crystal_2
0.32692036645525024 0.5 0.866025403784 0.0 crystal_2
0.329859537834164 0.642787609687 -0.766044443119 0.0 crystal_2
0.32784431137724546 0.642787609687 -0.739942111694 -0.198266891274 crystal_2
0.3264177527298344 0.642787609687 -0.739942111694 0.198266891274 crystal_2
0.3273714468221015 0.642787609687 -0.663413948169 -0.383022221559 crystal_2
0.32429082409604426 0.642787609687 -0.663413948169 0.383022221559 crystal_2
0.3277289836888331 0.642787609687 -0.54167522042 -0.54167522042 crystal_1
0.3325597418138303 0.642787609687 -0.54167522042 0.54167522042 crystal_1
0.3222647174464739 0.642787609687 -0.383022221559 -0.663413948169 crystal_1
0.32648050425095276 0.642787609687 -0.383022221559 0.663413948169 crystal_1
0.3213059674238551 0.642787609687 -0.198266891274 -0.739942111694 crystal_1
0.32813155786180315 0.642787609687 -0.198266891274 0.739942111694 crystal_1
0.32540974709649406 0.642787609687 0.0 -0.766044443119 crystal_1
0.3312039312039312 0.642787609687 9.578e-09 0.766044443119 crystal_1
0.3200455580865603 0.642787609687 0.198266891274 -0.739942111694 crystal_1
0.32829029689455125 0.642787609687 0.198266891274 0.739942111694 crystal_1
0.32296290992410137 0.642787609687 0.383022221559 -0.663413948169 crystal_1
0.32758432485536515 0.642787609687 0.383022221559 0.663413948169 crystal_1
0.3288656884875846 0.642787609687 0.54167522042 -0.54167522042 crystal_1
0.3306177130856688 0.642787609687 0.54167522042 0.54167522042 crystal_1
0.32626276958002265 0.642787609687 0.663413948169 -0.383022221559 crystal_2
0.3260116015846066 0.642787609687 0.663413948169 0.383022221559 crystal_2
0.32820857982925367 0.642787609687 0.739942111694 -0.198266891274 crystal_2
0.3297255234861347 0.642787609687 0.739942111694 0.198266891274 crystal_2
0.3293319415448852 0.642787609687 0.766044443119 0.0 crystal_2
0.3325961963732861 0.766044443119 -0.642787609687 0.0 crystal_2
0.3306750806144032 0.766044443119 -0.620885153015 -0.166365675343 crystal_2
0.33084942625244895 0.766044443119 -0.620885153015 0.166365675343 crystal_2
0.3292320746711922 0.766044443119 -0.556670399226 -0.321393804843 crystal_2
0.32620451453092836 0.766044443119 -0.556670399226 0.321393804843 crystal_2
0.3300712987557668 0.766044443119 -0.454519477672 -0.454519477672 crystal_1
0.33268694291351975 0.766044443119 -0.454519477672 0.454519477672 crystal_1
0.3266384408131845 0.766044443119 -0.321393804843 -0.556670399226 crystal_1
0.33011231038506417 0.766044443119 -0.321393804843 0.556670399226 crystal_1
0.3239167374681394 0.766044443119 -0.166365675343 -0.620885153015 crystal_1
0.3295320487613055 0.766044443119 -0.166365675343 0.620885153015 crystal_1
0.32648877893620776 0.766044443119 -1.1415e-08 -0.642787609687 crystal_1
0.33181283632087233 0.766044443119 0.0 0.642787609687 crystal_1
0.32411461114077234 0.766044443119 0.166365675343 -0.620885153015 crystal_1
0.32922407541696874 0.766044443119 0.166365675343 0.620885153015 crystal_1
0.3258486190174995 0.766044443119 0.321393804843 -0.556670399226 crystal_1
0.332560078292073 0.766044443119 0.321393804843 0.556670399226 crystal_1
0.33043779200553725 0.766044443119 0.454519477672 -0.454519477672 crystal_1
0.3313354689814336 0.766044443119 0.454519477672 0.454519477672 crystal_1
0.32997418761712816 0.766044443119 0.556670399226 -0.321393804843 crystal_2
0.33215683533687446 0.766044443119 0.556670399226 0.321393804843 crystal_2
0.3300158960536319 0.766044443119 0.620885153015 -0.166365675343 crystal_2
0.3328564449717357 0.766044443119 0.620885153015 0.166365675343 crystal_2
0.33297246092428445 0.766044443119 0.642787609687 0.0 crystal_2
0.3380191043967211 0.866025403784 -0.5 0.0 crystal_2
0.3317386550027338 0.866025403784 -0.482962913145 -0.129409522551 crystal_2
0.3309559731175421 0.866025403784 -0.482962913145 0.129409522551 crystal_2
0.3340562473765216 0.866025403784 -0.433012701892 -0.25 crystal_2
0.3291195614936623 0.866025403784 -0.433012701892 0.25 crystal_2
0.3309352517985612 0.866025403784 -0.353553390593 -0.353553390593 crystal_1
0.3375245972717874 0.866025403784 -0.353553390593 0.353553390593 crystal_1
0.33030148185998986 0.866025403784 -0.25 -0.433012701892 crystal_1
0.33402047447678274 0.866025403784 -0.25 0.433012701892 crystal_1
0.32628314575420747 0.866025403784 -0.129409522551 -0.482962913145 crystal_1
0.3298670890434543 0.866025403784 -0.129409522551 0.482962913145 crystal_1
0.33594508389959776 0.866025403784 -1.2905e-08 0.5 crystal_1
0.329677838133306 0.866025403784 0.0 -0.5 crystal_1
0.3243354626004533 0.866025403784 0.129409522551 -0.482962913145 crystal_1
0.33057360441556627 0.866025403784 0.129409522551 0.482962913145 crystal_1
0.3293525869148646 0.866025403784 0.25 -0.433012701892 crystal_1
0.332671127840513 0.866025403784 0.25 0.433012701892 crystal_1
0.33488686254643696 0.866025403784 0.353553390593 -0.353553390593 crystal_1
0.335970661142993 0.866025403784 0.353553390593 0.353553390593 crystal_1
0.3327502973483524 0.866025403784 0.433012701892 -0.25 crystal_2
0.3359748647233375 0.866025403784 0.433012701892 0.25 crystal_2
0.33100257069408745 0.866025403784 0.482962913145 -0.129409522551 crystal_2
0.33431426225020533 0.866025403784 0.482962913145 0.129409522551 crystal_2
0.3385725415805698 0.866025403784 0.5 0.0 crystal_2
0.33830154805054036 0.939692620786 -0.342020143326 0.0 crystal_2
0.3329797789714989 0.939692620786 -0.330366089549 -0.088521326901 crystal_2
0.3375325208818293 0.939692620786 -0.330366089549 0.088521326901 crystal_2
0.3356422532341856 0.939692620786 -0.296198132726 -0.171010071663 crystal_2
0.3315802055940713 0.939692620786 -0.296198132726 0.171010071663 crystal_2
0.3339343550702861 0.939692620786 -0.241844762648 -0.241844762648 crystal_1
0.3404527139908934 0.939692620786 -0.241844762648 0.241844762648 crystal_1
0.33371664355531505 0.939692620786 -0.171010071663 -0.296198132726 crystal_1
0.33872343328898435 0.939692620786 -0.171010071663 0.296198132726 crystal_1
0.3336829994585815 0.939692620786 -0.088521326901 -0.330366089549 crystal_1
0.3388711036225779 0.939692620786 -0.088521326901 0.330366089549 crystal_1
0.33753650119458456 0.939692620786 0.0 -0.342020143326 crystal_1
0.33922941625460457 0.939692620786 0.0 0.342020143326 crystal_1
0.3329327324319813 0.939692620786 0.088521326901 -0.330366089549 crystal_1
0.3372073380857462 0.939692620786 0.088521326901 0.330366089549 crystal_1
0.3351412883353422 0.939692620786 0.171010071663 -0.296198132726 crystal_1
0.3386093258580609 0.939692620786 0.171010071663 0.296198132726 crystal_1
0.33605036447978787 0.939692620786 0.241844762648 -0.241844762648 crystal_1
0.34034833091436867 0.939692620786 0.241844762648 0.241844762648 crystal_1
0.33411134756641736 0.939692620786 0.296198132726 -0.171010071663 crystal_2
0.33538104501552846 0.939692620786 0.296198132726 0.171010071663 crystal_2
0.33451969358009626 0.939692620786 0.330366089549 -0.088521326901 crystal_2
0.33696060037523456 0.939692620786 0.330366089549 0.088521326901 crystal_2
0.3401992911121514 0.939692620786 0.342020143326 0.0 crystal_2
0.3433418607782416 0.984807753012 -0.173648177667 0.0 crystal_2
0.3371525423728814 0.984807753012 -0.167731259497 -0.044943455528 crystal_2
0.3391480730223124 0.984807753012 -0.167731259497 0.044943455528 crystal_2
0.3401039366869332 0.984807753012 -0.15038373318 -0.086824088833 crystal_2
0.3392349356804334 0.984807753012 -0.15038373318 0.086824088833 crystal_2
0.3402112908550676 0.984807753012 -0.122787803969 -0.122787803969 crystal_1
0.3446924297884746 0.984807753012 -0.122787803969 0.122787803969 crystal_1
0.3412844036697248 0.984807753012 -0.086824088833 -0.15038373318 crystal_1
0.34042763483016514 0.984807753012 -0.086824088833 0.15038373318 crystal_1
0.33924977730856776 0.984807753012 -0.044943455528 -0.167731259497 crystal_1
0.3415792598456363 0.984807753012 -0.044943455528 0.167731259497 crystal_1
0.34302173343807274 0.984807753012 0.0 -0.173648177667 crystal_1
0.34480743001883496 0.984807753012 0.0 0.173648177667 crystal_1
0.33944685148385845 0.984807753012 0.044943455528 -0.167731259497 crystal_1
0.34190934246936355 0.984807753012 0.044943455528 0.167731259497 crystal_1
0.3403119200338619 0.984807753012 0.086824088833 -0.15038373318 crystal_1
0.34648662821185106 0.984807753012 0.086824088833 0.15038373318 crystal_1
0.3425961912164789 0.984807753012 0.122787803969 -0.122787803969 crystal_1
0.3432333529373326 0.984807753012 0.122787803969 0.122787803969 crystal_1
0.3407813617630029 0.984807753012 0.15038373318 -0.086824088833 crystal_2
0.3414974317107189 0.984807753012 0.15038373318 0.086824088833 crystal_2
0.3388792179967862 0.984807753012 0.167731259497 -0.044943455528 crystal_2
0.34094605584169146 0.984807753012 0.167731259497 0.044943455528 crystal_2
0.3437916777807416 0.984807753012 0.173648177667 0.0 crystal_2
0.3435116960005149 1.0 0.0 0.0 crystal_1
