0.39055363707251867 0.0439 -1.0 0.0 0.0 2.83 0.0006 crystal_1
0.38878822197055496 0.0439 -0.984807753012 -0.173648177667 0.0 2.83 0.0183 crystal_2
0.3887557202004793 0.0439 -0.984807753012 -0.167731259497 -0.044943455528 2.83 0.019 crystal_2
0.38586779550634975 0.0439 -0.984807753012 -0.167731259497 0.044943455528 2.83 0.0191 crystal_2
0.38986883763003166 0.0439 -0.984807753012 -0.15038373318 -0.086824088833 2.83 0.0183 crystal_2
0.38554349018317424 0.0439 -0.984807753012 -0.15038373318 0.086824088833 2.83 0.0189 crystal_2
0.39375000000000004 0.0439 -0.984807753012 -0.122787803969 -0.122787803969 2.83 0.0006 crystal_1
0.3883344422266578 0.0439 -0.984807753012 -0.122787803969 0.122787803969 2.83 0.0006 crystal_1
0.39184673646691914 0.0439 -0.984807753012 -0.086824088833 -0.15038373318 2.83 0.0006 crystal_1
0.3851674641148325 0.0439 -0.984807753012 -0.086824088833 0.15038373318 2.83 0.0006 crystal_1
0.3939020289205246 0.0439 -0.984807753012 -0.044943455528 -0.167731259497 2.83 0.0006 crystal_1
0.38905605706006907 0.0439 -0.984807753012 -0.044943455528 0.167731259497 2.83 0.0006 crystal_1
0.3907132158082728 0.0439 -0.984807753012 0.0 -0.173648177667 2.83 0.0006 crystal_1
0.38688085676037487 0.0439 -0.984807753012 0.0 0.173648177667 2.83 0.0006 crystal_1
0.38905639307649353 0.0439 -0.984807753012 0.044943455528 -0.167731259497 2.83 0.0006 crystal_1
0.3895484300454898 0.0439 -0.984807753012 0.044943455528 0.167731259497 2.83 0.0006 crystal_1
0.3914440873323728 0.0439 -0.984807753012 0.086824088833 -0.15038373318 2.83 0.0006 crystal_1
0.39032873331089424 0.0439 -0.984807753012 0.086824088833 0.15038373318 2.83 0.0006 crystal_1
0.38936591809775434 0.0439 -0.984807753012 0.122787803969 -0.122787803969 2.83 0.0006 crystal_1
0.3888573697946216 0.0439 -0.984807753012 0.122787803969 0.122787803969 2.83 0.0006 crystal_1
0.3888579387186629 0.0439 -0.984807753012 0.15038373318 -0.086824088833 2.83 0.0186 crystal_2
0.38800803930326033 0.0439 -0.984807753012 0.15038373318 0.086824088833 2.83 0.0185 crystal_2
0.38643991944506606 0.0439 -0.984807753012 0.167731259497 -0.044943455528 2.83 0.0185 crystal_2
0.38854693339195434 0.0439 -0.984807753012 0.167731259497 0.044943455528 2.83 0.0188 crystal_2
0.3866711022399645 0.0439 -0.984807753012 0.173648177667 0.0 2.83 0.0187 crystal_2
0.38465021507810737 0.0439 -0.939692620786 -0.342020143326 0.0 2.83 0.0183 crystal_2
0.38475356461210286 0.0439 -0.939692620786 -0.330366089549 -0.088521326901 2.83 0.0184 crystal_2
0.38520632133450394 0.0439 -0.939692620786 -0.330366089549 0.088521326901 2.83 0.0188 crystal_2
0.38732794903878975 0.0439 -0.939692620786 -0.296198132726 -0.171010071663 2.83 0.0182 crystal_2
0.38471849865951746 0.0439 -0.939692620786 -0.296198132726 0.171010071663 2.83 0.0185 crystal_2
0.3879632777966677 0.0439 -0.939692620786 -0.241844762648 -0.241844762648 2.83 0.0006 crystal_1
0.3864827900615454 0.0439 -0.939692620786 -0.241844762648 0.241844762648 2.83 0.0006 crystal_1
0.38922972051806415 0.0439 -0.939692620786 -0.171010071663 -0.296198132726 2.83 0.0006 crystal_1
0.3848232380094573 0.0439 -0.939692620786 -0.171010071663 0.296198132726 2.83 0.0006 crystal_1
0.38730010505427803 0.0439 -0.939692620786 -0.088521326901 -0.330366089549 2.83 0.0006 crystal_1
0.3812599138907773 0.0439 -0.939692620786 -0.088521326901 0.330366089549 2.83 0.0006 crystal_1
0.38598130841121503 0.0439 -0.939692620786 0.0 -0.342020143326 2.83 0.0006 crystal_1
0.3793710396620511 0.0439 -0.939692620786 0.0 0.342020143326 2.83 0.0006 crystal_1
0.38675601999091314 0.0439 -0.939692620786 0.088521326901 -0.330366089549 2.83 0.0006 crystal_1
0.38389428506889545 0.0439 -0.939692620786 0.088521326901 0.330366089549 2.83 0.0006 crystal_1
0.38779009946267295 0.0439 -0.939692620786 0.171010071663 -0.296198132726 2.83 0.0006 crystal_1
0.3847489007174265 0.0439 -0.939692620786 0.171010071663 0.296198132726 2.83 0.0006 crystal_1
0.38760480398821673 0.0439 -0.939692620786 0.241844762648 -0.241844762648 2.83 0.0006 crystal_1
0.3874303898170246 0.0439 -0.939692620786 0.241844762648 0.241844762648 2.83 0.0006 crystal_1
0.3851851851851853 0.0439 -0.939692620786 0.296198132726 -0.171010071663 2.83 0.0184 crystal_2
0.3838117106773824 0.0439 -0.939692620786 0.296198132726 0.171010071663 2.83 0.018 crystal_2
0.38535453943008613 0.0439 -0.939692620786 0.330366089549 -0.088521326901 2.83 0.0187 crystal_2
0.38727232341181694 0.0439 -0.939692620786 0.330366089549 0.088521326901 2.83 0.0186 crystal_2
0.38744637615714617 0.0439 -0.939692620786 0.342020143326 0.0 2.83 0.0183 crystal_2
0.38479157123224916 0.0439 -0.866025403784 -0.353553390593 0.353553390593 2.83 0.0006 crystal_1
0.38026516484805817 0.0439 -0.866025403784 -0.25 0.433012701892 2.83 0.0006 crystal_1
0.3786913723219456 0.0439 -0.866025403784 -0.129409522551 0.482962913145 2.83 0.0006 crystal_1
0.3792605082500302 0.0439 -0.866025403784 0.0 0.5 2.83 0.0006 crystal_1
0.38042835167435807 0.0439 -0.866025403784 0.129409522551 0.482962913145 2.83 0.0006 crystal_1
0.3818053264199859 0.0439 -0.866025403784 0.25 0.433012701892 2.83 0.0006 crystal_1
0.3838630806845966 0.0439 -0.866025403784 0.353553390593 0.353553390593 2.83 0.0006 crystal_1
0.38458848216367447 0.0439 -0.866025403784 0.433012701892 -0.25 2.83 0.0178 crystal_2
0.3837758775877589 0.0439 -0.866025403784 0.433012701892 0.25 2.83 0.0184 crystal_2
0.3862275449101795 0.0439 -0.866025403784 0.482962913145 -0.129409522551 2.83 0.018 crystal_2
0.3835797837122048 0.0439 -0.866025403784 0.482962913145 0.129409522551 2.83 0.0187 crystal_2
0.38589540412044376 0.0439 -0.866025403784 0.5 0.0 2.83 0.0183 crystal_2
0.38393263541192535 0.0439 -0.766044443119 -0.642787609687 0.0 2.83 0.0182 crystal_2
0.3840224246671339 0.0439 -0.766044443119 -0.620885153015 -0.166365675343 2.83 0.0177 crystal_2
0.3840055153395381 0.0439 -0.766044443119 -0.620885153015 0.166365675343 2.83 0.018 crystal_2
0.3834394904458599 0.0439 -0.766044443119 -0.556670399226 -0.321393804843 2.83 0.0179 crystal_2
0.37969968571761137 0.0439 -0.766044443119 -0.556670399226 0.321393804843 2.83 0.0178 crystal_2
0.3839253242817311 0.0439 -0.766044443119 -0.454519477672 -0.454519477672 2.83 0.0006 crystal_1
0.38196874271052017 0.0439 -0.766044443119 -0.454519477672 0.454519477672 2.83 0.0006 crystal_1
0.380517503805175 0.0439 -0.766044443119 -0.321393804843 -0.556670399226 2.83 0.0007 crystal_1
0.37963627662120125 0.0439 -0.766044443119 -0.321393804843 0.556670399226 2.83 0.0006 crystal_1
0.38309823992010994 0.0439 -0.766044443119 -0.166365675343 -0.620885153015 2.83 0.0007 crystal_1
0.377925165811538 0.0439 -0.766044443119 -0.166365675343 0.620885153015 2.83 0.0007 crystal_1
0.37893917779795094 0.0439 -0.766044443119 -0.0 -0.642787609687 2.83 0.0007 crystal_1
0.3760060362173039 0.0439 -0.766044443119 1.1415e-08 0.642787609687 2.83 0.0007 crystal_1
0.3826387113270263 0.0439 -0.766044443119 0.166365675343 -0.620885153015 2.83 0.0007 crystal_1
0.3760756271967034 0.0439 -0.766044443119 0.166365675343 0.620885153015 2.83 0.0007 crystal_1
0.38393413995260073 0.0439 -0.766044443119 0.321393804843 -0.556670399226 2.83 0.0007 crystal_1
0.3773193359375 0.0439 -0.766044443119 0.321393804843 0.556670399226 2.83 0.0007 crystal_1
0.38565022421524653 0.0439 -0.766044443119 0.454519477672 -0.454519477672 2.83 0.0006 crystal_1
0.38241626794258377 0.0439 -0.766044443119 0.454519477672 0.454519477672 2.83 0.0006 crystal_1
0.3828523928274551 0.0439 -0.766044443119 0.556670399226 -0.321393804843 2.83 0.0174 crystal_2
0.3799792171804641 0.0439 -0.766044443119 0.556670399226 0.321393804843 2.83 0.0179 crystal_2
0.38119953863898504 0.0439 -0.766044443119 0.620885153015 -0.166365675343 2.83 0.0179 crystal_2
0.383003092429275 0.0439 -0.766044443119 0.620885153015 0.166365675343 2.83 0.0181 crystal_2
0.38817068985241954 0.0439 -0.766044443119 0.642787609687 0.0 2.83 0.0181 crystal_2
0.3810390871570769 0.0439 -0.642787609687 -0.54167522042 0.54167522042 2.83 0.0007 crystal_1
0.3781859070464768 0.0439 -0.642787609687 -0.383022221559 0.663413948169 2.83 0.0007 crystal_1
0.37717405103465784 0.0439 -0.642787609687 -0.198266891274 0.739942111694 2.83 0.0007 crystal_1
0.3775761503564484 0.0439 -0.642787609687 0.0 0.766044443119 2.83 0.0007 crystal_1
0.3795387947509238 0.0439 -0.642787609687 0.198266891274 0.739942111694 2.83 0.0007 crystal_1
0.3784090909090909 0.0439 -0.642787609687 0.383022221559 0.663413948169 2.83 0.0007 crystal_1
0.38063035865233663 0.0439 -0.642787609687 0.54167522042 0.54167522042 2.83 0.0006 crystal_1
0.3830340264650284 0.0439 -0.642787609687 0.663413948169 -0.383022221559 2.83 0.0175 crystal_2
0.3788719371243643 0.0439 -0.642787609687 0.663413948169 0.383022221559 2.83 0.0179 crystal_2
0.3825674267855076 0.0439 -0.642787609687 0.739942111694 -0.198266891274 2.83 0.0179 crystal_2
0.3810017271157168 0.0439 -0.642787609687 0.739942111694 0.198266891274 2.83 0.018 crystal_2
0.3812564131797971 0.0439 -0.642787609687 0.766044443119 0.0 2.83 0.0181 crystal_2
0.38261273826127384 0.0439 -0.5 -0.866025403784 0.0 2.83 0.0178 crystal_2
0.3831252188119968 0.0439 -0.5 -0.836516303738 -0.224143868042 2.83 0.0177 crystal_2
0.3812129502963977 0.0439 -0.5 -0.836516303738 0.224143868042 2.83 0.0181 crystal_2
0.3802133850630456 0.0439 -0.5 -0.75 -0.433012701892 2.83 0.0171 crystal_2
0.3786547948501985 0.0439 -0.5 -0.75 0.433012701892 2.83 0.0172 crystal_2
0.3846651988084445 0.0439 -0.5 -0.612372435696 -0.612372435696 2.83 0.0007 crystal_1
0.3798317278380685 0.0439 -0.5 -0.612372435696 0.612372435696 2.83 0.0007 crystal_1
0.3827581682193938 0.0439 -0.5 -0.433012701892 -0.75 2.83 0.0007 crystal_1
0.3796812232732928 0.0439 -0.5 -0.433012701892 0.75 2.83 0.0007 crystal_1
0.38188105117565696 0.0439 -0.5 -0.224143868042 -0.836516303738 2.83 0.0007 crystal_1
0.37570436377932115 0.0439 -0.5 -0.224143868042 0.836516303738 2.83 0.0007 crystal_1
0.38260383163193956 0.0439 -0.5 -0.0 -0.866025403784 2.83 0.0007 crystal_1
0.38015637638177413 0.0439 -0.5 7.451e-09 0.866025403784 2.83 0.0007 crystal_1
0.38128491620111726 0.0439 -0.5 0.224143868042 -0.836516303738 2.83 0.0007 crystal_1
0.37671232876712335 0.0439 -0.5 0.224143868042 0.836516303738 2.83 0.0007 crystal_1
0.38401611820013437 0.0439 -0.5 0.433012701892 -0.75 2.83 0.0007 crystal_1
0.3806460084033614 0.0439 -0.5 0.433012701892 0.75 2.83 0.0007 crystal_1
0.3855937702790395 0.0439 -0.5 0.612372435696 -0.612372435696 2.83 0.0007 crystal_1
0.38073739653875094 0.0439 -0.5 0.612372435696 0.612372435696 2.83 0.0007 crystal_1
0.3808086904043452 0.0439 -0.5 0.75 -0.433012701892 2.83 0.0171 crystal_2
0.379409302881741 0.0439 -0.5 0.75 0.433012701892 2.83 0.0173 crystal_2
0.3787344154316631 0.0439 -0.5 0.836516303738 -0.224143868042 2.83 0.0176 crystal_2
0.3797901459854015 0.0439 -0.5 0.836516303738 0.224143868042 2.83 0.0181 crystal_2
0.3824714960267188 0.0439 -0.5 0.866025403784 0.0 2.83 0.018 crystal_2
0.37703240477544053 0.0439 -0.173648177667 -0.984807753012 0.0 2.83 0.0182 crystal_2
0.3809914449783194 0.0439 -0.173648177667 -0.951251242564 -0.254887002244 2.83 0.0177 crystal_2
0.38177976050716134 0.0439 -0.173648177667 -0.951251242564 0.254887002244 2.83 0.0176 crystal_2
0.38282865134379185 0.0439 -0.173648177667 -0.852868531952 -0.492403876506 2.83 0.017 crystal_2
0.38234937568190086 0.0439 -0.173648177667 -0.852868531952 0.492403876506 2.83 0.0171 crystal_2
0.3848559885312134 0.0439 -0.173648177667 -0.69636424032 -0.69636424032 2.83 0.0007 crystal_1
0.3831328418057173 0.0439 -0.173648177667 -0.69636424032 0.69636424032 2.83 0.0007 crystal_1
0.38619737750172534 0.0439 -0.173648177667 -0.492403876506 -0.852868531952 2.83 0.0007 crystal_1
0.3826592722845935 0.0439 -0.173648177667 -0.492403876506 0.852868531952 2.83 0.0007 crystal_1
0.3851702250432776 0.0439 -0.173648177667 -0.254887002244 -0.951251242564 2.83 0.0008 crystal_1
0.3815152378239818 0.0439 -0.173648177667 -0.254887002244 0.951251242564 2.83 0.0008 crystal_1
0.3846485554118154 0.0439 -0.173648177667 -0.0 -0.984807753012 2.83 0.0008 crystal_1
0.38309738309738317 0.0439 -0.173648177667 2.588e-09 0.984807753012 2.83 0.0008 crystal_1
0.3852095551423259 0.0439 -0.173648177667 0.254887002244 -0.951251242564 2.83 0.0008 crystal_1
0.38491840180078785 0.0439 -0.173648177667 0.254887002244 0.951251242564 2.83 0.0007 crystal_1
0.38511371467953137 0.0439 -0.173648177667 0.492403876506 -0.852868531952 2.83 0.0007 crystal_1
0.38183041722745625 0.0439 -0.173648177667 0.492403876506 0.852868531952 2.83 0.0007 crystal_1
0.38492791612057664 0.0439 -0.173648177667 0.69636424032 -0.69636424032 2.83 0.0007 crystal_1
0.38321405335068315 0.0439 -0.173648177667 0.69636424032 0.69636424032 2.83 0.0007 crystal_1
0.3822370041882237 0.0439 -0.173648177667 0.852868531952 -0.492403876506 2.83 0.0168 crystal_2
0.380554546555273 0.0439 -0.173648177667 0.852868531952 0.492403876506 2.83 0.0171 crystal_2
0.37983600877699497 0.0439 -0.173648177667 0.951251242564 -0.254887002244 2.83 0.0179 crystal_2
0.38075067655018235 0.0439 -0.173648177667 0.951251242564 0.254887002244 2.83 0.0176 crystal_2
0.38032824253476183 0.0439 -0.173648177667 0.984807753012 0.0 2.83 0.0182 crystal_2
0.38032824253476183 0.0439 0.173648177667 -0.984807753012 0.0 2.83 0.0182 crystal_2
0.38075067655018235 0.0439 0.173648177667 -0.951251242564 -0.254887002244 2.83 0.0176 crystal_2
0.37983600877699497 0.0439 0.173648177667 -0.951251242564 0.254887002244 2.83 0.0179 crystal_2
0.380554546555273 0.0439 0.173648177667 -0.852868531952 -0.492403876506 2.83 0.0171 crystal_2
0.3822370041882237 0.0439 0.173648177667 -0.852868531952 0.492403876506 2.83 0.0168 crystal_2
0.38321405335068315 0.0439 0.173648177667 -0.69636424032 -0.69636424032 2.83 0.0007 crystal_1
0.38492791612057664 0.0439 0.173648177667 -0.69636424032 0.69636424032 2.83 0.0007 crystal_1
0.38183041722745625 0.0439 0.173648177667 -0.492403876506 -0.852868531952 2.83 0.0007 crystal_1
0.38511371467953137 0.0439 0.173648177667 -0.492403876506 0.852868531952 2.83 0.0007 crystal_1
0.38491840180078785 0.0439 0.173648177667 -0.254887002244 -0.951251242564 2.83 0.0007 crystal_1
0.3852095551423259 0.0439 0.173648177667 -0.254887002244 0.951251242564 2.83 0.0008 crystal_1
0.38309738309738317 0.0439 0.173648177667 -2.588e-09 -0.984807753012 2.83 0.0008 crystal_1
0.3846485554118154 0.0439 0.173648177667 0.0 0.984807753012 2.83 0.0008 crystal_1
0.3815152378239818 0.0439 0.173648177667 0.254887002244 -0.951251242564 2.83 0.0008 crystal_1
0.3851702250432776 0.0439 0.173648177667 0.254887002244 0.951251242564 2.83 0.0008 crystal_1
0.3826592722845935 0.0439 0.173648177667 0.492403876506 -0.852868531952 2.83 0.0007 crystal_1
0.38619737750172534 0.0439 0.173648177667 0.492403876506 0.852868531952 2.83 0.0007 crystal_1
0.3831328418057173 0.0439 0.173648177667 0.69636424032 -0.69636424032 2.83 0.0007 crystal_1
0.3848559885312134 0.0439 0.173648177667 0.69636424032 0.69636424032 2.83 0.0007 crystal_1
0.38234937568190086 0.0439 0.173648177667 0.852868531952 -0.492403876506 2.83 0.0171 crystal_2
0.38282865134379185 0.0439 0.173648177667 0.852868531952 0.492403876506 2.83 0.017 crystal_2
0.38177976050716134 0.0439 0.173648177667 0.951251242564 -0.254887002244 2.83 0.0176 crystal_2
0.3809914449783194 0.0439 0.173648177667 0.951251242564 0.254887002244 2.83 0.0177 crystal_2
0.37703240477544053 0.0439 0.173648177667 0.984807753012 0.0 2.83 0.0182 crystal_2
0.3824714960267188 0.0439 0.5 -0.866025403784 0.0 2.83 0.018 crystal_2
0.3797901459854015 0.0439 0.5 -0.836516303738 -0.224143868042 2.83 0.0181 crystal_2
0.3787344154316631 0.0439 0.5 -0.836516303738 0.224143868042 2.83 0.0176 crystal_2
0.379409302881741 0.0439 0.5 -0.75 -0.433012701892 2.83 0.0173 crystal_2
0.3808086904043452 0.0439 0.5 -0.75 0.433012701892 2.83 0.0171 crystal_2
0.38073739653875094 0.0439 0.5 -0.612372435696 -0.612372435696 2.83 0.0007 crystal_1
0.3855937702790395 0.0439 0.5 -0.612372435696 0.612372435696 2.83 0.0007 crystal_1
0.3806460084033614 0.0439 0.5 -0.433012701892 -0.75 2.83 0.0007 crystal_1
0.38401611820013437 0.0439 0.5 -0.433012701892 0.75 2.83 0.0007 crystal_1
0.37671232876712335 0.0439 0.5 -0.224143868042 -0.836516303738 2.83 0.0007 crystal_1
0.38128491620111726 0.0439 0.5 -0.224143868042 0.836516303738 2.83 0.0007 crystal_1
0.38015637638177413 0.0439 0.5 -7.451e-09 -0.866025403784 2.83 0.0007 crystal_1
0.38260383163193956 0.0439 0.5 0.0 0.866025403784 2.83 0.0007 crystal_1
0.37570436377932115 0.0439 0.5 0.224143868042 -0.836516303738 2.83 0.0007 crystal_1
0.38188105117565696 0.0439 0.5 0.224143868042 0.836516303738 2.83 0.0007 crystal_1
0.3796812232732928 0.0439 0.5 0.433012701892 -0.75 2.83 0.0007 crystal_1
0.3827581682193938 0.0439 0.5 0.433012701892 0.75 2.83 0.0007 crystal_1
0.3798317278380685 0.0439 0.5 0.612372435696 -0.612372435696 2.83 0.0007 crystal_1
0.3846651988084445 0.0439 0.5 0.612372435696 0.612372435696 2.83 0.0007 crystal_1
0.3786547948501985 0.0439 0.5 0.75 -0.433012701892 2.83 0.0172 crystal_2
0.3802133850630456 0.0439 0.5 0.75 0.433012701892 2.83 0.0171 crystal_2
0.3812129502963977 0.0439 0.5 0.836516303738 -0.224143868042 2.83 0.0181 crystal_2
0.3831252188119968 0.0439 0.5 0.836516303738 0.224143868042 2.83 0.0177 crystal_2
0.38261273826127384 0.0439 0.5 0.866025403784 0.0 2.83 0.0178 crystal_2
0.3812564131797971 0.0439 0.642787609687 -0.766044443119 0.0 2.83 0.0181 crystal_2
0.3810017271157168 0.0439 0.642787609687 -0.739942111694 -0.198266891274 2.83 0.018 crystal_2
0.3825674267855076 0.0439 0.642787609687 -0.739942111694 0.198266891274 2.83 0.0179 crystal_2
0.3788719371243643 0.0439 0.642787609687 -0.663413948169 -0.383022221559 2.83 0.0179 crystal_2
0.3830340264650284 0.0439 0.642787609687 -0.663413948169 0.383022221559 2.83 0.0175 crystal_2
0.38063035865233663 0.0439 0.642787609687 -0.54167522042 -0.54167522042 2.83 0.0006 crystal_1
0.3784090909090909 0.0439 0.642787609687 -0.383022221559 -0.663413948169 2.83 0.0007 crystal_1
0.3795387947509238 0.0439 0.642787609687 -0.198266891274 -0.739942111694 2.83 0.0007 crystal_1
0.3775761503564484 0.0439 0.642787609687 0.0 -0.766044443119 2.83 0.0007 crystal_1
0.37717405103465784 0.0439 0.642787609687 0.198266891274 -0.739942111694 2.83 0.0007 crystal_1
0.3781859070464768 0.0439 0.642787609687 0.383022221559 -0.663413948169 2.83 0.0007 crystal_1
0.3810390871570769 0.0439 0.642787609687 0.54167522042 -0.54167522042 2.83 0.0007 crystal_1
0.38817068985241954 0.0439 0.766044443119 -0.642787609687 0.0 2.83 0.0181 crystal_2
0.383003092429275 0.0439 0.766044443119 -0.620885153015 -0.166365675343 2.83 0.0181 crystal_2
0.38119953863898504 0.0439 0.766044443119 -0.620885153015 0.166365675343 2.83 0.0179 crystal_2
0.3799792171804641 0.0439 0.766044443119 -0.556670399226 -0.321393804843 2.83 0.0179 crystal_2
0.3828523928274551 0.0439 0.766044443119 -0.556670399226 0.321393804843 2.83 0.0174 crystal_2
0.38241626794258377 0.0439 0.766044443119 -0.454519477672 -0.454519477672 2.83 0.0006 crystal_1
0.38703986828178283 0.0439 0.766044443119 -0.454519477672 0.454519477672 2.83 0.0006 crystal_1
0.3773193359375 0.0439 0.766044443119 -0.321393804843 -0.556670399226 2.83 0.0007 crystal_1
0.3813333333333333 0.0439 0.766044443119 -0.321393804843 0.556670399226 2.83 0.0006 crystal_1
0.3760756271967034 0.0439 0.766044443119 -0.166365675343 -0.620885153015 2.83 0.0007 crystal_1
0.38326653306613223 0.0439 0.766044443119 -0.166365675343 0.620885153015 2.83 0.0007 crystal_1
0.3760060362173039 0.0439 0.766044443119 -1.1415e-08 -0.642787609687 2.83 0.0007 crystal_1
0.38172250032088306 0.0439 0.766044443119 0.0 0.642787609687 2.83 0.0007 crystal_1
0.377925165811538 0.0439 0.766044443119 0.166365675343 -0.620885153015 2.83 0.0007 crystal_1
0.38062893081761007 0.0439 0.766044443119 0.166365675343 0.620885153015 2.83 0.0007 crystal_1
0.37963627662120125 0.0439 0.766044443119 0.321393804843 -0.556670399226 2.83 0.0006 crystal_1
0.38193343898573695 0.0439 0.766044443119 0.321393804843 0.556670399226 2.83 0.0007 crystal_1
0.38196874271052017 0.0439 0.766044443119 0.454519477672 -0.454519477672 2.83 0.0006 crystal_1
0.38711977186311786 0.0439 0.766044443119 0.454519477672 0.454519477672 2.83 0.0006 crystal_1
0.3800488883715516 0.0439 0.766044443119 0.556670399226 -0.321393804843 2.83 0.0178 crystal_2
0.3815363257751041 0.0439 0.766044443119 0.556670399226 0.321393804843 2.83 0.0179 crystal_2
0.3813473825804282 0.0439 0.766044443119 0.620885153015 -0.166365675343 2.83 0.0185 crystal_2
0.3821786690975387 0.0439 0.766044443119 0.620885153015 0.166365675343 2.83 0.0182 crystal_2
0.38849002849002845 0.0439 0.766044443119 0.642787609687 0.0 2.83 0.0182 crystal_2
0.38589540412044376 0.0439 0.866025403784 -0.5 0.0 2.83 0.0183 crystal_2
0.3835797837122048 0.0439 0.866025403784 -0.482962913145 -0.129409522551 2.83 0.0187 crystal_2
0.3862275449101795 0.0439 0.866025403784 -0.482962913145 0.129409522551 2.83 0.018 crystal_2
0.3837758775877589 0.0439 0.866025403784 -0.433012701892 -0.25 2.83 0.0184 crystal_2
0.38458848216367447 0.0439 0.866025403784 -0.433012701892 0.25 2.83 0.0178 crystal_2
0.3838630806845966 0.0439 0.866025403784 -0.353553390593 -0.353553390593 2.83 0.0006 crystal_1
0.3818053264199859 0.0439 0.866025403784 -0.25 -0.433012701892 2.83 0.0006 crystal_1
0.38042835167435807 0.0439 0.866025403784 -0.129409522551 -0.482962913145 2.83 0.0006 crystal_1
0.3792605082500302 0.0439 0.866025403784 0.0 -0.5 2.83 0.0006 crystal_1
0.3786913723219456 0.0439 0.866025403784 0.129409522551 -0.482962913145 2.83 0.0006 crystal_1
0.38026516484805817 0.0439 0.866025403784 0.25 -0.433012701892 2.83 0.0006 crystal_1
0.38479157123224916 0.0439 0.866025403784 0.353553390593 -0.353553390593 2.83 0.0006 crystal_1
0.38744637615714617 0.0439 0.939692620786 -0.342020143326 0.0 2.83 0.0183 crystal_2
0.38727232341181694 0.0439 0.939692620786 -0.330366089549 -0.088521326901 2.83 0.0186 crystal_2
0.38535453943008613 0.0439 0.939692620786 -0.330366089549 0.088521326901 2.83 0.0187 crystal_2
0.3838117106773824 0.0439 0.939692620786 -0.296198132726 -0.171010071663 2.83 0.018 crystal_2
0.3851851851851853 0.0439 0.939692620786 -0.296198132726 0.171010071663 2.83 0.0184 crystal_2
0.3874303898170246 0.0439 0.939692620786 -0.241844762648 -0.241844762648 2.83 0.0006 crystal_1
0.38760480398821673 0.0439 0.939692620786 -0.241844762648 0.241844762648 2.83 0.0006 crystal_1
0.3847489007174265 0.0439 0.939692620786 -0.171010071663 -0.296198132726 2.83 0.0006 crystal_1
0.38779009946267295 0.0439 0.939692620786 -0.171010071663 0.296198132726 2.83 0.0006 crystal_1
0.38389428506889545 0.0439 0.939692620786 -0.088521326901 -0.330366089549 2.83 0.0006 crystal_1
0.38675601999091314 0.0439 0.939692620786 -0.088521326901 0.330366089549 2.83 0.0006 crystal_1
0.3793710396620511 0.0439 0.939692620786 0.0 -0.342020143326 2.83 0.0006 crystal_1
0.38598130841121503 0.0439 0.939692620786 0.0 0.342020143326 2.83 0.0006 crystal_1
0.3812599138907773 0.0439 0.939692620786 0.088521326901 -0.330366089549 2.83 0.0006 crystal_1
0.38730010505427803 0.0439 0.939692620786 0.088521326901 0.330366089549 2.83 0.0006 crystal_1
0.3848232380094573 0.0439 0.939692620786 0.171010071663 -0.296198132726 2.83 0.0006 crystal_1
0.38922972051806415 0.0439 0.939692620786 0.171010071663 0.296198132726 2.83 0.0006 crystal_1
0.3864827900615454 0.0439 0.939692620786 0.241844762648 -0.241844762648 2.83 0.0006 crystal_1
0.3879632777966677 0.0439 0.939692620786 0.241844762648 0.241844762648 2.83 0.0006 crystal_1
0.38471849865951746 0.0439 0.939692620786 0.296198132726 -0.171010071663 2.83 0.0185 crystal_2
0.38732794903878975 0.0439 0.939692620786 0.296198132726 0.171010071663 2.83 0.0182 crystal_2
0.38520632133450394 0.0439 0.939692620786 0.330366089549 -0.088521326901 2.83 0.0188 crystal_2
0.38475356461210286 0.0439 0.939692620786 0.330366089549 0.088521326901 2.83 0.0184 crystal_2
0.38465021507810737 0.0439 0.939692620786 0.342020143326 0.0 2.83 0.0183 crystal_2
0.3866711022399645 0.0439 0.984807753012 -0.173648177667 0.0 2.83 0.0187 crystal_2
0.38854693339195434 0.0439 0.984807753012 -0.167731259497 -0.044943455528 2.83 0.0188 crystal_2
0.38643991944506606 0.0439 0.984807753012 -0.167731259497 0.044943455528 2.83 0.0185 crystal_2
0.38800803930326033 0.0439 0.984807753012 -0.15038373318 -0.086824088833 2.83 0.0185 crystal_2
0.3888579387186629 0.0439 0.984807753012 -0.15038373318 0.086824088833 2.83 0.0186 crystal_2
0.3888573697946216 0.0439 0.984807753012 -0.122787803969 -0.122787803969 2.83 0.0006 crystal_1
0.38936591809775434 0.0439 0.984807753012 -0.122787803969 0.122787803969 2.83 0.0006 crystal_1
0.39032873331089424 0.0439 0.984807753012 -0.086824088833 -0.15038373318 2.83 0.0006 crystal_1
0.3914440873323728 0.0439 0.984807753012 -0.086824088833 0.15038373318 2.83 0.0006 crystal_1
0.3895484300454898 0.0439 0.984807753012 -0.044943455528 -0.167731259497 2.83 0.0006 crystal_1
0.38905639307649353 0.0439 0.984807753012 -0.044943455528 0.167731259497 2.83 0.0006 crystal_1
0.38688085676037487 0.0439 0.984807753012 0.0 -0.173648177667 2.83 0.0006 crystal_1
0.3907132158082728 0.0439 0.984807753012 0.0 0.173648177667 2.83 0.0006 crystal_1
0.38905605706006907 0.0439 0.984807753012 0.044943455528 -0.167731259497 2.83 0.0006 crystal_1
0.3939020289205246 0.0439 0.984807753012 0.044943455528 0.167731259497 2.83 0.0006 crystal_1
0.3851674641148325 0.0439 0.984807753012 0.086824088833 -0.15038373318 2.83 0.0006 crystal_1
0.39184673646691914 0.0439 0.984807753012 0.086824088833 0.15038373318 2.83 0.0006 crystal_1
0.3883344422266578 0.0439 0.984807753012 0.122787803969 -0.122787803969 2.83 0.0006 crystal_1
0.39375000000000004 0.0439 0.984807753012 0.122787803969 0.122787803969 2.83 0.0006 crystal_1
0.38554349018317424 0.0439 0.984807753012 0.15038373318 -0.086824088833 2.83 0.0189 crystal_2
0.38986883763003166 0.0439 0.984807753012 0.15038373318 0.086824088833 2.83 0.0183 crystal_2
0.38586779550634975 0.0439 0.984807753012 0.167731259497 -0.044943455528 2.83 0.0191 crystal_2
0.3887557202004793 0.0439 0.984807753012 0.167731259497 0.044943455528 2.83 0.019 crystal_2
0.38878822197055496 0.0439 0.984807753012 0.173648177667 0.0 2.83 0.0183 crystal_2
0.39055363707251867 0.0439 1.0 0.0 0.0 2.83 0.0006 crystal_1
