0.39791532344723834 0.0881 -1.0 0.0 0.0 2.83 0.0007 crystal_1
0.39307513039618236 0.0881 -0.984807753012 -0.173648177667 0.0 2.83 0.0346 crystal_2
0.39533310787960774 0.0881 -0.984807753012 -0.167731259497 -0.044943455528 2.83 0.034 crystal_2
0.3899977573446961 0.0881 -0.984807753012 -0.167731259497 0.044943455528 2.83 0.0342 crystal_2
0.39132414892405787 0.0881 -0.984807753012 -0.15038373318 -0.086824088833 2.83 0.0337 crystal_2
0.3891006952231443 0.0881 -0.984807753012 -0.15038373318 0.086824088833 2.83 0.0342 crystal_2
0.3974317118293612 0.0881 -0.984807753012 -0.122787803969 -0.122787803969 2.83 0.0007 crystal_1
0.39510414429890484 0.0882 -0.984807753012 -0.122787803969 0.122787803969 2.83 0.0007 crystal_1
0.39808496588157594 0.0881 -0.984807753012 -0.086824088833 -0.15038373318 2.83 0.0007 crystal_1
0.39264206722873096 0.0881 -0.984807753012 -0.086824088833 0.15038373318 2.83 0.0008 crystal_1
0.39670510708401974 0.0881 -0.984807753012 -0.044943455528 -0.167731259497 2.83 0.0007 crystal_1
0.39522979742975384 0.0882 -0.984807753012 -0.044943455528 0.167731259497 2.83 0.0007 crystal_1
0.3992701513362671 0.0881 -0.984807753012 0.0 -0.173648177667 2.83 0.0007 crystal_1
0.3958691910499139 0.0881 -0.984807753012 1.4675e-08 0.173648177667 2.83 0.0007 crystal_1
0.3945358717865979 0.0881 -0.984807753012 0.044943455528 -0.167731259497 2.83 0.0007 crystal_1
0.3917741757635903 0.0881 -0.984807753012 0.044943455528 0.167731259497 2.83 0.0008 crystal_1
0.3950303699613473 0.0882 -0.984807753012 0.086824088833 -0.15038373318 2.83 0.0008 crystal_1
0.3960845039265568 0.0881 -0.984807753012 0.086824088833 0.15038373318 2.83 0.0008 crystal_1
0.3996132774734128 0.0881 -0.984807753012 0.122787803969 -0.122787803969 2.83 0.0007 crystal_1
0.39593852908891325 0.0881 -0.984807753012 0.122787803969 0.122787803969 2.83 0.0007 crystal_1
0.39171210468920403 0.0881 -0.984807753012 0.15038373318 -0.086824088833 2.83 0.0352 crystal_2
0.38957647325990696 0.0882 -0.984807753012 0.15038373318 0.086824088833 2.83 0.0338 crystal_2
0.3927337568260336 0.0881 -0.984807753012 0.167731259497 -0.044943455528 2.83 0.0344 crystal_2
0.39056518802071605 0.0881 -0.984807753012 0.167731259497 0.044943455528 2.83 0.0341 crystal_2
0.39272482317278545 0.0881 -0.984807753012 0.173648177667 0.0 2.83 0.0342 crystal_2
0.393860738065681 0.0881 -0.939692620786 -0.342020143326 0.0 2.83 0.034 crystal_2
0.39113222486144106 0.0881 -0.939692620786 -0.330366089549 -0.088521326901 2.83 0.0339 crystal_2
0.3889580269261228 0.0881 -0.939692620786 -0.330366089549 0.088521326901 2.83 0.0339 crystal_2
0.3916332378223496 0.0881 -0.939692620786 -0.296198132726 -0.171010071663 2.83 0.0335 crystal_2
0.3892441196620232 0.0881 -0.939692620786 -0.296198132726 0.171010071663 2.83 0.0336 crystal_2
0.3962614779186707 0.0881 -0.939692620786 -0.241844762648 -0.241844762648 2.83 0.0007 crystal_1
0.39484083424807903 0.0881 -0.939692620786 -0.241844762648 0.241844762648 2.83 0.0008 crystal_1
0.3973937677053824 0.0881 -0.939692620786 -0.171010071663 -0.296198132726 2.83 0.0008 crystal_1
0.3881680228722234 0.0882 -0.939692620786 -0.171010071663 0.296198132726 2.83 0.0008 crystal_1
0.38966606498194944 0.0881 -0.939692620786 -0.088521326901 -0.330366089549 2.83 0.0008 crystal_1
0.3850189774503239 0.0881 -0.939692620786 -0.088521326901 0.330366089549 2.83 0.0008 crystal_1
0.39426118391323994 0.0881 -0.939692620786 0.0 -0.342020143326 2.83 0.0008 crystal_1
0.3938958310295255 0.0881 -0.939692620786 0.0 0.342020143326 2.83 0.0008 crystal_1
0.39508233199821996 0.0881 -0.939692620786 0.088521326901 -0.330366089549 2.83 0.0008 crystal_1
0.3842418892076803 0.0881 -0.939692620786 0.088521326901 0.330366089549 2.83 0.0008 crystal_1
0.39433771486349845 0.0881 -0.939692620786 0.171010071663 -0.296198132726 2.83 0.0008 crystal_1
0.3875539807330306 0.0881 -0.939692620786 0.171010071663 0.296198132726 2.83 0.0008 crystal_1
0.3953009961022087 0.0881 -0.939692620786 0.241844762648 -0.241844762648 2.83 0.0007 crystal_1
0.39271479185119573 0.0881 -0.939692620786 0.241844762648 0.241844762648 2.83 0.0008 crystal_1
0.38878252055411655 0.0881 -0.939692620786 0.296198132726 -0.171010071663 2.83 0.0341 crystal_2
0.391455483292218 0.0881 -0.939692620786 0.296198132726 0.171010071663 2.83 0.0342 crystal_2
0.38860630722278733 0.0882 -0.939692620786 0.330366089549 -0.088521326901 2.83 0.0339 crystal_2
0.38739946380697055 0.0881 -0.939692620786 0.330366089549 0.088521326901 2.83 0.0343 crystal_2
0.3925191527715186 0.0881 -0.939692620786 0.342020143326 0.0 2.83 0.0341 crystal_2
0.39288990825688075 0.0881 -0.866025403784 -0.5 0.0 2.83 0.0335 crystal_2
0.38901628066957117 0.0881 -0.866025403784 -0.482962913145 -0.129409522551 2.83 0.0335 crystal_2
0.38778747026169713 0.0881 -0.866025403784 -0.482962913145 0.129409522551 2.83 0.0339 crystal_2
0.3878621948437144 0.0881 -0.866025403784 -0.433012701892 -0.25 2.83 0.0336 crystal_2
0.38690959730764773 0.0881 -0.866025403784 -0.433012701892 0.25 2.83 0.0331 crystal_2
0.39497206703910615 0.0881 -0.866025403784 -0.353553390593 -0.353553390593 2.83 0.0008 crystal_1
0.39133348224257314 0.0881 -0.866025403784 -0.353553390593 0.353553390593 2.83 0.0008 crystal_1
0.3894343151005143 0.0881 -0.866025403784 -0.25 -0.433012701892 2.83 0.0008 crystal_1
0.3839586609750618 0.0881 -0.866025403784 -0.25 0.433012701892 2.83 0.0008 crystal_1
0.3909294909649226 0.0881 -0.866025403784 -0.129409522551 -0.482962913145 2.83 0.0008 crystal_1
0.384965034965035 0.0881 -0.866025403784 -0.129409522551 0.482962913145 2.83 0.0008 crystal_1
0.39161966156325545 0.0881 -0.866025403784 0.0 -0.5 2.83 0.0008 crystal_1
0.38696049326330206 0.0881 -0.866025403784 0.0 0.5 2.83 0.0008 crystal_1
0.3878208817773684 0.0882 -0.866025403784 0.129409522551 -0.482962913145 2.83 0.0008 crystal_1
0.38497488024301907 0.0881 -0.866025403784 0.129409522551 0.482962913145 2.83 0.0008 crystal_1
0.39459585371535055 0.0881 -0.866025403784 0.25 -0.433012701892 2.83 0.0008 crystal_1
0.38059531924562595 0.0881 -0.866025403784 0.25 0.433012701892 2.83 0.0008 crystal_1
0.3939225289403384 0.0882 -0.866025403784 0.353553390593 -0.353553390593 2.83 0.0008 crystal_1
0.38622652248150247 0.0881 -0.866025403784 0.353553390593 0.353553390593 2.83 0.0008 crystal_1
0.38500113973102346 0.0881 -0.866025403784 0.433012701892 -0.25 2.83 0.0337 crystal_2
0.3894009216589861 0.0881 -0.866025403784 0.433012701892 0.25 2.83 0.0333 crystal_2
0.39069608735213834 0.0881 -0.866025403784 0.482962913145 -0.129409522551 2.83 0.0337 crystal_2
0.38765768837367887 0.0881 -0.866025403784 0.482962913145 0.129409522551 2.83 0.0338 crystal_2
0.3922998063560771 0.0881 -0.866025403784 0.5 0.0 2.83 0.0337 crystal_2
0.39019092260203503 0.0881 -0.766044443119 -0.642787609687 0.0 2.83 0.0336 crystal_2
0.3883994966251001 0.0882 -0.766044443119 -0.620885153015 -0.166365675343 2.83 0.0335 crystal_2
0.38523474710818784 0.0881 -0.766044443119 -0.620885153015 0.166365675343 2.83 0.0338 crystal_2
0.3895619757688723 0.0881 -0.766044443119 -0.556670399226 -0.321393804843 2.83 0.0329 crystal_2
0.3870352716873212 0.0881 -0.766044443119 -0.556670399226 0.321393804843 2.83 0.0322 crystal_2
0.3896890717878372 0.0881 -0.766044443119 -0.454519477672 -0.454519477672 2.83 0.0008 crystal_1
0.387074276415204 0.0881 -0.766044443119 -0.454519477672 0.454519477672 2.83 0.0008 crystal_1
0.38918852659965675 0.0881 -0.766044443119 -0.321393804843 -0.556670399226 2.83 0.0008 crystal_1
0.3851061361790975 0.0881 -0.766044443119 -0.321393804843 0.556670399226 2.83 0.0008 crystal_1
0.3844004373709148 0.0882 -0.766044443119 -0.166365675343 -0.620885153015 2.83 0.0008 crystal_1
0.3831394651636887 0.0881 -0.766044443119 -0.166365675343 0.620885153015 2.83 0.0008 crystal_1
0.3869040360931594 0.0881 -0.766044443119 0.0 -0.642787609687 2.83 0.0008 crystal_1
0.3831362713483818 0.0881 -0.766044443119 1.1415e-08 0.642787609687 2.83 0.0008 crystal_1
0.38801261829653 0.0882 -0.766044443119 0.166365675343 -0.620885153015 2.83 0.0008 crystal_1
0.38380490114833676 0.0882 -0.766044443119 0.166365675343 0.620885153015 2.83 0.0008 crystal_1
0.3884237349836185 0.0881 -0.766044443119 0.321393804843 -0.556670399226 2.83 0.0008 crystal_1
0.38056773597969074 0.0881 -0.766044443119 0.321393804843 0.556670399226 2.83 0.0008 crystal_1
0.3913834261680119 0.0881 -0.766044443119 0.454519477672 -0.454519477672 2.83 0.0008 crystal_1
0.38586050940252314 0.0881 -0.766044443119 0.454519477672 0.454519477672 2.83 0.0008 crystal_1
0.38242473555736367 0.0881 -0.766044443119 0.556670399226 -0.321393804843 2.83 0.033 crystal_2
0.38895403377110693 0.0881 -0.766044443119 0.556670399226 0.321393804843 2.83 0.0327 crystal_2
0.38814047207829594 0.0881 -0.766044443119 0.620885153015 -0.166365675343 2.83 0.0333 crystal_2
0.3854431844480444 0.0881 -0.766044443119 0.620885153015 0.166365675343 2.83 0.0332 crystal_2
0.3887571960717915 0.0881 -0.766044443119 0.642787609687 0.0 2.83 0.034 crystal_2
0.38845298044267473 0.0881 -0.642787609687 -0.766044443119 0.0 2.83 0.0328 crystal_2
0.38411226067308835 0.0882 -0.642787609687 -0.739942111694 -0.198266891274 2.83 0.0323 crystal_2
0.38437869822485204 0.0881 -0.642787609687 -0.739942111694 0.198266891274 2.83 0.0324 crystal_2
0.3832039520112914 0.0882 -0.642787609687 -0.663413948169 -0.383022221559 2.83 0.0326 crystal_2
0.385539331135186 0.0882 -0.642787609687 -0.663413948169 0.383022221559 2.83 0.0326 crystal_2
0.38923421183490803 0.0881 -0.642787609687 -0.54167522042 -0.54167522042 2.83 0.0008 crystal_1
0.3850822925178008 0.0881 -0.642787609687 -0.54167522042 0.54167522042 2.83 0.0008 crystal_1
0.38622461463175917 0.0882 -0.642787609687 -0.383022221559 -0.663413948169 2.83 0.0008 crystal_1
0.38502019336678506 0.0881 -0.642787609687 -0.383022221559 0.663413948169 2.83 0.0008 crystal_1
0.38497652582159625 0.0881 -0.642787609687 -0.198266891274 -0.739942111694 2.83 0.0008 crystal_1
0.3839140751842137 0.0882 -0.642787609687 -0.198266891274 0.739942111694 2.83 0.0008 crystal_1
0.38493931136982906 0.0881 -0.642787609687 0.0 0.766044443119 2.83 0.0008 crystal_1
0.38675958188153303 0.0881 -0.642787609687 9.578e-09 -0.766044443119 2.83 0.0008 crystal_1
0.38561491009318805 0.0881 -0.642787609687 0.198266891274 -0.739942111694 2.83 0.0008 crystal_1
0.38447274075905546 0.0881 -0.642787609687 0.198266891274 0.739942111694 2.83 0.0008 crystal_1
0.3868368864650471 0.0882 -0.642787609687 0.383022221559 -0.663413948169 2.83 0.0008 crystal_1
0.38234229887830173 0.0881 -0.642787609687 0.383022221559 0.663413948169 2.83 0.0008 crystal_1
0.392176404634359 0.0881 -0.642787609687 0.54167522042 -0.54167522042 2.83 0.0008 crystal_1
0.3852408525317236 0.0881 -0.642787609687 0.54167522042 0.54167522042 2.83 0.0008 crystal_1
0.3825589540042026 0.0881 -0.642787609687 0.663413948169 -0.383022221559 2.83 0.0329 crystal_2
0.3883751651254954 0.0881 -0.642787609687 0.663413948169 0.383022221559 2.83 0.0319 crystal_2
0.3863317757009346 0.0882 -0.642787609687 0.739942111694 -0.198266891274 2.83 0.0328 crystal_2
0.38539601073136587 0.0881 -0.642787609687 0.739942111694 0.198266891274 2.83 0.0329 crystal_2
0.3901958511994438 0.0881 -0.642787609687 0.766044443119 0.0 2.83 0.0331 crystal_2
0.3899582560296846 0.0881 -0.5 -0.866025403784 0.0 2.83 0.0331 crystal_2
0.3868411574018489 0.0881 -0.5 -0.836516303738 -0.224143868042 2.83 0.032 crystal_2
0.38522674146797564 0.0882 -0.5 -0.836516303738 0.224143868042 2.83 0.0328 crystal_2
0.38463371054198936 0.0881 -0.5 -0.75 -0.433012701892 2.83 0.0322 crystal_2
0.3811375789985416 0.0882 -0.5 -0.75 0.433012701892 2.83 0.0316 crystal_2
0.39103767680560775 0.0881 -0.5 -0.612372435696 -0.612372435696 2.83 0.0008 crystal_1
0.3871719401520727 0.0881 -0.5 -0.612372435696 0.612372435696 2.83 0.0008 crystal_1
0.3850962740685171 0.0881 -0.5 -0.433012701892 -0.75 2.83 0.0008 crystal_1
0.38193169298567753 0.0881 -0.5 -0.433012701892 0.75 2.83 0.0008 crystal_1
0.3852611940298507 0.0881 -0.5 -0.224143868042 -0.836516303738 2.83 0.0008 crystal_1
0.3834537097833224 0.0881 -0.5 -0.224143868042 0.836516303738 2.83 0.0008 crystal_1
0.3863818424566088 0.0881 -0.5 -0.0 -0.866025403784 2.83 0.0008 crystal_1
0.38550268711495617 0.0881 -0.5 0.0 0.866025403784 2.83 0.0008 crystal_1
0.3884331419196063 0.0881 -0.5 0.224143868042 -0.836516303738 2.83 0.0009 crystal_1
0.3849350649350649 0.0881 -0.5 0.224143868042 0.836516303738 2.83 0.0008 crystal_1
0.38825178389398574 0.0881 -0.5 0.433012701892 -0.75 2.83 0.0008 crystal_1
0.3841814837522992 0.0881 -0.5 0.433012701892 0.75 2.83 0.0008 crystal_1
0.3928064973572257 0.0881 -0.5 0.612372435696 -0.612372435696 2.83 0.0008 crystal_1
0.3904856293359762 0.0881 -0.5 0.612372435696 0.612372435696 2.83 0.0008 crystal_1
0.3824392534335016 0.0882 -0.5 0.75 -0.433012701892 2.83 0.0327 crystal_2
0.3849663784822286 0.0881 -0.5 0.75 0.433012701892 2.83 0.032 crystal_2
0.3860722267968474 0.0881 -0.5 0.836516303738 -0.224143868042 2.83 0.0326 crystal_2
0.3867101128825787 0.0881 -0.5 0.836516303738 0.224143868042 2.83 0.033 crystal_2
0.38763197586726994 0.0881 -0.5 0.866025403784 0.0 2.83 0.0331 crystal_2
0.3894128743220938 0.0881 -0.342020143326 -0.939692620786 0.0 2.83 0.0325 crystal_2
0.38521863117870725 0.0881 -0.342020143326 -0.90767337119 -0.243210346802 2.83 0.0323 crystal_2
0.3854827343199436 0.0881 -0.342020143326 -0.90767337119 0.243210346802 2.83 0.0327 crystal_2
0.38436284046692615 0.0881 -0.342020143326 -0.813797681349 -0.469846310393 2.83 0.0316 crystal_2
0.38329268292682916 0.0881 -0.342020143326 -0.813797681349 0.469846310393 2.83 0.0315 crystal_2
0.39030711416353514 0.0881 -0.342020143326 -0.664463024389 -0.664463024389 2.83 0.0008 crystal_1
0.38798639969777104 0.0881 -0.342020143326 -0.664463024389 0.664463024389 2.83 0.0008 crystal_1
0.38567034093822095 0.0881 -0.342020143326 -0.469846310393 -0.813797681349 2.83 0.0008 crystal_1
0.38431122448979593 0.0881 -0.342020143326 -0.469846310393 0.813797681349 2.83 0.0008 crystal_1
0.38578185865331105 0.0881 -0.342020143326 -0.243210346802 -0.90767337119 2.83 0.0009 crystal_1
0.38306617344841765 0.0882 -0.342020143326 -0.243210346802 0.90767337119 2.83 0.0009 crystal_1
0.392156862745098 0.0881 -0.342020143326 -7.208e-09 -0.939692620786 2.83 0.0009 crystal_1
0.3915775401069519 0.0881 -0.342020143326 0.0 0.939692620786 2.83 0.0008 crystal_1
0.39093363649282364 0.0881 -0.342020143326 0.243210346802 -0.90767337119 2.83 0.0009 crystal_1
0.38509400784525893 0.0881 -0.342020143326 0.243210346802 0.90767337119 2.83 0.0009 crystal_1
0.38810418556433846 0.0881 -0.342020143326 0.469846310393 -0.813797681349 2.83 0.0008 crystal_1
0.38489894495995924 0.0881 -0.342020143326 0.469846310393 0.813797681349 2.83 0.0008 crystal_1
0.39088326446280985 0.0881 -0.342020143326 0.664463024389 -0.664463024389 2.83 0.0008 crystal_1
0.3896468188193293 0.0881 -0.342020143326 0.664463024389 0.664463024389 2.83 0.0008 crystal_1
0.3801711004336106 0.0882 -0.342020143326 0.813797681349 -0.469846310393 2.83 0.0327 crystal_2
0.3836710369487485 0.0881 -0.342020143326 0.813797681349 0.469846310393 2.83 0.0322 crystal_2
0.38674365451702153 0.0882 -0.342020143326 0.90767337119 -0.243210346802 2.83 0.0319 crystal_2
0.3861467781835316 0.0881 -0.342020143326 0.90767337119 0.243210346802 2.83 0.0326 crystal_2
0.38591224018475745 0.0881 -0.342020143326 0.939692620786 0.0 2.83 0.0332 crystal_2
0.3870505315971807 0.0882 -0.173648177667 -0.984807753012 0.0 2.83 0.0321 crystal_2
0.38677116731979577 0.0881 -0.173648177667 -0.951251242564 -0.254887002244 2.83 0.0323 crystal_2
0.3842130290061816 0.0882 -0.173648177667 -0.951251242564 0.254887002244 2.83 0.0323 crystal_2
0.3811863391252247 0.0881 -0.173648177667 -0.852868531952 -0.492403876506 2.83 0.032 crystal_2
0.38553779069767447 0.0882 -0.173648177667 -0.852868531952 0.492403876506 2.83 0.0317 crystal_2
0.38728549141965674 0.0881 -0.173648177667 -0.69636424032 -0.69636424032 2.83 0.0008 crystal_1
0.38995492594977454 0.0881 -0.173648177667 -0.69636424032 0.69636424032 2.83 0.0008 crystal_1
0.3871923721169952 0.0881 -0.173648177667 -0.492403876506 -0.852868531952 2.83 0.0008 crystal_1
0.38443519000520565 0.0881 -0.173648177667 -0.492403876506 0.852868531952 2.83 0.0008 crystal_1
0.3894632488316102 0.0881 -0.173648177667 -0.254887002244 -0.951251242564 2.83 0.0009 crystal_1
0.38814129520605556 0.0881 -0.173648177667 -0.254887002244 0.951251242564 2.83 0.0009 crystal_1
0.39114443344178806 0.0881 -0.173648177667 -0.0 -0.984807753012 2.83 0.0009 crystal_1
0.38926080892608084 0.0882 -0.173648177667 0.0 0.984807753012 2.83 0.0009 crystal_1
0.38914091295718745 0.0881 -0.173648177667 0.254887002244 -0.951251242564 2.83 0.0009 crystal_1
0.3888734353268428 0.0881 -0.173648177667 0.254887002244 0.951251242564 2.83 0.0009 crystal_1
0.3864468864468864 0.0881 -0.173648177667 0.492403876506 -0.852868531952 2.83 0.0008 crystal_1
0.38745291596311204 0.0881 -0.173648177667 0.492403876506 0.852868531952 2.83 0.0008 crystal_1
0.39197212183789365 0.0881 -0.173648177667 0.69636424032 -0.69636424032 2.83 0.0008 crystal_1
0.38995989131841124 0.0881 -0.173648177667 0.69636424032 0.69636424032 2.83 0.0008 crystal_1
0.3816867469879518 0.0881 -0.173648177667 0.852868531952 -0.492403876506 2.83 0.0318 crystal_2
0.3851654344927887 0.0881 -0.173648177667 0.852868531952 0.492403876506 2.83 0.0317 crystal_2
0.3869299482839681 0.0881 -0.173648177667 0.951251242564 -0.254887002244 2.83 0.0326 crystal_2
0.38414128244636725 0.0881 -0.173648177667 0.951251242564 0.254887002244 2.83 0.0324 crystal_2
0.39007175626396895 0.0882 -0.173648177667 0.984807753012 0.0 2.83 0.0326 crystal_2
0.38438263703014075 0.0881 0.0 -1.0 0.0 2.83 0.033 crystal_2
0.3864257696422204 0.0881 0.0 -0.965925826289 -0.258819045103 2.83 0.0323 crystal_2
0.3854412458706937 0.0881 0.0 -0.965925826289 0.258819045103 2.83 0.0325 crystal_2
0.38308760813939324 0.0881 0.0 -0.866025403784 -0.5 2.83 0.0315 crystal_2
0.38289648508273944 0.0881 0.0 -0.866025403784 0.5 2.83 0.0318 crystal_2
0.389574938255557 0.0881 0.0 -0.707106781187 -0.707106781187 2.83 0.0008 crystal_1
0.3884318440703708 0.0881 0.0 -0.707106781187 0.707106781187 2.83 0.0008 crystal_1
0.3866223302212559 0.0881 0.0 -0.5 -0.866025403784 2.83 0.0008 crystal_1
0.3858330035615354 0.0881 0.0 -0.5 0.866025403784 2.83 0.0008 crystal_1
0.39145806816574735 0.0881 0.0 -0.258819045103 -0.965925826289 2.83 0.0009 crystal_1
0.3860432658757851 0.0881 0.0 -0.258819045103 0.965925826289 2.83 0.0009 crystal_1
0.3913354303688876 0.0881 0.0 0.0 -1.0 2.83 0.0009 crystal_1
0.3913354303688876 0.0881 0.0 0.0 1.0 2.83 0.0009 crystal_1
0.3860432658757851 0.0881 0.0 0.258819045103 -0.965925826289 2.83 0.0009 crystal_1
0.39145806816574735 0.0881 0.0 0.258819045103 0.965925826289 2.83 0.0009 crystal_1
0.3858330035615354 0.0881 0.0 0.5 -0.866025403784 2.83 0.0008 crystal_1
0.3866223302212559 0.0881 0.0 0.5 0.866025403784 2.83 0.0008 crystal_1
0.3884318440703708 0.0881 0.0 0.707106781187 -0.707106781187 2.83 0.0008 crystal_1
0.389574938255557 0.0881 0.0 0.707106781187 0.707106781187 2.83 0.0008 crystal_1
0.38289648508273944 0.0881 0.0 0.866025403784 -0.5 2.83 0.0318 crystal_2
0.38308760813939324 0.0881 0.0 0.866025403784 0.5 2.83 0.0315 crystal_2
0.3854412458706937 0.0881 0.0 0.965925826289 -0.258819045103 2.83 0.0325 crystal_2
0.3864257696422204 0.0881 0.0 0.965925826289 0.258819045103 2.83 0.0323 crystal_2
0.38438263703014075 0.0881 0.0 1.0 0.0 2.83 0.033 crystal_2
0.39007175626396895 0.0882 0.173648177667 -0.984807753012 0.0 2.83 0.0326 crystal_2
0.38414128244636725 0.0881 0.173648177667 -0.951251242564 -0.254887002244 2.83 0.0324 crystal_2
0.3869299482839681 0.0881 0.173648177667 -0.951251242564 0.254887002244 2.83 0.0326 crystal_2
0.3851654344927887 0.0881 0.173648177667 -0.852868531952 -0.492403876506 2.83 0.0317 crystal_2
0.3816867469879518 0.0881 0.173648177667 -0.852868531952 0.492403876506 2.83 0.0318 crystal_2
0.38995989131841124 0.0881 0.173648177667 -0.69636424032 -0.69636424032 2.83 0.0008 crystal_1
0.39197212183789365 0.0881 0.173648177667 -0.69636424032 0.69636424032 2.83 0.0008 crystal_1
0.38745291596311204 0.0881 0.173648177667 -0.492403876506 -0.852868531952 2.83 0.0008 crystal_1
0.3864468864468864 0.0881 0.173648177667 -0.492403876506 0.852868531952 2.83 0.0008 crystal_1
0.3888734353268428 0.0881 0.173648177667 -0.254887002244 -0.951251242564 2.83 0.0009 crystal_1
0.38914091295718745 0.0881 0.173648177667 -0.254887002244 0.951251242564 2.83 0.0009 crystal_1
0.38926080892608084 0.0882 0.173648177667 0.0 -0.984807753012 2.83 0.0009 crystal_1
0.39114443344178806 0.0881 0.173648177667 0.0 0.984807753012 2.83 0.0009 crystal_1
0.38814129520605556 0.0881 0.173648177667 0.254887002244 -0.951251242564 2.83 0.0009 crystal_1
0.3894632488316102 0.0881 0.173648177667 0.254887002244 0.951251242564 2.83 0.0009 crystal_1
0.38443519000520565 0.0881 0.173648177667 0.492403876506 -0.852868531952 2.83 0.0008 crystal_1
0.3871923721169952 0.0881 0.173648177667 0.492403876506 0.852868531952 2.83 0.0008 crystal_1
0.38995492594977454 0.0881 0.173648177667 0.69636424032 -0.69636424032 2.83 0.0008 crystal_1
0.38728549141965674 0.0881 0.173648177667 0.69636424032 0.69636424032 2.83 0.0008 crystal_1
0.38553779069767447 0.0882 0.173648177667 0.852868531952 -0.492403876506 2.83 0.0317 crystal_2
0.3811863391252247 0.0881 0.173648177667 0.852868531952 0.492403876506 2.83 0.032 crystal_2
0.3842130290061816 0.0882 0.173648177667 0.951251242564 -0.254887002244 2.83 0.0323 crystal_2
0.38677116731979577 0.0881 0.173648177667 0.951251242564 0.254887002244 2.83 0.0323 crystal_2
0.3870505315971807 0.0882 0.173648177667 0.984807753012 0.0 2.83 0.0321 crystal_2
0.38591224018475745 0.0881 0.342020143326 -0.939692620786 0.0 2.83 0.0332 crystal_2
0.3861467781835316 0.0881 0.342020143326 -0.90767337119 -0.243210346802 2.83 0.0326 crystal_2
0.38674365451702153 0.0882 0.342020143326 -0.90767337119 0.243210346802 2.83 0.0319 crystal_2
0.3836710369487485 0.0881 0.342020143326 -0.813797681349 -0.469846310393 2.83 0.0322 crystal_2
0.3801711004336106 0.0882 0.342020143326 -0.813797681349 0.469846310393 2.83 0.0327 crystal_2
0.3896468188193293 0.0881 0.342020143326 -0.664463024389 -0.664463024389 2.83 0.0008 crystal_1
0.39088326446280985 0.0881 0.342020143326 -0.664463024389 0.664463024389 2.83 0.0008 crystal_1
0.38489894495995924 0.0881 0.342020143326 -0.469846310393 -0.813797681349 2.83 0.0008 crystal_1
0.38810418556433846 0.0881 0.342020143326 -0.469846310393 0.813797681349 2.83 0.0008 crystal_1
0.38509400784525893 0.0881 0.342020143326 -0.243210346802 -0.90767337119 2.83 0.0009 crystal_1
0.39093363649282364 0.0881 0.342020143326 -0.243210346802 0.90767337119 2.83 0.0009 crystal_1
0.3915775401069519 0.0881 0.342020143326 0.0 -0.939692620786 2.83 0.0008 crystal_1
0.392156862745098 0.0881 0.342020143326 7.208e-09 0.939692620786 2.83 0.0009 crystal_1
0.38306617344841765 0.0882 0.342020143326 0.243210346802 -0.90767337119 2.83 0.0009 crystal_1
0.38578185865331105 0.0881 0.342020143326 0.243210346802 0.90767337119 2.83 0.0009 crystal_1
0.38431122448979593 0.0881 0.342020143326 0.469846310393 -0.813797681349 2.83 0.0008 crystal_1
0.38567034093822095 0.0881 0.342020143326 0.469846310393 0.813797681349 2.83 0.0008 crystal_1
0.38798639969777104 0.0881 0.342020143326 0.664463024389 -0.664463024389 2.83 0.0008 crystal_1
0.39030711416353514 0.0881 0.342020143326 0.664463024389 0.664463024389 2.83 0.0008 crystal_1
0.38329268292682916 0.0881 0.342020143326 0.813797681349 -0.469846310393 2.83 0.0315 crystal_2
0.38436284046692615 0.0881 0.342020143326 0.813797681349 0.469846310393 2.83 0.0316 crystal_2
0.3854827343199436 0.0881 0.342020143326 0.90767337119 -0.243210346802 2.83 0.0327 crystal_2
0.38521863117870725 0.0881 0.342020143326 0.90767337119 0.243210346802 2.83 0.0323 crystal_2
0.3894128743220938 0.0881 0.342020143326 0.939692620786 0.0 2.83 0.0325 crystal_2
0.38763197586726994 0.0881 0.5 -0.866025403784 0.0 2.83 0.0331 crystal_2
0.3867101128825787 0.0881 0.5 -0.836516303738 -0.224143868042 2.83 0.033 crystal_2
0.3860722267968474 0.0881 0.5 -0.836516303738 0.224143868042 2.83 0.0326 crystal_2
0.3849663784822286 0.0881 0.5 -0.75 -0.433012701892 2.83 0.032 crystal_2
0.3824392534335016 0.0882 0.5 -0.75 0.433012701892 2.83 0.0327 crystal_2
0.3904856293359762 0.0881 0.5 -0.612372435696 -0.612372435696 2.83 0.0008 crystal_1
0.390181479758027 0.0881 0.5 -0.612372435696 0.612372435696 2.83 0.0008 crystal_1
0.3841814837522992 0.0881 0.5 -0.433012701892 -0.75 2.83 0.0008 crystal_1
0.38950819672131143 0.0881 0.5 -0.433012701892 0.75 2.83 0.0008 crystal_1
0.3849350649350649 0.0881 0.5 -0.224143868042 -0.836516303738 2.83 0.0008 crystal_1
0.389018691588785 0.0881 0.5 -0.224143868042 0.836516303738 2.83 0.0008 crystal_1
0.38550268711495617 0.0881 0.5 0.0 -0.866025403784 2.83 0.0008 crystal_1
0.3903439153439153 0.0881 0.5 0.0 0.866025403784 2.83 0.0008 crystal_1
0.3834537097833224 0.0881 0.5 0.224143868042 -0.836516303738 2.83 0.0008 crystal_1
0.38724645366565025 0.0881 0.5 0.224143868042 0.836516303738 2.83 0.0008 crystal_1
0.38193169298567753 0.0881 0.5 0.433012701892 -0.75 2.83 0.0008 crystal_1
0.38963079340141404 0.0881 0.5 0.433012701892 0.75 2.83 0.0008 crystal_1
0.3871719401520727 0.0881 0.5 0.612372435696 -0.612372435696 2.83 0.0008 crystal_1
0.38895417156286716 0.0881 0.5 0.612372435696 0.612372435696 2.83 0.0008 crystal_1
0.38261084352229213 0.0881 0.5 0.75 -0.433012701892 2.83 0.0311 crystal_2
0.38816031376394167 0.0881 0.5 0.75 0.433012701892 2.83 0.0313 crystal_2
0.3872554761625864 0.0881 0.5 0.836516303738 -0.224143868042 2.83 0.0328 crystal_2
0.3888096935138988 0.0881 0.5 0.836516303738 0.224143868042 2.83 0.0323 crystal_2
0.3893200509672188 0.0881 0.5 0.866025403784 0.0 2.83 0.0331 crystal_2
0.3901958511994438 0.0881 0.642787609687 -0.766044443119 0.0 2.83 0.0331 crystal_2
0.38539601073136587 0.0881 0.642787609687 -0.739942111694 -0.198266891274 2.83 0.0329 crystal_2
0.3863317757009346 0.0882 0.642787609687 -0.739942111694 0.198266891274 2.83 0.0328 crystal_2
0.3883751651254954 0.0881 0.642787609687 -0.663413948169 -0.383022221559 2.83 0.0319 crystal_2
0.3825589540042026 0.0881 0.642787609687 -0.663413948169 0.383022221559 2.83 0.0329 crystal_2
0.3852408525317236 0.0881 0.642787609687 -0.54167522042 -0.54167522042 2.83 0.0008 crystal_1
0.3895190562613431 0.0882 0.642787609687 -0.54167522042 0.54167522042 2.83 0.0008 crystal_1
0.38234229887830173 0.0881 0.642787609687 -0.383022221559 -0.663413948169 2.83 0.0008 crystal_1
0.3865556816748644 0.0882 0.642787609687 -0.383022221559 0.663413948169 2.83 0.0008 crystal_1
0.38447274075905546 0.0881 0.642787609687 -0.198266891274 -0.739942111694 2.83 0.0008 crystal_1
0.3893082539289692 0.0881 0.642787609687 -0.198266891274 0.739942111694 2.83 0.0008 crystal_1
0.38675958188153303 0.0881 0.642787609687 -9.578e-09 0.766044443119 2.83 0.0008 crystal_1
0.38493931136982906 0.0881 0.642787609687 0.0 -0.766044443119 2.83 0.0008 crystal_1
0.3839140751842137 0.0882 0.642787609687 0.198266891274 -0.739942111694 2.83 0.0008 crystal_1
0.3872291319399923 0.0881 0.642787609687 0.198266891274 0.739942111694 2.83 0.0008 crystal_1
0.38502019336678506 0.0881 0.642787609687 0.383022221559 -0.663413948169 2.83 0.0008 crystal_1
0.38856286677487817 0.0881 0.642787609687 0.383022221559 0.663413948169 2.83 0.0008 crystal_1
0.3850822925178008 0.0881 0.642787609687 0.54167522042 -0.54167522042 2.83 0.0008 crystal_1
0.38946509730800605 0.0881 0.642787609687 0.54167522042 0.54167522042 2.83 0.0008 crystal_1
0.3885196374622356 0.0881 0.642787609687 0.663413948169 -0.383022221559 2.83 0.0317 crystal_2
0.38583054092867397 0.0881 0.642787609687 0.663413948169 0.383022221559 2.83 0.0321 crystal_2
0.3854058422814918 0.0881 0.642787609687 0.739942111694 -0.198266891274 2.83 0.0332 crystal_2
0.38681010289990647 0.0881 0.642787609687 0.739942111694 0.198266891274 2.83 0.0328 crystal_2
0.39111261872455905 0.0881 0.642787609687 0.766044443119 0.0 2.83 0.0339 crystal_2
0.3887571960717915 0.0881 0.766044443119 -0.642787609687 0.0 2.83 0.034 crystal_2
0.3854431844480444 0.0881 0.766044443119 -0.620885153015 -0.166365675343 2.83 0.0332 crystal_2
0.38814047207829594 0.0881 0.766044443119 -0.620885153015 0.166365675343 2.83 0.0333 crystal_2
0.38895403377110693 0.0881 0.766044443119 -0.556670399226 -0.321393804843 2.83 0.0327 crystal_2
0.38242473555736367 0.0881 0.766044443119 -0.556670399226 0.321393804843 2.83 0.033 crystal_2
0.38586050940252314 0.0881 0.766044443119 -0.454519477672 -0.454519477672 2.83 0.0008 crystal_1
0.3913834261680119 0.0881 0.766044443119 -0.454519477672 0.454519477672 2.83 0.0008 crystal_1
0.38056773597969074 0.0881 0.766044443119 -0.321393804843 -0.556670399226 2.83 0.0008 crystal_1
0.3884237349836185 0.0881 0.766044443119 -0.321393804843 0.556670399226 2.83 0.0008 crystal_1
0.38380490114833676 0.0882 0.766044443119 -0.166365675343 -0.620885153015 2.83 0.0008 crystal_1
0.38801261829653 0.0882 0.766044443119 -0.166365675343 0.620885153015 2.83 0.0008 crystal_1
0.3831362713483818 0.0881 0.766044443119 -1.1415e-08 -0.642787609687 2.83 0.0008 crystal_1
0.3869040360931594 0.0881 0.766044443119 0.0 0.642787609687 2.83 0.0008 crystal_1
0.3831394651636887 0.0881 0.766044443119 0.166365675343 -0.620885153015 2.83 0.0008 crystal_1
0.3844004373709148 0.0882 0.766044443119 0.166365675343 0.620885153015 2.83 0.0008 crystal_1
0.3851061361790975 0.0881 0.766044443119 0.321393804843 -0.556670399226 2.83 0.0008 crystal_1
0.38918852659965675 0.0881 0.766044443119 0.321393804843 0.556670399226 2.83 0.0008 crystal_1
0.387074276415204 0.0881 0.766044443119 0.454519477672 -0.454519477672 2.83 0.0008 crystal_1
0.3896890717878372 0.0881 0.766044443119 0.454519477672 0.454519477672 2.83 0.0008 crystal_1
0.3870352716873212 0.0881 0.766044443119 0.556670399226 -0.321393804843 2.83 0.0322 crystal_2
0.3895619757688723 0.0881 0.766044443119 0.556670399226 0.321393804843 2.83 0.0329 crystal_2
0.38523474710818784 0.0881 0.766044443119 0.620885153015 -0.166365675343 2.83 0.0338 crystal_2
0.3883994966251001 0.0882 0.766044443119 0.620885153015 0.166365675343 2.83 0.0335 crystal_2
0.39019092260203503 0.0881 0.766044443119 0.642787609687 0.0 2.83 0.0336 crystal_2
0.3922998063560771 0.0881 0.866025403784 -0.5 0.0 2.83 0.0337 crystal_2
0.38765768837367887 0.0881 0.866025403784 -0.482962913145 -0.129409522551 2.83 0.0338 crystal_2
0.39069608735213834 0.0881 0.866025403784 -0.482962913145 0.129409522551 2.83 0.0337 crystal_2
0.3894009216589861 0.0881 0.866025403784 -0.433012701892 -0.25 2.83 0.0333 crystal_2
0.38500113973102346 0.0881 0.866025403784 -0.433012701892 0.25 2.83 0.0337 crystal_2
0.38622652248150247 0.0881 0.866025403784 -0.353553390593 -0.353553390593 2.83 0.0008 crystal_1
0.3939225289403384 0.0882 0.866025403784 -0.353553390593 0.353553390593 2.83 0.0008 crystal_1
0.38059531924562595 0.0881 0.866025403784 -0.25 -0.433012701892 2.83 0.0008 crystal_1
0.39459585371535055 0.0881 0.866025403784 -0.25 0.433012701892 2.83 0.0008 crystal_1
0.38497488024301907 0.0881 0.866025403784 -0.129409522551 -0.482962913145 2.83 0.0008 crystal_1
0.3878208817773684 0.0882 0.866025403784 -0.129409522551 0.482962913145 2.83 0.0008 crystal_1
0.38696049326330206 0.0881 0.866025403784 0.0 -0.5 2.83 0.0008 crystal_1
0.39161966156325545 0.0881 0.866025403784 0.0 0.5 2.83 0.0008 crystal_1
0.384965034965035 0.0881 0.866025403784 0.129409522551 -0.482962913145 2.83 0.0008 crystal_1
0.3909294909649226 0.0881 0.866025403784 0.129409522551 0.482962913145 2.83 0.0008 crystal_1
0.3839586609750618 0.0881 0.866025403784 0.25 -0.433012701892 2.83 0.0008 crystal_1
0.3894343151005143 0.0881 0.866025403784 0.25 0.433012701892 2.83 0.0008 crystal_1
0.39133348224257314 0.0881 0.866025403784 0.353553390593 -0.353553390593 2.83 0.0008 crystal_1
0.39497206703910615 0.0881 0.866025403784 0.353553390593 0.353553390593 2.83 0.0008 crystal_1
0.38690959730764773 0.0881 0.866025403784 0.433012701892 -0.25 2.83 0.0331 crystal_2
0.3878621948437144 0.0881 0.866025403784 0.433012701892 0.25 2.83 0.0336 crystal_2
0.38778747026169713 0.0881 0.866025403784 0.482962913145 -0.129409522551 2.83 0.0339 crystal_2
0.38901628066957117 0.0881 0.866025403784 0.482962913145 0.129409522551 2.83 0.0335 crystal_2
0.39288990825688075 0.0881 0.866025403784 0.5 0.0 2.83 0.0335 crystal_2
0.3925191527715186 0.0881 0.939692620786 -0.342020143326 0.0 2.83 0.0341 crystal_2
0.38739946380697055 0.0881 0.939692620786 -0.330366089549 -0.088521326901 2.83 0.0343 crystal_2
0.38860630722278733 0.0882 0.939692620786 -0.330366089549 0.088521326901 2.83 0.0339 crystal_2
0.391455483292218 0.0881 0.939692620786 -0.296198132726 -0.171010071663 2.83 0.0342 crystal_2
0.38878252055411655 0.0881 0.939692620786 -0.296198132726 0.171010071663 2.83 0.0341 crystal_2
0.39271479185119573 0.0881 0.939692620786 -0.241844762648 -0.241844762648 2.83 0.0008 crystal_1
0.3953009961022087 0.0881 0.939692620786 -0.241844762648 0.241844762648 2.83 0.0007 crystal_1
0.3875539807330306 0.0881 0.939692620786 -0.171010071663 -0.296198132726 2.83 0.0008 crystal_1
0.39433771486349845 0.0881 0.939692620786 -0.171010071663 0.296198132726 2.83 0.0008 crystal_1
0.3842418892076803 0.0881 0.939692620786 -0.088521326901 -0.330366089549 2.83 0.0008 crystal_1
0.39508233199821996 0.0881 0.939692620786 -0.088521326901 0.330366089549 2.83 0.0008 crystal_1
0.3938958310295255 0.0881 0.939692620786 0.0 -0.342020143326 2.83 0.0008 crystal_1
0.39426118391323994 0.0881 0.939692620786 0.0 0.342020143326 2.83 0.0008 crystal_1
0.3850189774503239 0.0881 0.939692620786 0.088521326901 -0.330366089549 2.83 0.0008 crystal_1
0.38966606498194944 0.0881 0.939692620786 0.088521326901 0.330366089549 2.83 0.0008 crystal_1
0.3881680228722234 0.0882 0.939692620786 0.171010071663 -0.296198132726 2.83 0.0008 crystal_1
0.3973937677053824 0.0881 0.939692620786 0.171010071663 0.296198132726 2.83 0.0008 crystal_1
0.39484083424807903 0.0881 0.939692620786 0.241844762648 -0.241844762648 2.83 0.0008 crystal_1
0.3962614779186707 0.0881 0.939692620786 0.241844762648 0.241844762648 2.83 0.0007 crystal_1
0.3892441196620232 0.0881 0.939692620786 0.296198132726 -0.171010071663 2.83 0.0336 crystal_2
0.3916332378223496 0.0881 0.939692620786 0.296198132726 0.171010071663 2.83 0.0335 crystal_2
0.3889580269261228 0.0881 0.939692620786 0.330366089549 -0.088521326901 2.83 0.0339 crystal_2
0.39113222486144106 0.0881 0.939692620786 0.330366089549 0.088521326901 2.83 0.0339 crystal_2
0.393860738065681 0.0881 0.939692620786 0.342020143326 0.0 2.83 0.034 crystal_2
0.39272482317278545 0.0881 0.984807753012 -0.173648177667 0.0 2.83 0.0342 crystal_2
0.39056518802071605 0.0881 0.984807753012 -0.167731259497 -0.044943455528 2.83 0.0341 crystal_2
0.3927337568260336 0.0881 0.984807753012 -0.167731259497 0.044943455528 2.83 0.0344 crystal_2
0.38957647325990696 0.0882 0.984807753012 -0.15038373318 -0.086824088833 2.83 0.0338 crystal_2
0.39171210468920403 0.0881 0.984807753012 -0.15038373318 0.086824088833 2.83 0.0352 crystal_2
0.39593852908891325 0.0881 0.984807753012 -0.122787803969 -0.122787803969 2.83 0.0007 crystal_1
0.3996132774734128 0.0881 0.984807753012 -0.122787803969 0.122787803969 2.83 0.0007 crystal_1
0.3960845039265568 0.0881 0.984807753012 -0.086824088833 -0.15038373318 2.83 0.0008 crystal_1
0.3950303699613473 0.0882 0.984807753012 -0.086824088833 0.15038373318 2.83 0.0008 crystal_1
0.3917741757635903 0.0881 0.984807753012 -0.044943455528 -0.167731259497 2.83 0.0008 crystal_1
0.3945358717865979 0.0881 0.984807753012 -0.044943455528 0.167731259497 2.83 0.0007 crystal_1
0.3958691910499139 0.0881 0.984807753012 -1.4675e-08 -0.173648177667 2.83 0.0007 crystal_1
0.3992701513362671 0.0881 0.984807753012 0.0 0.173648177667 2.83 0.0007 crystal_1
0.39522979742975384 0.0882 0.984807753012 0.044943455528 -0.167731259497 2.83 0.0007 crystal_1
0.39670510708401974 0.0881 0.984807753012 0.044943455528 0.167731259497 2.83 0.0007 crystal_1
0.39264206722873096 0.0881 0.984807753012 0.086824088833 -0.15038373318 2.83 0.0008 crystal_1
0.39808496588157594 0.0881 0.984807753012 0.086824088833 0.15038373318 2.83 0.0007 crystal_1
0.39510414429890484 0.0882 0.984807753012 0.122787803969 -0.122787803969 2.83 0.0007 crystal_1
0.3974317118293612 0.0881 0.984807753012 0.122787803969 0.122787803969 2.83 0.0007 crystal_1
0.3891006952231443 0.0881 0.984807753012 0.15038373318 -0.086824088833 2.83 0.0342 crystal_2
0.39132414892405787 0.0881 0.984807753012 0.15038373318 0.086824088833 2.83 0.0337 crystal_2
0.3899977573446961 0.0881 0.984807753012 0.167731259497 -0.044943455528 2.83 0.0342 crystal_2
0.39533310787960774 0.0881 0.984807753012 0.167731259497 0.044943455528 2.83 0.034 crystal_2
0.39307513039618236 0.0881 0.984807753012 0.173648177667 0.0 2.83 0.0346 crystal_2
0.39791532344723834 0.0881 1.0 0.0 0.0 2.83 0.0007 crystal_1
