0.4090228378884313 -1.0 0.0 0.0 crystal_1
0.4012597258243794 -0.984807753012 -0.173648177667 0.0 crystal_2
0.4070025935531678 -0.984807753012 -0.167731259497 -0.044943455528 crystal_2
0.4016123122022719 -0.984807753012 -0.167731259497 0.044943455528 crystal_2
0.4044943820224719 -0.984807753012 -0.15038373318 -0.086824088833 crystal_2
0.40063150074294207 -0.984807753012 -0.15038373318 0.086824088833 crystal_2
0.40457456541628545 -0.984807753012 -0.122787803969 -0.122787803969 crystal_1
0.4061978103544257 -0.984807753012 -0.122787803969 0.122787803969 crystal_1
0.40738625547306295 -0.984807753012 -0.086824088833 -0.15038373318 crystal_1
0.4051535087719298 -0.984807753012 -0.086824088833 0.15038373318 crystal_1
0.4069506726457399 -0.984807753012 -0.044943455528 -0.167731259497 crystal_1
0.4049237552820135 -0.984807753012 -0.044943455528 0.167731259497 crystal_1
0.4064420033513313 -0.984807753012 0.0 -0.173648177667 crystal_1
0.40878251036562385 -0.984807753012 0.0 0.173648177667 crystal_1
0.40445682451253484 -0.984807753012 0.044943455528 -0.167731259497 crystal_1
0.403705783267827 -0.984807753012 0.044943455528 0.167731259497 crystal_1
0.4095022624434389 -0.984807753012 0.086824088833 -0.15038373318 crystal_1
0.40563540090771555 -0.984807753012 0.086824088833 0.15038373318 crystal_1
0.40695108495770493 -0.984807753012 0.122787803969 -0.122787803969 crystal_1
0.4097533632286995 -0.984807753012 0.122787803969 0.122787803969 crystal_1
0.402811170704642 -0.984807753012 0.15038373318 -0.086824088833 crystal_2
0.40386384544618215 -0.984807753012 0.15038373318 0.086824088833 crystal_2
0.40310786106032914 -0.984807753012 0.167731259497 -0.044943455528 crystal_2
0.4039490680937443 -0.984807753012 0.167731259497 0.044943455528 crystal_2
0.4039685511044553 -0.984807753012 0.173648177667 0.0 crystal_2
0.4033942558746736 -0.939692620786 -0.342020143326 0.0 crystal_2
0.404370564064251 -0.939692620786 -0.330366089549 -0.088521326901 crystal_2
0.40109990834097153 -0.939692620786 -0.330366089549 0.088521326901 crystal_2
0.40079066265060237 -0.939692620786 -0.296198132726 -0.171010071663 crystal_2
0.3976833976833978 -0.939692620786 -0.296198132726 0.171010071663 crystal_2
0.40508221225710017 -0.939692620786 -0.241844762648 -0.241844762648 crystal_1
0.40280675137492883 -0.939692620786 -0.241844762648 0.241844762648 crystal_1
0.40494766888677447 -0.939692620786 -0.171010071663 -0.296198132726 crystal_1
0.40138214419125884 -0.939692620786 -0.171010071663 0.296198132726 crystal_1
0.4061538461538461 -0.939692620786 -0.088521326901 -0.330366089549 crystal_1
0.3990869317101007 -0.939692620786 -0.088521326901 0.330366089549 crystal_1
0.40254403131115457 -0.939692620786 0.0 -0.342020143326 crystal_1
0.39946838807670393 -0.939692620786 0.0 0.342020143326 crystal_1
0.4046932102327371 -0.939692620786 0.088521326901 -0.330366089549 crystal_1
0.39965264376688536 -0.939692620786 0.088521326901 0.330366089549 crystal_1
0.4033138768593485 -0.939692620786 0.171010071663 -0.296198132726 crystal_1
0.4014514896867837 -0.939692620786 0.171010071663 0.296198132726 crystal_1
0.4045589325426242 -0.939692620786 0.241844762648 -0.241844762648 crystal_1
0.4012533232054689 -0.939692620786 0.241844762648 0.241844762648 crystal_1
0.40041183077499065 -0.939692620786 0.296198132726 -0.171010071663 crystal_2
0.3999620349278664 -0.939692620786 0.296198132726 0.171010071663 crystal_2
0.4024182883053088 -0.939692620786 0.330366089549 -0.088521326901 crystal_2
0.40231191965131696 -0.939692620786 0.330366089549 0.088521326901 crystal_2
0.40156453715775764 -0.939692620786 0.342020143326 0.0 crystal_2
0.40546178645932107 -0.866025403784 -0.5 0.0 crystal_2
0.40186382655001907 -0.866025403784 -0.482962913145 -0.129409522551 crystal_2
0.39970392301998514 -0.866025403784 -0.482962913145 0.129409522551 crystal_2
0.40192864030858244 -0.866025403784 -0.433012701892 -0.25 crystal_2
0.39676640029734256 -0.866025403784 -0.433012701892 0.25 crystal_2
0.40203562340966925 -0.866025403784 -0.353553390593 -0.353553390593 crystal_1
0.40301391035548684 -0.866025403784 -0.353553390593 0.353553390593 crystal_1
0.4008240141259565 -0.866025403784 -0.25 -0.433012701892 crystal_1
0.40054074932406336 -0.866025403784 -0.25 0.433012701892 crystal_1
0.39910858995137766 -0.866025403784 -0.129409522551 -0.482962913145 crystal_1
0.3970066955494289 -0.866025403784 -0.129409522551 0.482962913145 crystal_1
0.400781410651861 -0.866025403784 0.0 -0.5 crystal_1
0.39940535183349846 -0.866025403784 0.0 0.5 crystal_1
0.4008421896932023 -0.866025403784 0.129409522551 -0.482962913145 crystal_1
0.3978367748279251 -0.866025403784 0.129409522551 0.482962913145 crystal_1
0.4024530471444998 -0.866025403784 0.25 -0.433012701892 crystal_1
0.400547088706526 -0.866025403784 0.25 0.433012701892 crystal_1
0.40414507772020725 -0.866025403784 0.353553390593 -0.353553390593 crystal_1
0.3996138996138996 -0.866025403784 0.353553390593 0.353553390593 crystal_1
0.4025522041763341 -0.866025403784 0.433012701892 -0.25 crystal_2
0.40407854984894254 -0.866025403784 0.433012701892 0.25 crystal_2
0.39988772455089827 -0.866025403784 0.482962913145 -0.129409522551 crystal_2
0.40113207547169816 -0.866025403784 0.482962913145 0.129409522551 crystal_2
0.4041470311027332 -0.866025403784 0.5 0.0 crystal_2
0.40065412919051513 -0.766044443119 -0.454519477672 0.454519477672 crystal_1
0.39804469273743015 -0.766044443119 -0.321393804843 0.556670399226 crystal_1
0.39581640942323315 -0.766044443119 -0.166365675343 0.620885153015 crystal_1
0.39252336448598135 -0.766044443119 0.0 0.642787609687 crystal_1
0.3984885620915033 -0.766044443119 0.166365675343 0.620885153015 crystal_1
0.3952180028129395 -0.766044443119 0.321393804843 0.556670399226 crystal_1
0.39800399201596814 -0.766044443119 0.454519477672 0.454519477672 crystal_1
0.4046868846002363 -0.766044443119 0.556670399226 -0.321393804843 crystal_2
0.39953810623556574 -0.766044443119 0.556670399226 0.321393804843 crystal_2
0.3997381219603441 -0.766044443119 0.620885153015 -0.166365675343 crystal_2
0.40156428843952696 -0.766044443119 0.620885153015 0.166365675343 crystal_2
0.40411350219005904 -0.766044443119 0.642787609687 0.0 crystal_2
0.40149196633511863 -0.642787609687 -0.766044443119 0.0 crystal_2
0.4024006296733569 -0.642787609687 -0.739942111694 -0.198266891274 crystal_2
0.4005736137667304 -0.642787609687 -0.739942111694 0.198266891274 crystal_2
0.4007512850929221 -0.642787609687 -0.663413948169 -0.383022221559 crystal_2
0.39800399201596814 -0.642787609687 -0.663413948169 0.383022221559 crystal_2
0.4008885127988153 -0.642787609687 -0.54167522042 -0.54167522042 crystal_1
0.4021851164708308 -0.642787609687 -0.54167522042 0.54167522042 crystal_1
0.40326797385620927 -0.642787609687 -0.383022221559 -0.663413948169 crystal_1
0.3959115561118064 -0.642787609687 -0.383022221559 0.663413948169 crystal_1
0.40128946198310356 -0.642787609687 -0.198266891274 -0.739942111694 crystal_1
0.3956957170253569 -0.642787609687 -0.198266891274 0.739942111694 crystal_1
0.39906417112299464 -0.642787609687 -0.0 -0.766044443119 crystal_1
0.39548141891891897 -0.642787609687 9.578e-09 0.766044443119 crystal_1
0.4010105649977034 -0.642787609687 0.198266891274 -0.739942111694 crystal_1
0.393740424600569 -0.642787609687 0.198266891274 0.739942111694 crystal_1
0.4044037497274907 -0.642787609687 0.383022221559 -0.663413948169 crystal_1
0.3956668068994531 -0.642787609687 0.383022221559 0.663413948169 crystal_1
0.4033043846642661 -0.642787609687 0.54167522042 -0.54167522042 crystal_1
0.4001640016400163 -0.642787609687 0.54167522042 0.54167522042 crystal_1
0.40405647245973353 -0.642787609687 0.663413948169 -0.383022221559 crystal_2
0.39940179461615144 -0.642787609687 0.663413948169 0.383022221559 crystal_2
0.40053353658536595 -0.642787609687 0.739942111694 -0.198266891274 crystal_2
0.3985282726568551 -0.642787609687 0.739942111694 0.198266891274 crystal_2
0.4047432379459035 -0.642787609687 0.766044443119 0.0 crystal_2
0.40343430445687833 -0.342020143326 -0.939692620786 0.0 crystal_2
0.40234299980795096 -0.342020143326 -0.90767337119 -0.243210346802 crystal_2
0.4031128404669261 -0.342020143326 -0.90767337119 0.243210346802 crystal_2
0.4050968399592253 -0.342020143326 -0.813797681349 -0.469846310393 crystal_2
0.39979939819458366 -0.342020143326 -0.813797681349 0.469846310393 crystal_2
0.4031801350468307 -0.342020143326 -0.664463024389 -0.664463024389 crystal_1
0.40137960767406766 -0.342020143326 -0.664463024389 0.664463024389 crystal_1
0.4053370140326662 -0.342020143326 -0.469846310393 -0.813797681349 crystal_1
0.4005713030103274 -0.342020143326 -0.469846310393 0.813797681349 crystal_1
0.40269567273587137 -0.342020143326 -0.243210346802 -0.90767337119 crystal_1
0.3989422855828926 -0.342020143326 -0.243210346802 0.90767337119 crystal_1
0.40215827338129495 -0.342020143326 -5.096e-09 -0.939692620786 crystal_1
0.39940284795590264 -0.342020143326 5.096e-09 0.939692620786 crystal_1
0.4017374970650387 -0.342020143326 0.243210346802 -0.90767337119 crystal_1
0.3987813134732565 -0.342020143326 0.243210346802 0.90767337119 crystal_1
0.40099682827367467 -0.342020143326 0.469846310393 -0.813797681349 crystal_1
0.3999547818222925 -0.342020143326 0.469846310393 0.813797681349 crystal_1
0.40403383214053357 -0.342020143326 0.664463024389 -0.664463024389 crystal_1
0.40228399051928465 -0.342020143326 0.664463024389 0.664463024389 crystal_1
0.401019367991845 -0.342020143326 0.813797681349 -0.469846310393 crystal_2
0.40048494645382904 -0.342020143326 0.813797681349 0.469846310393 crystal_2
0.40109246976199764 -0.342020143326 0.90767337119 -0.243210346802 crystal_2
0.40246768507638087 -0.342020143326 0.90767337119 0.243210346802 crystal_2
0.40409503573498173 -0.342020143326 0.939692620786 0.0 crystal_2
0.402072027627035 -1.1546e-08 9.42e-09 1.0 crystal_1
0.39957430340557276 0.0 -1.0 0.0 crystal_2
0.40441176470588225 0.0 -0.965925826289 -0.258819045103 crystal_2
0.401170731707317 0.0 -0.965925826289 0.258819045103 crystal_2
0.40237999193223073 0.0 -0.866025403784 -0.5 crystal_2
0.40223232740801984 0.0 -0.866025403784 0.5 crystal_2
0.40548984601651417 0.0 -0.707106781187 -0.707106781187 crystal_1
0.4041439476553981 0.0 -0.707106781187 0.707106781187 crystal_1
0.4033906177426846 0.0 -0.5 -0.866025403784 crystal_1
0.4013683010262258 0.0 -0.5 0.866025403784 crystal_1
0.40333960489181564 0.0 -0.258819045103 -0.965925826289 crystal_1
0.4018047969603419 0.0 -0.258819045103 0.965925826289 crystal_1
0.4018047969603419 0.0 0.258819045103 -0.965925826289 crystal_1
0.40333960489181564 0.0 0.258819045103 0.965925826289 crystal_1
0.4013683010262258 0.0 0.5 -0.866025403784 crystal_1
0.4033906177426846 0.0 0.5 0.866025403784 crystal_1
0.4041439476553981 0.0 0.707106781187 -0.707106781187 crystal_1
0.40548984601651417 0.0 0.707106781187 0.707106781187 crystal_1
0.40223232740801984 0.0 0.866025403784 -0.5 crystal_2
0.40237999193223073 0.0 0.866025403784 0.5 crystal_2
0.401170731707317 0.0 0.965925826289 -0.258819045103 crystal_2
0.40441176470588225 0.0 0.965925826289 0.258819045103 crystal_2
0.39957430340557276 0.0 1.0 0.0 crystal_2
0.402072027627035 1.1546e-08 -9.42e-09 -1.0 crystal_1
0.40409503573498173 0.342020143326 -0.939692620786 0.0 crystal_2
0.40246768507638087 0.342020143326 -0.90767337119 -0.243210346802 crystal_2
0.40109246976199764 0.342020143326 -0.90767337119 0.243210346802 crystal_2
0.40048494645382904 0.342020143326 -0.813797681349 -0.469846310393 crystal_2
0.401019367991845 0.342020143326 -0.813797681349 0.469846310393 crystal_2
0.40228399051928465 0.342020143326 -0.664463024389 -0.664463024389 crystal_1
0.40403383214053357 0.342020143326 -0.664463024389 0.664463024389 crystal_1
0.3999547818222925 0.342020143326 -0.469846310393 -0.813797681349 crystal_1
0.40099682827367467 0.342020143326 -0.469846310393 0.813797681349 crystal_1
0.3987813134732565 0.342020143326 -0.243210346802 -0.90767337119 crystal_1
0.4017374970650387 0.342020143326 -0.243210346802 0.90767337119 crystal_1
0.39940284795590264 0.342020143326 -5.096e-09 -0.939692620786 crystal_1
0.40215827338129495 0.342020143326 5.096e-09 0.939692620786 crystal_1
0.3989422855828926 0.342020143326 0.243210346802 -0.90767337119 crystal_1
0.40269567273587137 0.342020143326 0.243210346802 0.90767337119 crystal_1
0.4005713030103274 0.342020143326 0.469846310393 -0.813797681349 crystal_1
0.4053370140326662 0.342020143326 0.469846310393 0.813797681349 crystal_1
0.40137960767406766 0.342020143326 0.664463024389 -0.664463024389 crystal_1
0.4031801350468307 0.342020143326 0.664463024389 0.664463024389 crystal_1
0.39979939819458366 0.342020143326 0.813797681349 -0.469846310393 crystal_2
0.4050968399592253 0.342020143326 0.813797681349 0.469846310393 crystal_2
0.4031128404669261 0.342020143326 0.90767337119 -0.243210346802 crystal_2
0.40234299980795096 0.342020143326 0.90767337119 0.243210346802 crystal_2
0.40343430445687833 0.342020143326 0.939692620786 0.0 crystal_2
0.4047432379459035 0.642787609687 -0.766044443119 0.0 crystal_2
0.3985282726568551 0.642787609687 -0.739942111694 -0.198266891274 crystal_2
0.40053353658536595 0.642787609687 -0.739942111694 0.198266891274 crystal_2
0.39940179461615144 0.642787609687 -0.663413948169 -0.383022221559 crystal_2
0.40405647245973353 0.642787609687 -0.663413948169 0.383022221559 crystal_2
0.4001640016400163 0.642787609687 -0.54167522042 -0.54167522042 crystal_1
0.40216736905478634 0.642787609687 -0.54167522042 0.54167522042 crystal_1
0.3956668068994531 0.642787609687 -0.383022221559 -0.663413948169 crystal_1
0.4014099108438731 0.642787609687 -0.383022221559 0.663413948169 crystal_1
0.393740424600569 0.642787609687 -0.198266891274 -0.739942111694 crystal_1
0.4010019603572206 0.642787609687 -0.198266891274 0.739942111694 crystal_1
0.39548141891891897 0.642787609687 -9.578e-09 -0.766044443119 crystal_1
0.39793860631861977 0.642787609687 0.0 0.766044443119 crystal_1
0.3956957170253569 0.642787609687 0.198266891274 -0.739942111694 crystal_1
0.4003931847968545 0.642787609687 0.198266891274 0.739942111694 crystal_1
0.3959115561118064 0.642787609687 0.383022221559 -0.663413948169 crystal_1
0.4026745913818722 0.642787609687 0.383022221559 0.663413948169 crystal_1
0.4021851164708308 0.642787609687 0.54167522042 -0.54167522042 crystal_1
0.40091615216092413 0.642787609687 0.54167522042 0.54167522042 crystal_1
0.39919509390571106 0.642787609687 0.663413948169 -0.383022221559 crystal_2
0.3990108803165182 0.642787609687 0.663413948169 0.383022221559 crystal_2
0.39977519670288497 0.642787609687 0.739942111694 -0.198266891274 crystal_2
0.4027140672782875 0.642787609687 0.739942111694 0.198266891274 crystal_2
0.40571753123816734 0.642787609687 0.766044443119 0.0 crystal_2
0.40411350219005904 0.766044443119 -0.642787609687 0.0 crystal_2
0.40156428843952696 0.766044443119 -0.620885153015 -0.166365675343 crystal_2
0.3997381219603441 0.766044443119 -0.620885153015 0.166365675343 crystal_2
0.39953810623556574 0.766044443119 -0.556670399226 -0.321393804843 crystal_2
0.4046868846002363 0.766044443119 -0.556670399226 0.321393804843 crystal_2
0.39800399201596814 0.766044443119 -0.454519477672 -0.454519477672 crystal_1
0.3952180028129395 0.766044443119 -0.321393804843 -0.556670399226 crystal_1
0.3984885620915033 0.766044443119 -0.166365675343 -0.620885153015 crystal_1
0.39252336448598135 0.766044443119 0.0 -0.642787609687 crystal_1
0.39581640942323315 0.766044443119 0.166365675343 -0.620885153015 crystal_1
0.39804469273743015 0.766044443119 0.321393804843 -0.556670399226 crystal_1
0.40065412919051513 0.766044443119 0.454519477672 -0.454519477672 crystal_1
0.4041470311027332 0.866025403784 -0.5 0.0 crystal_2
0.40113207547169816 0.866025403784 -0.482962913145 -0.129409522551 crystal_2
0.39988772455089827 0.866025403784 -0.482962913145 0.129409522551 crystal_2
0.40407854984894254 0.866025403784 -0.433012701892 -0.25 crystal_2
0.4025522041763341 0.866025403784 -0.433012701892 0.25 crystal_2
0.3996138996138996 0.866025403784 -0.353553390593 -0.353553390593 crystal_1
0.40414507772020725 0.866025403784 -0.353553390593 0.353553390593 crystal_1
0.400547088706526 0.866025403784 -0.25 -0.433012701892 crystal_1
0.4024530471444998 0.866025403784 -0.25 0.433012701892 crystal_1
0.3978367748279251 0.866025403784 -0.129409522551 -0.482962913145 crystal_1
0.4008421896932023 0.866025403784 -0.129409522551 0.482962913145 crystal_1
0.39940535183349846 0.866025403784 0.0 -0.5 crystal_1
0.400781410651861 0.866025403784 0.0 0.5 crystal_1
0.3970066955494289 0.866025403784 0.129409522551 -0.482962913145 crystal_1
0.39910858995137766 0.866025403784 0.129409522551 0.482962913145 crystal_1
0.40054074932406336 0.866025403784 0.25 -0.433012701892 crystal_1
0.4008240141259565 0.866025403784 0.25 0.433012701892 crystal_1
0.40301391035548684 0.866025403784 0.353553390593 -0.353553390593 crystal_1
0.40203562340966925 0.866025403784 0.353553390593 0.353553390593 crystal_1
0.39676640029734256 0.866025403784 0.433012701892 -0.25 crystal_2
0.40192864030858244 0.866025403784 0.433012701892 0.25 crystal_2
0.39970392301998514 0.866025403784 0.482962913145 -0.129409522551 crystal_2
0.40186382655001907 0.866025403784 0.482962913145 0.129409522551 crystal_2
0.40546178645932107 0.866025403784 0.5 0.0 crystal_2
0.40156453715775764 0.939692620786 -0.342020143326 0.0 crystal_2
0.40231191965131696 0.939692620786 -0.330366089549 -0.088521326901 crystal_2
0.4024182883053088 0.939692620786 -0.330366089549 0.088521326901 crystal_2
0.3999620349278664 0.939692620786 -0.296198132726 -0.171010071663 crystal_2
0.40041183077499065 0.939692620786 -0.296198132726 0.171010071663 crystal_2
0.4012533232054689 0.939692620786 -0.241844762648 -0.241844762648 crystal_1
0.4045589325426242 0.939692620786 -0.241844762648 0.241844762648 crystal_1
0.4014514896867837 0.939692620786 -0.171010071663 -0.296198132726 crystal_1
0.4033138768593485 0.939692620786 -0.171010071663 0.296198132726 crystal_1
0.39965264376688536 0.939692620786 -0.088521326901 -0.330366089549 crystal_1
0.4046932102327371 0.939692620786 -0.088521326901 0.330366089549 crystal_1
0.39946838807670393 0.939692620786 0.0 -0.342020143326 crystal_1
0.40254403131115457 0.939692620786 0.0 0.342020143326 crystal_1
0.3990869317101007 0.939692620786 0.088521326901 -0.330366089549 crystal_1
0.4061538461538461 0.939692620786 0.088521326901 0.330366089549 crystal_1
0.40138214419125884 0.939692620786 0.171010071663 -0.296198132726 crystal_1
0.40494766888677447 0.939692620786 0.171010071663 0.296198132726 crystal_1
0.40280675137492883 0.939692620786 0.241844762648 -0.241844762648 crystal_1
0.40508221225710017 0.939692620786 0.241844762648 0.241844762648 crystal_1
0.3976833976833978 0.939692620786 0.296198132726 -0.171010071663 crystal_2
0.40079066265060237 0.939692620786 0.296198132726 0.171010071663 crystal_2
0.40109990834097153 0.939692620786 0.330366089549 -0.088521326901 crystal_2
0.404370564064251 0.939692620786 0.330366089549 0.088521326901 crystal_2
0.4033942558746736 0.939692620786 0.342020143326 0.0 crystal_2
0.4039685511044553 0.984807753012 -0.173648177667 0.0 crystal_2
0.4039490680937443 0.984807753012 -0.167731259497 -0.044943455528 crystal_2
0.40310786106032914 0.984807753012 -0.167731259497 0.044943455528 crystal_2
0.40386384544618215 0.984807753012 -0.15038373318 -0.086824088833 crystal_2
0.402811170704642 0.984807753012 -0.15038373318 0.086824088833 crystal_2
0.4097533632286995 0.984807753012 -0.122787803969 -0.122787803969 crystal_1
0.40695108495770493 0.984807753012 -0.122787803969 0.122787803969 crystal_1
0.40563540090771555 0.984807753012 -0.086824088833 -0.15038373318 crystal_1
0.4095022624434389 0.984807753012 -0.086824088833 0.15038373318 crystal_1
0.403705783267827 0.984807753012 -0.044943455528 -0.167731259497 crystal_1
0.40445682451253484 0.984807753012 -0.044943455528 0.167731259497 crystal_1
0.40878251036562385 0.984807753012 0.0 -0.173648177667 crystal_1
0.4064420033513313 0.984807753012 0.0 0.173648177667 crystal_1
0.4049237552820135 0.984807753012 0.044943455528 -0.167731259497 crystal_1
0.4069506726457399 0.984807753012 0.044943455528 0.167731259497 crystal_1
0.4051535087719298 0.984807753012 0.086824088833 -0.15038373318 crystal_1
0.40738625547306295 0.984807753012 0.086824088833 0.15038373318 crystal_1
0.4061978103544257 0.984807753012 0.122787803969 -0.122787803969 crystal_1
0.40457456541628545 0.984807753012 0.122787803969 0.122787803969 crystal_1
0.40063150074294207 0.984807753012 0.15038373318 -0.086824088833 crystal_2
0.4044943820224719 0.984807753012 0.15038373318 0.086824088833 crystal_2
0.4016123122022719 0.984807753012 0.167731259497 -0.044943455528 crystal_2
0.4070025935531678 0.984807753012 0.167731259497 0.044943455528 crystal_2
0.4012597258243794 0.984807753012 0.173648177667 0.0 crystal_2
0.4090228378884313 1.0 0.0 0.0 crystal_1
