0.2621 -1.0 0.0 0.0 crystal_1
0.2671 -0.984807753012 -0.173648177667 0.0 crystal_2
0.2646 -0.984807753012 -0.167731259497 -0.044943455528 crystal_2
0.2721 -0.984807753012 -0.167731259497 0.044943455528 crystal_2
0.2628 -0.984807753012 -0.15038373318 -0.086824088833 crystal_2
0.2606 -0.984807753012 -0.15038373318 0.086824088833 crystal_2
0.2682 -0.984807753012 -0.122787803969 -0.122787803969 crystal_1
0.266 -0.984807753012 -0.122787803969 0.122787803969 crystal_1
0.2603 -0.984807753012 -0.086824088833 -0.15038373318 crystal_1
0.2668 -0.984807753012 -0.086824088833 0.15038373318 crystal_1
0.2617 -0.984807753012 -0.044943455528 -0.167731259497 crystal_1
0.2665 -0.984807753012 -0.044943455528 0.167731259497 crystal_1
0.263 -0.984807753012 0.0 -0.173648177667 crystal_1
0.2641 -0.984807753012 1.4675e-08 0.173648177667 crystal_1
0.266 -0.984807753012 0.044943455528 -0.167731259497 crystal_1
0.2639 -0.984807753012 0.044943455528 0.167731259497 crystal_1
0.2633 -0.984807753012 0.086824088833 -0.15038373318 crystal_1
0.268 -0.984807753012 0.086824088833 0.15038373318 crystal_1
0.2733 -0.984807753012 0.122787803969 -0.122787803969 crystal_1
0.2683 -0.984807753012 0.122787803969 0.122787803969 crystal_1
0.2695 -0.984807753012 0.15038373318 -0.086824088833 crystal_2
0.2691 -0.984807753012 0.15038373318 0.086824088833 crystal_2
0.2658 -0.984807753012 0.167731259497 -0.044943455528 crystal_2
0.2669 -0.984807753012 0.167731259497 0.044943455528 crystal_2
0.2643 -0.984807753012 0.173648177667 0.0 crystal_2
0.2654 -0.939692620786 -0.342020143326 0.0 crystal_2
0.27 -0.939692620786 -0.330366089549 -0.088521326901 crystal_2
0.2651 -0.939692620786 -0.330366089549 0.088521326901 crystal_2
0.2627 -0.939692620786 -0.296198132726 -0.171010071663 crystal_2
0.2682 -0.939692620786 -0.296198132726 0.171010071663 crystal_2
0.2629 -0.939692620786 -0.241844762648 -0.241844762648 crystal_1
0.2625 -0.939692620786 -0.241844762648 0.241844762648 crystal_1
0.2602 -0.939692620786 -0.171010071663 -0.296198132726 crystal_1
0.255 -0.939692620786 -0.171010071663 0.296198132726 crystal_1
0.2579 -0.939692620786 -0.088521326901 -0.330366089549 crystal_1
0.2644 -0.939692620786 -0.088521326901 0.330366089549 crystal_1
0.26 -0.939692620786 0.0 -0.342020143326 crystal_1
0.2634 -0.939692620786 0.0 0.342020143326 crystal_1
0.2587 -0.939692620786 0.088521326901 -0.330366089549 crystal_1
0.2578 -0.939692620786 0.088521326901 0.330366089549 crystal_1
0.2668 -0.939692620786 0.171010071663 -0.296198132726 crystal_1
0.2604 -0.939692620786 0.171010071663 0.296198132726 crystal_1
0.2623 -0.939692620786 0.241844762648 -0.241844762648 crystal_1
0.2634 -0.939692620786 0.241844762648 0.241844762648 crystal_1
0.2577 -0.939692620786 0.296198132726 -0.171010071663 crystal_2
0.2669 -0.939692620786 0.296198132726 0.171010071663 crystal_2
0.2642 -0.939692620786 0.330366089549 -0.088521326901 crystal_2
0.2652 -0.939692620786 0.330366089549 0.088521326901 crystal_2
0.2616 -0.939692620786 0.342020143326 0.0 crystal_2
0.2604 -0.866025403784 -0.5 0.0 crystal_2
0.2642 -0.866025403784 -0.482962913145 -0.129409522551 crystal_2
0.2743 -0.866025403784 -0.482962913145 0.129409522551 crystal_2
0.2617 -0.866025403784 -0.433012701892 -0.25 crystal_2
0.2616 -0.866025403784 -0.433012701892 0.25 crystal_2
0.2606 -0.866025403784 -0.353553390593 -0.353553390593 crystal_1
0.2562 -0.866025403784 -0.353553390593 0.353553390593 crystal_1
0.2471 -0.866025403784 -0.25 -0.433012701892 crystal_1
0.2595 -0.866025403784 -0.25 0.433012701892 crystal_1
0.2486 -0.866025403784 -0.129409522551 -0.482962913145 crystal_1
0.2548 -0.866025403784 -0.129409522551 0.482962913145 crystal_1
0.241 -0.866025403784 0.0 -0.5 crystal_1
0.2513 -0.866025403784 0.0 0.5 crystal_1
0.253 -0.866025403784 0.129409522551 -0.482962913145 crystal_1
0.2547 -0.866025403784 0.129409522551 0.482962913145 crystal_1
0.2586 -0.866025403784 0.25 -0.433012701892 crystal_1
0.2514 -0.866025403784 0.25 0.433012701892 crystal_1
0.2634 -0.866025403784 0.353553390593 -0.353553390593 crystal_1
0.2517 -0.866025403784 0.353553390593 0.353553390593 crystal_1
0.2576 -0.866025403784 0.433012701892 -0.25 crystal_2
0.2584 -0.866025403784 0.433012701892 0.25 crystal_2
0.2611 -0.866025403784 0.482962913145 -0.129409522551 crystal_2
0.264 -0.866025403784 0.482962913145 0.129409522551 crystal_2
0.261 -0.866025403784 0.5 0.0 crystal_2
0.2596 -0.766044443119 -0.642787609687 0.0 crystal_2
0.262 -0.766044443119 -0.620885153015 -0.166365675343 crystal_2
0.2633 -0.766044443119 -0.620885153015 0.166365675343 crystal_2
0.2537 -0.766044443119 -0.556670399226 -0.321393804843 crystal_2
0.2618 -0.766044443119 -0.556670399226 0.321393804843 crystal_2
0.2554 -0.766044443119 -0.454519477672 -0.454519477672 crystal_1
0.2486 -0.766044443119 -0.454519477672 0.454519477672 crystal_1
0.2528 -0.766044443119 -0.321393804843 -0.556670399226 crystal_1
0.2461 -0.766044443119 -0.321393804843 0.556670399226 crystal_1
0.2373 -0.766044443119 -0.166365675343 -0.620885153015 crystal_1
0.2453 -0.766044443119 -0.166365675343 0.620885153015 crystal_1
0.2338 -0.766044443119 0.0 -0.642787609687 crystal_1
0.2469 -0.766044443119 1.1415e-08 0.642787609687 crystal_1
0.2384 -0.766044443119 0.166365675343 -0.620885153015 crystal_1
0.2453 -0.766044443119 0.166365675343 0.620885153015 crystal_1
0.2431 -0.766044443119 0.321393804843 -0.556670399226 crystal_1
0.2408 -0.766044443119 0.321393804843 0.556670399226 crystal_1
0.2544 -0.766044443119 0.454519477672 -0.454519477672 crystal_1
0.247 -0.766044443119 0.454519477672 0.454519477672 crystal_1
0.2539 -0.766044443119 0.556670399226 -0.321393804843 crystal_2
0.2544 -0.766044443119 0.556670399226 0.321393804843 crystal_2
0.2648 -0.766044443119 0.620885153015 -0.166365675343 crystal_2
0.2577 -0.766044443119 0.620885153015 0.166365675343 crystal_2
0.2627 -0.766044443119 0.642787609687 0.0 crystal_2
0.257 -0.5 -0.866025403784 0.0 crystal_2
0.2478 -0.5 -0.836516303738 -0.224143868042 crystal_2
0.2533 -0.5 -0.836516303738 0.224143868042 crystal_2
0.2448 -0.5 -0.75 -0.433012701892 crystal_2
0.2407 -0.5 -0.75 0.433012701892 crystal_2
0.2294 -0.5 -0.612372435696 -0.612372435696 crystal_1
0.24 -0.5 -0.612372435696 0.612372435696 crystal_1
0.2217 -0.5 -0.433012701892 -0.75 crystal_1
0.2258 -0.5 -0.433012701892 0.75 crystal_1
0.2148 -0.5 -0.224143868042 -0.836516303738 crystal_1
0.2242 -0.5 -0.224143868042 0.836516303738 crystal_1
0.2125 -0.5 -0.0 -0.866025403784 crystal_1
0.2229 -0.5 0.0 0.866025403784 crystal_1
0.2133 -0.5 0.224143868042 -0.836516303738 crystal_1
0.2232 -0.5 0.224143868042 0.836516303738 crystal_1
0.2211 -0.5 0.433012701892 -0.75 crystal_1
0.2272 -0.5 0.433012701892 0.75 crystal_1
0.2323 -0.5 0.612372435696 -0.612372435696 crystal_1
0.2347 -0.5 0.612372435696 0.612372435696 crystal_1
0.2452 -0.5 0.75 -0.433012701892 crystal_2
0.2453 -0.5 0.75 0.433012701892 crystal_2
0.2606 -0.5 0.836516303738 -0.224143868042 crystal_2
0.2566 -0.5 0.836516303738 0.224143868042 crystal_2
0.2613 -0.5 0.866025403784 0.0 crystal_2
0.2578 -0.173648177667 -0.984807753012 0.0 crystal_2
0.2565 -0.173648177667 -0.951251242564 -0.254887002244 crystal_2
0.2535 -0.173648177667 -0.951251242564 0.254887002244 crystal_2
0.2408 -0.173648177667 -0.852868531952 -0.492403876506 crystal_2
0.246 -0.173648177667 -0.852868531952 0.492403876506 crystal_2
0.2234 -0.173648177667 -0.69636424032 -0.69636424032 crystal_1
0.2328 -0.173648177667 -0.69636424032 0.69636424032 crystal_1
0.2148 -0.173648177667 -0.492403876506 -0.852868531952 crystal_1
0.2178 -0.173648177667 -0.492403876506 0.852868531952 crystal_1
0.2099 -0.173648177667 -0.254887002244 -0.951251242564 crystal_1
0.2088 -0.173648177667 -0.254887002244 0.951251242564 crystal_1
0.2025 -0.173648177667 -0.0 -0.984807753012 crystal_1
0.2096 -0.173648177667 0.0 0.984807753012 crystal_1
0.2031 -0.173648177667 0.254887002244 -0.951251242564 crystal_1
0.2091 -0.173648177667 0.254887002244 0.951251242564 crystal_1
0.2135 -0.173648177667 0.492403876506 -0.852868531952 crystal_1
0.2158 -0.173648177667 0.492403876506 0.852868531952 crystal_1
0.2265 -0.173648177667 0.69636424032 -0.69636424032 crystal_1
0.224 -0.173648177667 0.69636424032 0.69636424032 crystal_1
0.2469 -0.173648177667 0.852868531952 -0.492403876506 crystal_2
0.2467 -0.173648177667 0.852868531952 0.492403876506 crystal_2
0.2531 -0.173648177667 0.951251242564 -0.254887002244 crystal_2
0.2525 -0.173648177667 0.951251242564 0.254887002244 crystal_2
0.2604 -0.173648177667 0.984807753012 0.0 crystal_2
0.2604 0.173648177667 -0.984807753012 0.0 crystal_2
0.2525 0.173648177667 -0.951251242564 -0.254887002244 crystal_2
0.2531 0.173648177667 -0.951251242564 0.254887002244 crystal_2
0.2467 0.173648177667 -0.852868531952 -0.492403876506 crystal_2
0.2469 0.173648177667 -0.852868531952 0.492403876506 crystal_2
0.224 0.173648177667 -0.69636424032 -0.69636424032 crystal_1
0.2265 0.173648177667 -0.69636424032 0.69636424032 crystal_1
0.2158 0.173648177667 -0.492403876506 -0.852868531952 crystal_1
0.2135 0.173648177667 -0.492403876506 0.852868531952 crystal_1
0.2091 0.173648177667 -0.254887002244 -0.951251242564 crystal_1
0.2031 0.173648177667 -0.254887002244 0.951251242564 crystal_1
0.2096 0.173648177667 0.0 -0.984807753012 crystal_1
0.2025 0.173648177667 0.0 0.984807753012 crystal_1
0.2088 0.173648177667 0.254887002244 -0.951251242564 crystal_1
0.2099 0.173648177667 0.254887002244 0.951251242564 crystal_1
0.2178 0.173648177667 0.492403876506 -0.852868531952 crystal_1
0.2148 0.173648177667 0.492403876506 0.852868531952 crystal_1
0.2328 0.173648177667 0.69636424032 -0.69636424032 crystal_1
0.2234 0.173648177667 0.69636424032 0.69636424032 crystal_1
0.246 0.173648177667 0.852868531952 -0.492403876506 crystal_2
0.2408 0.173648177667 0.852868531952 0.492403876506 crystal_2
0.2535 0.173648177667 0.951251242564 -0.254887002244 crystal_2
0.2565 0.173648177667 0.951251242564 0.254887002244 crystal_2
0.2578 0.173648177667 0.984807753012 0.0 crystal_2
0.2613 0.5 -0.866025403784 0.0 crystal_2
0.2566 0.5 -0.836516303738 -0.224143868042 crystal_2
0.2606 0.5 -0.836516303738 0.224143868042 crystal_2
0.2453 0.5 -0.75 -0.433012701892 crystal_2
0.2452 0.5 -0.75 0.433012701892 crystal_2
0.2347 0.5 -0.612372435696 -0.612372435696 crystal_1
0.2537 0.5 -0.612372435696 0.612372435696 crystal_1
0.2272 0.5 -0.433012701892 -0.75 crystal_1
0.2381 0.5 -0.433012701892 0.75 crystal_1
0.2232 0.5 -0.224143868042 -0.836516303738 crystal_1
0.2186 0.5 -0.224143868042 0.836516303738 crystal_1
0.2229 0.5 0.0 -0.866025403784 crystal_1
0.2165 0.5 0.0 0.866025403784 crystal_1
0.2242 0.5 0.224143868042 -0.836516303738 crystal_1
0.2175 0.5 0.224143868042 0.836516303738 crystal_1
0.2258 0.5 0.433012701892 -0.75 crystal_1
0.2292 0.5 0.433012701892 0.75 crystal_1
0.24 0.5 0.612372435696 -0.612372435696 crystal_1
0.2493 0.5 0.612372435696 0.612372435696 crystal_1
0.2524 0.5 0.75 -0.433012701892 crystal_2
0.251 0.5 0.75 0.433012701892 crystal_2
0.2614 0.5 0.836516303738 -0.224143868042 crystal_2
0.2552 0.5 0.836516303738 0.224143868042 crystal_2
0.2575 0.5 0.866025403784 0.0 crystal_2
0.2627 0.766044443119 -0.642787609687 0.0 crystal_2
0.2577 0.766044443119 -0.620885153015 -0.166365675343 crystal_2
0.2648 0.766044443119 -0.620885153015 0.166365675343 crystal_2
0.2544 0.766044443119 -0.556670399226 -0.321393804843 crystal_2
0.2539 0.766044443119 -0.556670399226 0.321393804843 crystal_2
0.247 0.766044443119 -0.454519477672 -0.454519477672 crystal_1
0.2544 0.766044443119 -0.454519477672 0.454519477672 crystal_1
0.2408 0.766044443119 -0.321393804843 -0.556670399226 crystal_1
0.2431 0.766044443119 -0.321393804843 0.556670399226 crystal_1
0.2453 0.766044443119 -0.166365675343 -0.620885153015 crystal_1
0.2384 0.766044443119 -0.166365675343 0.620885153015 crystal_1
0.2469 0.766044443119 -1.1415e-08 -0.642787609687 crystal_1
0.2338 0.766044443119 0.0 0.642787609687 crystal_1
0.2453 0.766044443119 0.166365675343 -0.620885153015 crystal_1
0.2373 0.766044443119 0.166365675343 0.620885153015 crystal_1
0.2461 0.766044443119 0.321393804843 -0.556670399226 crystal_1
0.2528 0.766044443119 0.321393804843 0.556670399226 crystal_1
0.2486 0.766044443119 0.454519477672 -0.454519477672 crystal_1
0.2554 0.766044443119 0.454519477672 0.454519477672 crystal_1
0.2618 0.766044443119 0.556670399226 -0.321393804843 crystal_2
0.2537 0.766044443119 0.556670399226 0.321393804843 crystal_2
0.2633 0.766044443119 0.620885153015 -0.166365675343 crystal_2
0.262 0.766044443119 0.620885153015 0.166365675343 crystal_2
0.2596 0.766044443119 0.642787609687 0.0 crystal_2
0.261 0.866025403784 -0.5 0.0 crystal_2
0.264 0.866025403784 -0.482962913145 -0.129409522551 crystal_2
0.2611 0.866025403784 -0.482962913145 0.129409522551 crystal_2
0.2584 0.866025403784 -0.433012701892 -0.25 crystal_2
0.2576 0.866025403784 -0.433012701892 0.25 crystal_2
0.2517 0.866025403784 -0.353553390593 -0.353553390593 crystal_1
0.2634 0.866025403784 -0.353553390593 0.353553390593 crystal_1
0.2514 0.866025403784 -0.25 -0.433012701892 crystal_1
0.2586 0.866025403784 -0.25 0.433012701892 crystal_1
0.2547 0.866025403784 -0.129409522551 -0.482962913145 crystal_1
0.253 0.866025403784 -0.129409522551 0.482962913145 crystal_1
0.2513 0.866025403784 0.0 -0.5 crystal_1
0.241 0.866025403784 0.0 0.5 crystal_1
0.2548 0.866025403784 0.129409522551 -0.482962913145 crystal_1
0.2486 0.866025403784 0.129409522551 0.482962913145 crystal_1
0.2595 0.866025403784 0.25 -0.433012701892 crystal_1
0.2471 0.866025403784 0.25 0.433012701892 crystal_1
0.2562 0.866025403784 0.353553390593 -0.353553390593 crystal_1
0.2606 0.866025403784 0.353553390593 0.353553390593 crystal_1
0.2616 0.866025403784 0.433012701892 -0.25 crystal_2
0.2617 0.866025403784 0.433012701892 0.25 crystal_2
0.2743 0.866025403784 0.482962913145 -0.129409522551 crystal_2
0.2642 0.866025403784 0.482962913145 0.129409522551 crystal_2
0.2604 0.866025403784 0.5 0.0 crystal_2
0.2616 0.939692620786 -0.342020143326 0.0 crystal_2
0.2652 0.939692620786 -0.330366089549 -0.088521326901 crystal_2
0.2642 0.939692620786 -0.330366089549 0.088521326901 crystal_2
0.2669 0.939692620786 -0.296198132726 -0.171010071663 crystal_2
0.2577 0.939692620786 -0.296198132726 0.171010071663 crystal_2
0.2634 0.939692620786 -0.241844762648 -0.241844762648 crystal_1
0.2623 0.939692620786 -0.241844762648 0.241844762648 crystal_1
0.2604 0.939692620786 -0.171010071663 -0.296198132726 crystal_1
0.2668 0.939692620786 -0.171010071663 0.296198132726 crystal_1
0.2578 0.939692620786 -0.088521326901 -0.330366089549 crystal_1
0.2587 0.939692620786 -0.088521326901 0.330366089549 crystal_1
0.2634 0.939692620786 0.0 -0.342020143326 crystal_1
0.26 0.939692620786 0.0 0.342020143326 crystal_1
0.2644 0.939692620786 0.088521326901 -0.330366089549 crystal_1
0.2579 0.939692620786 0.088521326901 0.330366089549 crystal_1
0.255 0.939692620786 0.171010071663 -0.296198132726 crystal_1
0.2602 0.939692620786 0.171010071663 0.296198132726 crystal_1
0.2625 0.939692620786 0.241844762648 -0.241844762648 crystal_1
0.2629 0.939692620786 0.241844762648 0.241844762648 crystal_1
0.2682 0.939692620786 0.296198132726 -0.171010071663 crystal_2
0.2627 0.939692620786 0.296198132726 0.171010071663 crystal_2
0.2651 0.939692620786 0.330366089549 -0.088521326901 crystal_2
0.27 0.939692620786 0.330366089549 0.088521326901 crystal_2
0.2654 0.939692620786 0.342020143326 0.0 crystal_2
0.2643 0.984807753012 -0.173648177667 0.0 crystal_2
0.2669 0.984807753012 -0.167731259497 -0.044943455528 crystal_2
0.2658 0.984807753012 -0.167731259497 0.044943455528 crystal_2
0.2691 0.984807753012 -0.15038373318 -0.086824088833 crystal_2
0.2695 0.984807753012 -0.15038373318 0.086824088833 crystal_2
0.2683 0.984807753012 -0.122787803969 -0.122787803969 crystal_1
0.2733 0.984807753012 -0.122787803969 0.122787803969 crystal_1
0.268 0.984807753012 -0.086824088833 -0.15038373318 crystal_1
0.2633 0.984807753012 -0.086824088833 0.15038373318 crystal_1
0.2639 0.984807753012 -0.044943455528 -0.167731259497 crystal_1
0.266 0.984807753012 -0.044943455528 0.167731259497 crystal_1
0.2641 0.984807753012 -1.4675e-08 -0.173648177667 crystal_1
0.263 0.984807753012 0.0 0.173648177667 crystal_1
0.2665 0.984807753012 0.044943455528 -0.167731259497 crystal_1
0.2617 0.984807753012 0.044943455528 0.167731259497 crystal_1
0.2668 0.984807753012 0.086824088833 -0.15038373318 crystal_1
0.2603 0.984807753012 0.086824088833 0.15038373318 crystal_1
0.266 0.984807753012 0.122787803969 -0.122787803969 crystal_1
0.2682 0.984807753012 0.122787803969 0.122787803969 crystal_1
0.2606 0.984807753012 0.15038373318 -0.086824088833 crystal_2
0.2628 0.984807753012 0.15038373318 0.086824088833 crystal_2
0.2721 0.984807753012 0.167731259497 -0.044943455528 crystal_2
0.2646 0.984807753012 0.167731259497 0.044943455528 crystal_2
0.2671 0.984807753012 0.173648177667 0.0 crystal_2
0.2621 1.0 0.0 0.0 crystal_1
