5.4341 0.1766 -1.0 0.0 0.0 10.0 0.0013 crystal_1
5.1323 0.1975 -0.984807753012 -0.173648177667 0.0 10.0 0.1967 crystal_2
5.0891 0.1958 -0.984807753012 -0.167731259497 -0.044943455528 10.0 0.1951 crystal_2
5.1081 0.1965 -0.984807753012 -0.167731259497 0.044943455528 10.0 0.1958 crystal_2
5.126 0.1971 -0.984807753012 -0.15038373318 -0.086824088833 10.0 0.1965 crystal_2
5.0719 0.1952 -0.984807753012 -0.15038373318 0.086824088833 10.0 0.1944 crystal_2
5.1875 0.1694 -0.984807753012 -0.122787803969 -0.122787803969 10.0 0.0014 crystal_1
5.3651 0.1748 -0.984807753012 -0.122787803969 0.122787803969 10.0 0.0014 crystal_1
5.251 0.171 -0.984807753012 -0.086824088833 -0.15038373318 10.0 0.0014 crystal_1
5.2626 0.1712 -0.984807753012 -0.086824088833 0.15038373318 10.0 0.0014 crystal_1
5.2384 0.1703 -0.984807753012 -0.044943455528 -0.167731259497 10.0 0.0014 crystal_1
5.2649 0.1713 -0.984807753012 -0.044943455528 0.167731259497 10.0 0.0014 crystal_1
5.3408 0.1737 -0.984807753012 0.0 -0.173648177667 10.0 0.0014 crystal_1
5.3818 0.175 -0.984807753012 0.0 0.173648177667 10.0 0.0014 crystal_1
5.213 0.1698 -0.984807753012 0.044943455528 -0.167731259497 10.0 0.0014 crystal_1
5.2502 0.1708 -0.984807753012 0.044943455528 0.167731259497 10.0 0.0014 crystal_1
5.2311 0.1706 -0.984807753012 0.086824088833 -0.15038373318 10.0 0.0014 crystal_1
5.2663 0.1717 -0.984807753012 0.086824088833 0.15038373318 10.0 0.0014 crystal_1
5.2755 0.1719 -0.984807753012 0.122787803969 -0.122787803969 10.0 0.0014 crystal_1
5.2948 0.1723 -0.984807753012 0.122787803969 0.122787803969 10.0 0.0014 crystal_1
5.1306 0.1974 -0.984807753012 0.15038373318 -0.086824088833 10.0 0.1967 crystal_2
5.1206 0.197 -0.984807753012 0.15038373318 0.086824088833 10.0 0.1963 crystal_2
5.1052 0.1964 -0.984807753012 0.167731259497 -0.044943455528 10.0 0.1957 crystal_2
5.095 0.1963 -0.984807753012 0.167731259497 0.044943455528 10.0 0.1953 crystal_2
5.1961 0.2 -0.984807753012 0.173648177667 0.0 10.0 0.1992 crystal_2
5.1128 0.1969 -0.939692620786 -0.342020143326 0.0 10.0 0.196 crystal_2
5.0548 0.1948 -0.939692620786 -0.330366089549 -0.088521326901 10.0 0.1937 crystal_2
5.0659 0.1949 -0.939692620786 -0.330366089549 0.088521326901 10.0 0.1942 crystal_2
5.0584 0.1945 -0.939692620786 -0.296198132726 -0.171010071663 10.0 0.1939 crystal_2
5.061 0.1948 -0.939692620786 -0.296198132726 0.171010071663 10.0 0.194 crystal_2
5.1793 0.1686 -0.939692620786 -0.241844762648 -0.241844762648 10.0 0.0014 crystal_1
5.2209 0.17 -0.939692620786 -0.241844762648 0.241844762648 10.0 0.0014 crystal_1
5.1448 0.1675 -0.939692620786 -0.171010071663 -0.296198132726 10.0 0.0014 crystal_1
5.1698 0.1683 -0.939692620786 -0.171010071663 0.296198132726 10.0 0.0014 crystal_1
5.1164 0.1666 -0.939692620786 -0.088521326901 -0.330366089549 10.0 0.0014 crystal_1
5.1901 0.1689 -0.939692620786 -0.088521326901 0.330366089549 10.0 0.0014 crystal_1
5.1318 0.1671 -0.939692620786 -0.0 -0.342020143326 10.0 0.0014 crystal_1
5.2597 0.171 -0.939692620786 0.0 0.342020143326 10.0 0.0014 crystal_1
5.1151 0.1666 -0.939692620786 0.088521326901 -0.330366089549 10.0 0.0014 crystal_1
5.1532 0.168 -0.939692620786 0.088521326901 0.330366089549 10.0 0.0014 crystal_1
5.1509 0.1677 -0.939692620786 0.171010071663 -0.296198132726 10.0 0.0014 crystal_1
5.2292 0.1701 -0.939692620786 0.171010071663 0.296198132726 10.0 0.0014 crystal_1
5.186 0.1689 -0.939692620786 0.241844762648 -0.241844762648 10.0 0.0014 crystal_1
5.2328 0.1703 -0.939692620786 0.241844762648 0.241844762648 10.0 0.0014 crystal_1
5.0569 0.1948 -0.939692620786 0.296198132726 -0.171010071663 10.0 0.1938 crystal_2
5.0866 0.1958 -0.939692620786 0.296198132726 0.171010071663 10.0 0.195 crystal_2
5.0584 0.1947 -0.939692620786 0.330366089549 -0.088521326901 10.0 0.1939 crystal_2
5.1149 0.1969 -0.939692620786 0.330366089549 0.088521326901 10.0 0.1961 crystal_2
5.1765 0.1991 -0.939692620786 0.342020143326 0.0 10.0 0.1984 crystal_2
5.0655 0.1948 -0.866025403784 -0.5 0.0 10.0 0.1942 crystal_2
5.0196 0.193 -0.866025403784 -0.482962913145 -0.129409522551 10.0 0.1924 crystal_2
5.0347 0.1937 -0.866025403784 -0.482962913145 0.129409522551 10.0 0.193 crystal_2
4.9891 0.1921 -0.866025403784 -0.433012701892 -0.25 10.0 0.1912 crystal_2
4.996 0.1922 -0.866025403784 -0.433012701892 0.25 10.0 0.1915 crystal_2
5.0524 0.1648 -0.866025403784 -0.353553390593 -0.353553390593 10.0 0.0014 crystal_1
5.1748 0.1683 -0.866025403784 -0.353553390593 0.353553390593 10.0 0.0014 crystal_1
5.0439 0.1644 -0.866025403784 -0.25 -0.433012701892 10.0 0.0015 crystal_1
5.0689 0.165 -0.866025403784 -0.25 0.433012701892 10.0 0.0015 crystal_1
4.9572 0.1615 -0.866025403784 -0.129409522551 -0.482962913145 10.0 0.0015 crystal_1
5.0566 0.1647 -0.866025403784 -0.129409522551 0.482962913145 10.0 0.0015 crystal_1
5.013 0.1633 -0.866025403784 -1.2905e-08 -0.5 10.0 0.0015 crystal_1
5.1304 0.1669 -0.866025403784 0.0 0.5 10.0 0.0014 crystal_1
4.9484 0.1612 -0.866025403784 0.129409522551 -0.482962913145 10.0 0.0015 crystal_1
5.0456 0.1642 -0.866025403784 0.129409522551 0.482962913145 10.0 0.0015 crystal_1
5.0587 0.1647 -0.866025403784 0.25 -0.433012701892 10.0 0.0015 crystal_1
5.0678 0.1651 -0.866025403784 0.25 0.433012701892 10.0 0.0015 crystal_1
5.0995 0.166 -0.866025403784 0.353553390593 -0.353553390593 10.0 0.0014 crystal_1
5.1309 0.167 -0.866025403784 0.353553390593 0.353553390593 10.0 0.0014 crystal_1
4.9979 0.1924 -0.866025403784 0.433012701892 -0.25 10.0 0.1916 crystal_2
5.0194 0.1932 -0.866025403784 0.433012701892 0.25 10.0 0.1924 crystal_2
5.0155 0.1929 -0.866025403784 0.482962913145 -0.129409522551 10.0 0.1922 crystal_2
5.0411 0.1939 -0.866025403784 0.482962913145 0.129409522551 10.0 0.1932 crystal_2
5.1463 0.198 -0.866025403784 0.5 0.0 10.0 0.1973 crystal_2
5.0575 0.1945 -0.766044443119 -0.642787609687 0.0 10.0 0.1939 crystal_2
4.9591 0.1906 -0.766044443119 -0.620885153015 -0.166365675343 10.0 0.1901 crystal_2
4.9811 0.1917 -0.766044443119 -0.620885153015 0.166365675343 10.0 0.1909 crystal_2
4.9983 0.1924 -0.766044443119 -0.556670399226 -0.321393804843 10.0 0.1916 crystal_2
4.9196 0.1895 -0.766044443119 -0.556670399226 0.321393804843 10.0 0.1886 crystal_2
5.0072 0.1633 -0.766044443119 -0.454519477672 -0.454519477672 10.0 0.0015 crystal_1
5.0923 0.1661 -0.766044443119 -0.454519477672 0.454519477672 10.0 0.0015 crystal_1
4.9234 0.1601 -0.766044443119 -0.321393804843 -0.556670399226 10.0 0.0015 crystal_1
4.9783 0.1622 -0.766044443119 -0.321393804843 0.556670399226 10.0 0.0015 crystal_1
4.8148 0.1568 -0.766044443119 -0.166365675343 -0.620885153015 10.0 0.0015 crystal_1
4.923 0.1603 -0.766044443119 -0.166365675343 0.620885153015 10.0 0.0015 crystal_1
4.8358 0.1575 -0.766044443119 -0.0 -0.642787609687 10.0 0.0015 crystal_1
4.9738 0.1622 -0.766044443119 0.0 0.642787609687 10.0 0.0015 crystal_1
4.8081 0.1567 -0.766044443119 0.166365675343 -0.620885153015 10.0 0.0015 crystal_1
4.9368 0.1606 -0.766044443119 0.166365675343 0.620885153015 10.0 0.0015 crystal_1
4.9017 0.1595 -0.766044443119 0.321393804843 -0.556670399226 10.0 0.0015 crystal_1
4.9608 0.1617 -0.766044443119 0.321393804843 0.556670399226 10.0 0.0015 crystal_1
4.9863 0.1625 -0.766044443119 0.454519477672 -0.454519477672 10.0 0.0015 crystal_1
5.0596 0.1646 -0.766044443119 0.454519477672 0.454519477672 10.0 0.0015 crystal_1
4.9611 0.1911 -0.766044443119 0.556670399226 -0.321393804843 10.0 0.1902 crystal_2
4.9422 0.1901 -0.766044443119 0.556670399226 0.321393804843 10.0 0.1894 crystal_2
4.9827 0.1917 -0.766044443119 0.620885153015 -0.166365675343 10.0 0.191 crystal_2
5.006 0.1926 -0.766044443119 0.620885153015 0.166365675343 10.0 0.1919 crystal_2
5.0894 0.196 -0.766044443119 0.642787609687 0.0 10.0 0.1951 crystal_2
5.0136 0.1928 -0.642787609687 -0.766044443119 0.0 10.0 0.1922 crystal_2
4.9577 0.1909 -0.642787609687 -0.739942111694 -0.198266891274 10.0 0.19 crystal_2
4.943 0.1904 -0.642787609687 -0.739942111694 0.198266891274 10.0 0.1895 crystal_2
4.8675 0.1872 -0.642787609687 -0.663413948169 -0.383022221559 10.0 0.1866 crystal_2
4.8556 0.1865 -0.642787609687 -0.663413948169 0.383022221559 10.0 0.1861 crystal_2
4.8954 0.1595 -0.642787609687 -0.54167522042 -0.54167522042 10.0 0.0015 crystal_1
5.0387 0.1641 -0.642787609687 -0.54167522042 0.54167522042 10.0 0.0015 crystal_1
4.822 0.1572 -0.642787609687 -0.383022221559 -0.663413948169 10.0 0.0015 crystal_1
4.8577 0.1581 -0.642787609687 -0.383022221559 0.663413948169 10.0 0.0015 crystal_1
4.6798 0.1524 -0.642787609687 -0.198266891274 -0.739942111694 10.0 0.0016 crystal_1
4.7905 0.156 -0.642787609687 -0.198266891274 0.739942111694 10.0 0.0015 crystal_1
4.7039 0.1532 -0.642787609687 -0.0 -0.766044443119 10.0 0.0015 crystal_1
4.866 0.1583 -0.642787609687 9.578e-09 0.766044443119 10.0 0.0015 crystal_1
4.6759 0.1526 -0.642787609687 0.198266891274 -0.739942111694 10.0 0.0015 crystal_1
4.7974 0.1562 -0.642787609687 0.198266891274 0.739942111694 10.0 0.0015 crystal_1
4.7826 0.1561 -0.642787609687 0.383022221559 -0.663413948169 10.0 0.0015 crystal_1
4.8837 0.1589 -0.642787609687 0.383022221559 0.663413948169 10.0 0.0015 crystal_1
4.8956 0.1595 -0.642787609687 0.54167522042 -0.54167522042 10.0 0.0015 crystal_1
4.9691 0.1618 -0.642787609687 0.54167522042 0.54167522042 10.0 0.0015 crystal_1
4.9064 0.1888 -0.642787609687 0.663413948169 -0.383022221559 10.0 0.1881 crystal_2
4.896 0.1882 -0.642787609687 0.663413948169 0.383022221559 10.0 0.1877 crystal_2
4.9166 0.1891 -0.642787609687 0.739942111694 -0.198266891274 10.0 0.1885 crystal_2
5.0105 0.1932 -0.642787609687 0.739942111694 0.198266891274 10.0 0.1921 crystal_2
5.0376 0.1937 -0.642787609687 0.766044443119 0.0 10.0 0.1931 crystal_2
5.0065 0.1927 -0.5 -0.866025403784 0.0 10.0 0.1919 crystal_2
4.9043 0.1888 -0.5 -0.836516303738 -0.224143868042 10.0 0.188 crystal_2
4.9398 0.19 -0.5 -0.836516303738 0.224143868042 10.0 0.1893 crystal_2
4.9122 0.1892 -0.5 -0.75 -0.433012701892 10.0 0.1883 crystal_2
4.7758 0.1838 -0.5 -0.75 0.433012701892 10.0 0.1831 crystal_2
4.8166 0.1569 -0.5 -0.612372435696 -0.612372435696 10.0 0.0015 crystal_1
4.92 0.1603 -0.5 -0.612372435696 0.612372435696 10.0 0.0015 crystal_1
4.7077 0.1533 -0.5 -0.433012701892 -0.75 10.0 0.0015 crystal_1
4.7873 0.1557 -0.5 -0.433012701892 0.75 10.0 0.0015 crystal_1
4.5505 0.1482 -0.5 -0.224143868042 -0.836516303738 10.0 0.0016 crystal_1
4.6799 0.1524 -0.5 -0.224143868042 0.836516303738 10.0 0.0016 crystal_1
4.5587 0.1485 -0.5 -0.0 -0.866025403784 10.0 0.0016 crystal_1
4.7026 0.1529 -0.5 0.0 0.866025403784 10.0 0.0016 crystal_1
4.5589 0.1486 -0.5 0.224143868042 -0.836516303738 10.0 0.0016 crystal_1
4.6653 0.1521 -0.5 0.224143868042 0.836516303738 10.0 0.0016 crystal_1
4.7109 0.1535 -0.5 0.433012701892 -0.75 10.0 0.0015 crystal_1
4.7856 0.1559 -0.5 0.433012701892 0.75 10.0 0.0016 crystal_1
4.8254 0.1574 -0.5 0.612372435696 -0.612372435696 10.0 0.0015 crystal_1
4.867 0.1583 -0.5 0.612372435696 0.612372435696 10.0 0.0015 crystal_1
4.8559 0.1869 -0.5 0.75 -0.433012701892 10.0 0.1861 crystal_2
4.8354 0.186 -0.5 0.75 0.433012701892 10.0 0.1853 crystal_2
4.9116 0.189 -0.5 0.836516303738 -0.224143868042 10.0 0.1883 crystal_2
4.9625 0.1909 -0.5 0.836516303738 0.224143868042 10.0 0.1902 crystal_2
5.0481 0.1941 -0.5 0.866025403784 0.0 10.0 0.1935 crystal_2
5.0018 0.1924 -0.342020143326 -0.939692620786 0.0 10.0 0.1917 crystal_2
4.9062 0.1888 -0.342020143326 -0.90767337119 -0.243210346802 10.0 0.1881 crystal_2
4.9014 0.1886 -0.342020143326 -0.90767337119 0.243210346802 10.0 0.1879 crystal_2
4.8366 0.186 -0.342020143326 -0.813797681349 -0.469846310393 10.0 0.1854 crystal_2
4.7905 0.1844 -0.342020143326 -0.813797681349 0.469846310393 10.0 0.1836 crystal_2
4.762 0.1549 -0.342020143326 -0.664463024389 -0.664463024389 10.0 0.0015 crystal_1
4.8595 0.1581 -0.342020143326 -0.664463024389 0.664463024389 10.0 0.0015 crystal_1
4.6509 0.1515 -0.342020143326 -0.469846310393 -0.813797681349 10.0 0.0016 crystal_1
4.6529 0.1515 -0.342020143326 -0.469846310393 0.813797681349 10.0 0.0016 crystal_1
4.4436 0.1448 -0.342020143326 -0.243210346802 -0.90767337119 10.0 0.0016 crystal_1
4.5343 0.1478 -0.342020143326 -0.243210346802 0.90767337119 10.0 0.0016 crystal_1
4.4478 0.1449 -0.342020143326 -0.0 -0.939692620786 10.0 0.0016 crystal_1
4.5499 0.1482 -0.342020143326 0.0 0.939692620786 10.0 0.0016 crystal_1
4.4524 0.1451 -0.342020143326 0.243210346802 -0.90767337119 10.0 0.0016 crystal_1
4.5592 0.1484 -0.342020143326 0.243210346802 0.90767337119 10.0 0.0016 crystal_1
4.5989 0.15 -0.342020143326 0.469846310393 -0.813797681349 10.0 0.0016 crystal_1
4.7325 0.1541 -0.342020143326 0.469846310393 0.813797681349 10.0 0.0016 crystal_1
4.7836 0.1558 -0.342020143326 0.664463024389 -0.664463024389 10.0 0.0015 crystal_1
4.8041 0.1564 -0.342020143326 0.664463024389 0.664463024389 10.0 0.0015 crystal_1
4.8287 0.1858 -0.342020143326 0.813797681349 -0.469846310393 10.0 0.1851 crystal_2
4.8122 0.1853 -0.342020143326 0.813797681349 0.469846310393 10.0 0.1845 crystal_2
4.8572 0.1874 -0.342020143326 0.90767337119 -0.243210346802 10.0 0.1862 crystal_2
4.9042 0.1887 -0.342020143326 0.90767337119 0.243210346802 10.0 0.188 crystal_2
4.9881 0.1921 -0.342020143326 0.939692620786 0.0 10.0 0.1912 crystal_2
5.0006 0.1923 -0.173648177667 -0.984807753012 0.0 10.0 0.1917 crystal_2
4.901 0.1886 -0.173648177667 -0.951251242564 -0.254887002244 10.0 0.1879 crystal_2
4.8993 0.1886 -0.173648177667 -0.951251242564 0.254887002244 10.0 0.1878 crystal_2
4.8177 0.1853 -0.173648177667 -0.852868531952 -0.492403876506 10.0 0.1847 crystal_2
4.7659 0.1834 -0.173648177667 -0.852868531952 0.492403876506 10.0 0.1827 crystal_2
4.731 0.1541 -0.173648177667 -0.69636424032 -0.69636424032 10.0 0.0015 crystal_1
4.7841 0.1559 -0.173648177667 -0.69636424032 0.69636424032 10.0 0.0015 crystal_1
4.5998 0.1499 -0.173648177667 -0.492403876506 -0.852868531952 10.0 0.0016 crystal_1
4.5833 0.1494 -0.173648177667 -0.492403876506 0.852868531952 10.0 0.0016 crystal_1
4.371 0.1423 -0.173648177667 -0.254887002244 -0.951251242564 10.0 0.0016 crystal_1
4.4887 0.1461 -0.173648177667 -0.254887002244 0.951251242564 10.0 0.0016 crystal_1
4.388 0.1429 -0.173648177667 -2.588e-09 -0.984807753012 10.0 0.0016 crystal_1
4.4726 0.1455 -0.173648177667 2.588e-09 0.984807753012 10.0 0.0016 crystal_1
4.4328 0.1443 -0.173648177667 0.254887002244 -0.951251242564 10.0 0.0016 crystal_1
4.4191 0.144 -0.173648177667 0.254887002244 0.951251242564 10.0 0.0016 crystal_1
4.5956 0.1496 -0.173648177667 0.492403876506 -0.852868531952 10.0 0.0016 crystal_1
4.6518 0.1513 -0.173648177667 0.492403876506 0.852868531952 10.0 0.0016 crystal_1
4.7811 0.1555 -0.173648177667 0.69636424032 -0.69636424032 10.0 0.0015 crystal_1
4.7157 0.1536 -0.173648177667 0.69636424032 0.69636424032 10.0 0.0015 crystal_1
4.8145 0.1851 -0.173648177667 0.852868531952 -0.492403876506 10.0 0.1845 crystal_2
4.8145 0.185 -0.173648177667 0.852868531952 0.492403876506 10.0 0.1845 crystal_2
4.8935 0.1884 -0.173648177667 0.951251242564 -0.254887002244 10.0 0.1876 crystal_2
4.8726 0.1873 -0.173648177667 0.951251242564 0.254887002244 10.0 0.1868 crystal_2
4.9738 0.1914 -0.173648177667 0.984807753012 0.0 10.0 0.1906 crystal_2
4.9568 0.1906 0.0 -1.0 0.0 10.0 0.19 crystal_2
4.8918 0.1882 0.0 -0.965925826289 -0.258819045103 10.0 0.1875 crystal_2
4.882 0.1879 0.0 -0.965925826289 0.258819045103 10.0 0.1871 crystal_2
4.7985 0.1845 0.0 -0.866025403784 -0.5 10.0 0.1839 crystal_2
4.794 0.1846 0.0 -0.866025403784 0.5 10.0 0.1838 crystal_2
4.7046 0.1535 0.0 -0.707106781187 -0.707106781187 10.0 0.0015 crystal_1
4.7741 0.1555 0.0 -0.707106781187 0.707106781187 10.0 0.0015 crystal_1
4.6016 0.1497 0.0 -0.5 -0.866025403784 10.0 0.0016 crystal_1
4.5632 0.1486 0.0 -0.5 0.866025403784 10.0 0.0016 crystal_1
4.3827 0.1427 0.0 -0.258819045103 -0.965925826289 10.0 0.0016 crystal_1
4.4186 0.144 0.0 -0.258819045103 0.965925826289 10.0 0.0016 crystal_1
4.4015 0.1431 0.0 0.0 -1.0 10.0 0.0016 crystal_1
4.4015 0.1431 -0.0 0.0 1.0 10.0 0.0016 crystal_1
4.4186 0.144 0.0 0.258819045103 -0.965925826289 10.0 0.0016 crystal_1
4.3827 0.1427 0.0 0.258819045103 0.965925826289 10.0 0.0016 crystal_1
4.5632 0.1486 0.0 0.5 -0.866025403784 10.0 0.0016 crystal_1
4.6016 0.1497 0.0 0.5 0.866025403784 10.0 0.0016 crystal_1
4.7741 0.1555 0.0 0.707106781187 -0.707106781187 10.0 0.0015 crystal_1
4.7046 0.1535 0.0 0.707106781187 0.707106781187 10.0 0.0015 crystal_1
4.794 0.1846 0.0 0.866025403784 -0.5 10.0 0.1838 crystal_2
4.7985 0.1845 0.0 0.866025403784 0.5 10.0 0.1839 crystal_2
4.882 0.1879 0.0 0.965925826289 -0.258819045103 10.0 0.1871 crystal_2
4.8918 0.1882 0.0 0.965925826289 0.258819045103 10.0 0.1875 crystal_2
4.9568 0.1906 0.0 1.0 0.0 10.0 0.19 crystal_2
4.9738 0.1914 0.173648177667 -0.984807753012 0.0 10.0 0.1906 crystal_2
4.8726 0.1873 0.173648177667 -0.951251242564 -0.254887002244 10.0 0.1868 crystal_2
4.8935 0.1884 0.173648177667 -0.951251242564 0.254887002244 10.0 0.1876 crystal_2
4.8145 0.185 0.173648177667 -0.852868531952 -0.492403876506 10.0 0.1845 crystal_2
4.8145 0.1851 0.173648177667 -0.852868531952 0.492403876506 10.0 0.1845 crystal_2
4.7157 0.1536 0.173648177667 -0.69636424032 -0.69636424032 10.0 0.0015 crystal_1
4.7811 0.1555 0.173648177667 -0.69636424032 0.69636424032 10.0 0.0015 crystal_1
4.6518 0.1513 0.173648177667 -0.492403876506 -0.852868531952 10.0 0.0016 crystal_1
4.5956 0.1496 0.173648177667 -0.492403876506 0.852868531952 10.0 0.0016 crystal_1
4.4191 0.144 0.173648177667 -0.254887002244 -0.951251242564 10.0 0.0016 crystal_1
4.4328 0.1443 0.173648177667 -0.254887002244 0.951251242564 10.0 0.0016 crystal_1
4.4726 0.1455 0.173648177667 -2.588e-09 -0.984807753012 10.0 0.0016 crystal_1
4.388 0.1429 0.173648177667 2.588e-09 0.984807753012 10.0 0.0016 crystal_1
4.4887 0.1461 0.173648177667 0.254887002244 -0.951251242564 10.0 0.0016 crystal_1
4.371 0.1423 0.173648177667 0.254887002244 0.951251242564 10.0 0.0016 crystal_1
4.5833 0.1494 0.173648177667 0.492403876506 -0.852868531952 10.0 0.0016 crystal_1
4.5998 0.1499 0.173648177667 0.492403876506 0.852868531952 10.0 0.0016 crystal_1
4.7841 0.1559 0.173648177667 0.69636424032 -0.69636424032 10.0 0.0015 crystal_1
4.731 0.1541 0.173648177667 0.69636424032 0.69636424032 10.0 0.0015 crystal_1
4.7659 0.1834 0.173648177667 0.852868531952 -0.492403876506 10.0 0.1827 crystal_2
4.8177 0.1853 0.173648177667 0.852868531952 0.492403876506 10.0 0.1847 crystal_2
4.8993 0.1886 0.173648177667 0.951251242564 -0.254887002244 10.0 0.1878 crystal_2
4.901 0.1886 0.173648177667 0.951251242564 0.254887002244 10.0 0.1879 crystal_2
5.0006 0.1923 0.173648177667 0.984807753012 0.0 10.0 0.1917 crystal_2
4.9881 0.1921 0.342020143326 -0.939692620786 0.0 10.0 0.1912 crystal_2
4.9042 0.1887 0.342020143326 -0.90767337119 -0.243210346802 10.0 0.188 crystal_2
4.8572 0.1874 0.342020143326 -0.90767337119 0.243210346802 10.0 0.1862 crystal_2
4.8122 0.1853 0.342020143326 -0.813797681349 -0.469846310393 10.0 0.1845 crystal_2
4.8287 0.1858 0.342020143326 -0.813797681349 0.469846310393 10.0 0.1851 crystal_2
4.8041 0.1564 0.342020143326 -0.664463024389 -0.664463024389 10.0 0.0015 crystal_1
4.7836 0.1558 0.342020143326 -0.664463024389 0.664463024389 10.0 0.0015 crystal_1
4.7325 0.1541 0.342020143326 -0.469846310393 -0.813797681349 10.0 0.0016 crystal_1
4.5989 0.15 0.342020143326 -0.469846310393 0.813797681349 10.0 0.0016 crystal_1
4.5592 0.1484 0.342020143326 -0.243210346802 -0.90767337119 10.0 0.0016 crystal_1
4.4524 0.1451 0.342020143326 -0.243210346802 0.90767337119 10.0 0.0016 crystal_1
4.5499 0.1482 0.342020143326 0.0 -0.939692620786 10.0 0.0016 crystal_1
4.4478 0.1449 0.342020143326 0.0 0.939692620786 10.0 0.0016 crystal_1
4.5343 0.1478 0.342020143326 0.243210346802 -0.90767337119 10.0 0.0016 crystal_1
4.4436 0.1448 0.342020143326 0.243210346802 0.90767337119 10.0 0.0016 crystal_1
4.6529 0.1515 0.342020143326 0.469846310393 -0.813797681349 10.0 0.0016 crystal_1
4.6509 0.1515 0.342020143326 0.469846310393 0.813797681349 10.0 0.0016 crystal_1
4.8595 0.1581 0.342020143326 0.664463024389 -0.664463024389 10.0 0.0015 crystal_1
4.762 0.1549 0.342020143326 0.664463024389 0.664463024389 10.0 0.0015 crystal_1
4.7905 0.1844 0.342020143326 0.813797681349 -0.469846310393 10.0 0.1836 crystal_2
4.8366 0.186 0.342020143326 0.813797681349 0.469846310393 10.0 0.1854 crystal_2
4.9014 0.1886 0.342020143326 0.90767337119 -0.243210346802 10.0 0.1879 crystal_2
4.9062 0.1888 0.342020143326 0.90767337119 0.243210346802 10.0 0.1881 crystal_2
5.0018 0.1924 0.342020143326 0.939692620786 0.0 10.0 0.1917 crystal_2
5.0481 0.1941 0.5 -0.866025403784 0.0 10.0 0.1935 crystal_2
4.9625 0.1909 0.5 -0.836516303738 -0.224143868042 10.0 0.1902 crystal_2
4.9116 0.189 0.5 -0.836516303738 0.224143868042 10.0 0.1883 crystal_2
4.8354 0.186 0.5 -0.75 -0.433012701892 10.0 0.1853 crystal_2
4.8559 0.1869 0.5 -0.75 0.433012701892 10.0 0.1861 crystal_2
4.867 0.1583 0.5 -0.612372435696 -0.612372435696 10.0 0.0015 crystal_1
4.8254 0.1574 0.5 -0.612372435696 0.612372435696 10.0 0.0015 crystal_1
4.7856 0.1559 0.5 -0.433012701892 -0.75 10.0 0.0016 crystal_1
4.7109 0.1535 0.5 -0.433012701892 0.75 10.0 0.0015 crystal_1
4.6653 0.1521 0.5 -0.224143868042 -0.836516303738 10.0 0.0016 crystal_1
4.5589 0.1486 0.5 -0.224143868042 0.836516303738 10.0 0.0016 crystal_1
4.7026 0.1529 0.5 0.0 -0.866025403784 10.0 0.0016 crystal_1
4.5587 0.1485 0.5 0.0 0.866025403784 10.0 0.0016 crystal_1
4.6799 0.1524 0.5 0.224143868042 -0.836516303738 10.0 0.0016 crystal_1
4.5505 0.1482 0.5 0.224143868042 0.836516303738 10.0 0.0016 crystal_1
4.7873 0.1557 0.5 0.433012701892 -0.75 10.0 0.0015 crystal_1
4.7077 0.1533 0.5 0.433012701892 0.75 10.0 0.0015 crystal_1
4.92 0.1603 0.5 0.612372435696 -0.612372435696 10.0 0.0015 crystal_1
4.8166 0.1569 0.5 0.612372435696 0.612372435696 10.0 0.0015 crystal_1
4.7758 0.1838 0.5 0.75 -0.433012701892 10.0 0.1831 crystal_2
4.9122 0.1892 0.5 0.75 0.433012701892 10.0 0.1883 crystal_2
4.9398 0.19 0.5 0.836516303738 -0.224143868042 10.0 0.1893 crystal_2
4.9043 0.1888 0.5 0.836516303738 0.224143868042 10.0 0.188 crystal_2
5.0065 0.1927 0.5 0.866025403784 0.0 10.0 0.1919 crystal_2
5.0376 0.1937 0.642787609687 -0.766044443119 0.0 10.0 0.1931 crystal_2
5.0105 0.1932 0.642787609687 -0.739942111694 -0.198266891274 10.0 0.1921 crystal_2
4.9166 0.1891 0.642787609687 -0.739942111694 0.198266891274 10.0 0.1885 crystal_2
4.896 0.1882 0.642787609687 -0.663413948169 -0.383022221559 10.0 0.1877 crystal_2
4.9064 0.1888 0.642787609687 -0.663413948169 0.383022221559 10.0 0.1881 crystal_2
4.9691 0.1618 0.642787609687 -0.54167522042 -0.54167522042 10.0 0.0015 crystal_1
4.8956 0.1595 0.642787609687 -0.54167522042 0.54167522042 10.0 0.0015 crystal_1
4.8837 0.1589 0.642787609687 -0.383022221559 -0.663413948169 10.0 0.0015 crystal_1
4.7826 0.1561 0.642787609687 -0.383022221559 0.663413948169 10.0 0.0015 crystal_1
4.7974 0.1562 0.642787609687 -0.198266891274 -0.739942111694 10.0 0.0015 crystal_1
4.6759 0.1526 0.642787609687 -0.198266891274 0.739942111694 10.0 0.0015 crystal_1
4.866 0.1583 0.642787609687 -9.578e-09 -0.766044443119 10.0 0.0015 crystal_1
4.7039 0.1532 0.642787609687 0.0 0.766044443119 10.0 0.0015 crystal_1
4.7905 0.156 0.642787609687 0.198266891274 -0.739942111694 10.0 0.0015 crystal_1
4.6798 0.1524 0.642787609687 0.198266891274 0.739942111694 10.0 0.0016 crystal_1
4.8577 0.1581 0.642787609687 0.383022221559 -0.663413948169 10.0 0.0015 crystal_1
4.822 0.1572 0.642787609687 0.383022221559 0.663413948169 10.0 0.0015 crystal_1
5.0387 0.1641 0.642787609687 0.54167522042 -0.54167522042 10.0 0.0015 crystal_1
4.8954 0.1595 0.642787609687 0.54167522042 0.54167522042 10.0 0.0015 crystal_1
4.8556 0.1865 0.642787609687 0.663413948169 -0.383022221559 10.0 0.1861 crystal_2
4.8675 0.1872 0.642787609687 0.663413948169 0.383022221559 10.0 0.1866 crystal_2
4.943 0.1904 0.642787609687 0.739942111694 -0.198266891274 10.0 0.1895 crystal_2
4.9577 0.1909 0.642787609687 0.739942111694 0.198266891274 10.0 0.19 crystal_2
5.0136 0.1928 0.642787609687 0.766044443119 0.0 10.0 0.1922 crystal_2
5.0894 0.196 0.766044443119 -0.642787609687 0.0 10.0 0.1951 crystal_2
5.006 0.1926 0.766044443119 -0.620885153015 -0.166365675343 10.0 0.1919 crystal_2
4.9827 0.1917 0.766044443119 -0.620885153015 0.166365675343 10.0 0.191 crystal_2
4.9422 0.1901 0.766044443119 -0.556670399226 -0.321393804843 10.0 0.1894 crystal_2
4.9611 0.1911 0.766044443119 -0.556670399226 0.321393804843 10.0 0.1902 crystal_2
5.0596 0.1646 0.766044443119 -0.454519477672 -0.454519477672 10.0 0.0015 crystal_1
4.9863 0.1625 0.766044443119 -0.454519477672 0.454519477672 10.0 0.0015 crystal_1
4.9608 0.1617 0.766044443119 -0.321393804843 -0.556670399226 10.0 0.0015 crystal_1
4.9017 0.1595 0.766044443119 -0.321393804843 0.556670399226 10.0 0.0015 crystal_1
4.9368 0.1606 0.766044443119 -0.166365675343 -0.620885153015 10.0 0.0015 crystal_1
4.8081 0.1567 0.766044443119 -0.166365675343 0.620885153015 10.0 0.0015 crystal_1
4.9738 0.1622 0.766044443119 0.0 -0.642787609687 10.0 0.0015 crystal_1
4.8358 0.1575 0.766044443119 0.0 0.642787609687 10.0 0.0015 crystal_1
4.923 0.1603 0.766044443119 0.166365675343 -0.620885153015 10.0 0.0015 crystal_1
4.8148 0.1568 0.766044443119 0.166365675343 0.620885153015 10.0 0.0015 crystal_1
4.9783 0.1622 0.766044443119 0.321393804843 -0.556670399226 10.0 0.0015 crystal_1
4.9234 0.1601 0.766044443119 0.321393804843 0.556670399226 10.0 0.0015 crystal_1
5.0923 0.1661 0.766044443119 0.454519477672 -0.454519477672 10.0 0.0015 crystal_1
5.0072 0.1633 0.766044443119 0.454519477672 0.454519477672 10.0 0.0015 crystal_1
4.9196 0.1895 0.766044443119 0.556670399226 -0.321393804843 10.0 0.1886 crystal_2
4.9983 0.1924 0.766044443119 0.556670399226 0.321393804843 10.0 0.1916 crystal_2
4.9811 0.1917 0.766044443119 0.620885153015 -0.166365675343 10.0 0.1909 crystal_2
4.9591 0.1906 0.766044443119 0.620885153015 0.166365675343 10.0 0.1901 crystal_2
5.0575 0.1945 0.766044443119 0.642787609687 0.0 10.0 0.1939 crystal_2
5.1463 0.198 0.866025403784 -0.5 0.0 10.0 0.1973 crystal_2
5.0411 0.1939 0.866025403784 -0.482962913145 -0.129409522551 10.0 0.1932 crystal_2
5.0155 0.1929 0.866025403784 -0.482962913145 0.129409522551 10.0 0.1922 crystal_2
5.0194 0.1932 0.866025403784 -0.433012701892 -0.25 10.0 0.1924 crystal_2
4.9979 0.1924 0.866025403784 -0.433012701892 0.25 10.0 0.1916 crystal_2
5.1309 0.167 0.866025403784 -0.353553390593 -0.353553390593 10.0 0.0014 crystal_1
5.0995 0.166 0.866025403784 -0.353553390593 0.353553390593 10.0 0.0014 crystal_1
5.0678 0.1651 0.866025403784 -0.25 -0.433012701892 10.0 0.0015 crystal_1
5.0587 0.1647 0.866025403784 -0.25 0.433012701892 10.0 0.0015 crystal_1
5.0456 0.1642 0.866025403784 -0.129409522551 -0.482962913145 10.0 0.0015 crystal_1
4.9484 0.1612 0.866025403784 -0.129409522551 0.482962913145 10.0 0.0015 crystal_1
5.1304 0.1669 0.866025403784 0.0 -0.5 10.0 0.0014 crystal_1
5.013 0.1633 0.866025403784 1.2905e-08 0.5 10.0 0.0015 crystal_1
5.0566 0.1647 0.866025403784 0.129409522551 -0.482962913145 10.0 0.0015 crystal_1
4.9572 0.1615 0.866025403784 0.129409522551 0.482962913145 10.0 0.0015 crystal_1
5.0689 0.165 0.866025403784 0.25 -0.433012701892 10.0 0.0015 crystal_1
5.0439 0.1644 0.866025403784 0.25 0.433012701892 10.0 0.0015 crystal_1
5.1748 0.1683 0.866025403784 0.353553390593 -0.353553390593 10.0 0.0014 crystal_1
5.0524 0.1648 0.866025403784 0.353553390593 0.353553390593 10.0 0.0014 crystal_1
4.996 0.1922 0.866025403784 0.433012701892 -0.25 10.0 0.1915 crystal_2
4.9891 0.1921 0.866025403784 0.433012701892 0.25 10.0 0.1912 crystal_2
5.0347 0.1937 0.866025403784 0.482962913145 -0.129409522551 10.0 0.193 crystal_2
5.0196 0.193 0.866025403784 0.482962913145 0.129409522551 10.0 0.1924 crystal_2
5.0655 0.1948 0.866025403784 0.5 0.0 10.0 0.1942 crystal_2
5.1765 0.1991 0.939692620786 -0.342020143326 0.0 10.0 0.1984 crystal_2
5.1149 0.1969 0.939692620786 -0.330366089549 -0.088521326901 10.0 0.1961 crystal_2
5.0584 0.1947 0.939692620786 -0.330366089549 0.088521326901 10.0 0.1939 crystal_2
5.0866 0.1958 0.939692620786 -0.296198132726 -0.171010071663 10.0 0.195 crystal_2
5.0569 0.1948 0.939692620786 -0.296198132726 0.171010071663 10.0 0.1938 crystal_2
5.2328 0.1703 0.939692620786 -0.241844762648 -0.241844762648 10.0 0.0014 crystal_1
5.2547 0.1714 0.939692620786 -0.241844762648 0.241844762648 10.0 0.0014 crystal_1
5.2292 0.1701 0.939692620786 -0.171010071663 -0.296198132726 10.0 0.0014 crystal_1
5.1834 0.169 0.939692620786 -0.171010071663 0.296198132726 10.0 0.0014 crystal_1
5.1532 0.168 0.939692620786 -0.088521326901 -0.330366089549 10.0 0.0014 crystal_1
5.1301 0.1672 0.939692620786 -0.088521326901 0.330366089549 10.0 0.0014 crystal_1
5.2597 0.171 0.939692620786 0.0 -0.342020143326 10.0 0.0014 crystal_1
5.2481 0.1708 0.939692620786 0.0 0.342020143326 10.0 0.0014 crystal_1
5.1901 0.1689 0.939692620786 0.088521326901 -0.330366089549 10.0 0.0014 crystal_1
5.1301 0.167 0.939692620786 0.088521326901 0.330366089549 10.0 0.0014 crystal_1
5.1698 0.1683 0.939692620786 0.171010071663 -0.296198132726 10.0 0.0014 crystal_1
5.155 0.1677 0.939692620786 0.171010071663 0.296198132726 10.0 0.0014 crystal_1
5.2209 0.17 0.939692620786 0.241844762648 -0.241844762648 10.0 0.0014 crystal_1
5.2437 0.1705 0.939692620786 0.241844762648 0.241844762648 10.0 0.0014 crystal_1
5.065 0.1949 0.939692620786 0.296198132726 -0.171010071663 10.0 0.1941 crystal_2
5.0992 0.1962 0.939692620786 0.296198132726 0.171010071663 10.0 0.1955 crystal_2
5.0756 0.1954 0.939692620786 0.330366089549 -0.088521326901 10.0 0.1945 crystal_2
5.1155 0.197 0.939692620786 0.330366089549 0.088521326901 10.0 0.1961 crystal_2
5.186 0.1998 0.939692620786 0.342020143326 0.0 10.0 0.1988 crystal_2
5.1961 0.2 0.984807753012 -0.173648177667 0.0 10.0 0.1992 crystal_2
5.095 0.1963 0.984807753012 -0.167731259497 -0.044943455528 10.0 0.1953 crystal_2
5.1052 0.1964 0.984807753012 -0.167731259497 0.044943455528 10.0 0.1957 crystal_2
5.1206 0.197 0.984807753012 -0.15038373318 -0.086824088833 10.0 0.1963 crystal_2
5.1306 0.1974 0.984807753012 -0.15038373318 0.086824088833 10.0 0.1967 crystal_2
5.2948 0.1723 0.984807753012 -0.122787803969 -0.122787803969 10.0 0.0014 crystal_1
5.3355 0.1736 0.984807753012 -0.122787803969 0.122787803969 10.0 0.0014 crystal_1
5.2663 0.1717 0.984807753012 -0.086824088833 -0.15038373318 10.0 0.0014 crystal_1
5.2283 0.1702 0.984807753012 -0.086824088833 0.15038373318 10.0 0.0014 crystal_1
5.2502 0.1708 0.984807753012 -0.044943455528 -0.167731259497 10.0 0.0014 crystal_1
5.2403 0.1708 0.984807753012 -0.044943455528 0.167731259497 10.0 0.0014 crystal_1
5.3818 0.175 0.984807753012 0.0 -0.173648177667 10.0 0.0014 crystal_1
5.3408 0.1737 0.984807753012 0.0 0.173648177667 10.0 0.0014 crystal_1
5.2649 0.1713 0.984807753012 0.044943455528 -0.167731259497 10.0 0.0014 crystal_1
5.2723 0.1716 0.984807753012 0.044943455528 0.167731259497 10.0 0.0014 crystal_1
5.2626 0.1712 0.984807753012 0.086824088833 -0.15038373318 10.0 0.0014 crystal_1
5.2113 0.1697 0.984807753012 0.086824088833 0.15038373318 10.0 0.0014 crystal_1
5.3651 0.1748 0.984807753012 0.122787803969 -0.122787803969 10.0 0.0014 crystal_1
5.3076 0.1727 0.984807753012 0.122787803969 0.122787803969 10.0 0.0014 crystal_1
5.0989 0.1961 0.984807753012 0.15038373318 -0.086824088833 10.0 0.1954 crystal_2
5.1608 0.1986 0.984807753012 0.15038373318 0.086824088833 10.0 0.1978 crystal_2
5.1053 0.1966 0.984807753012 0.167731259497 -0.044943455528 10.0 0.1957 crystal_2
5.156 0.1984 0.984807753012 0.167731259497 0.044943455528 10.0 0.1976 crystal_2
5.2314 0.2015 0.984807753012 0.173648177667 0.0 10.0 0.2005 crystal_2
5.4341 0.1766 1.0 0.0 0.0 10.0 0.0013 crystal_1
