0.3169 -1.0 0.0 0.0 crystal_1
0.31 -0.984807753012 -0.173648177667 0.0 crystal_2
0.299 -0.984807753012 -0.167731259497 -0.044943455528 crystal_2
0.2974 -0.984807753012 -0.167731259497 0.044943455528 crystal_2
0.3014 -0.984807753012 -0.15038373318 -0.086824088833 crystal_2
0.301 -0.984807753012 -0.15038373318 0.086824088833 crystal_2
0.311 -0.984807753012 -0.122787803969 -0.122787803969 crystal_1
0.3169 -0.984807753012 -0.122787803969 0.122787803969 crystal_1
0.3044 -0.984807753012 -0.086824088833 -0.15038373318 crystal_1
0.3198 -0.984807753012 -0.086824088833 0.15038373318 crystal_1
0.3048 -0.984807753012 -0.044943455528 -0.167731259497 crystal_1
0.3156 -0.984807753012 -0.044943455528 0.167731259497 crystal_1
0.3123 -0.984807753012 0.0 0.173648177667 crystal_1
0.3027 -0.984807753012 1.4675e-08 -0.173648177667 crystal_1
0.3194 -0.984807753012 0.044943455528 -0.167731259497 crystal_1
0.3111 -0.984807753012 0.044943455528 0.167731259497 crystal_1
0.306 -0.984807753012 0.086824088833 -0.15038373318 crystal_1
0.3115 -0.984807753012 0.086824088833 0.15038373318 crystal_1
0.3169 -0.984807753012 0.122787803969 -0.122787803969 crystal_1
0.3038 -0.984807753012 0.122787803969 0.122787803969 crystal_1
0.3067 -0.984807753012 0.15038373318 -0.086824088833 crystal_2
0.3068 -0.984807753012 0.15038373318 0.086824088833 crystal_2
0.3109 -0.984807753012 0.167731259497 -0.044943455528 crystal_2
0.304 -0.984807753012 0.167731259497 0.044943455528 crystal_2
0.2988 -0.984807753012 0.173648177667 0.0 crystal_2
0.3037 -0.939692620786 -0.342020143326 0.0 crystal_2
0.2992 -0.939692620786 -0.330366089549 -0.088521326901 crystal_2
0.3125 -0.939692620786 -0.330366089549 0.088521326901 crystal_2
0.3009 -0.939692620786 -0.296198132726 -0.171010071663 crystal_2
0.2918 -0.939692620786 -0.296198132726 0.171010071663 crystal_2
0.3082 -0.939692620786 -0.241844762648 -0.241844762648 crystal_1
0.2974 -0.939692620786 -0.241844762648 0.241844762648 crystal_1
0.29 -0.939692620786 -0.171010071663 -0.296198132726 crystal_1
0.3111 -0.939692620786 -0.171010071663 0.296198132726 crystal_1
0.2998 -0.939692620786 -0.088521326901 -0.330366089549 crystal_1
0.3032 -0.939692620786 -0.088521326901 0.330366089549 crystal_1
0.3027 -0.939692620786 0.0 -0.342020143326 crystal_1
0.3013 -0.939692620786 0.0 0.342020143326 crystal_1
0.3022 -0.939692620786 0.088521326901 -0.330366089549 crystal_1
0.3003 -0.939692620786 0.088521326901 0.330366089549 crystal_1
0.2951 -0.939692620786 0.171010071663 -0.296198132726 crystal_1
0.3088 -0.939692620786 0.171010071663 0.296198132726 crystal_1
0.3068 -0.939692620786 0.241844762648 -0.241844762648 crystal_1
0.2975 -0.939692620786 0.241844762648 0.241844762648 crystal_1
0.3066 -0.939692620786 0.296198132726 -0.171010071663 crystal_2
0.2954 -0.939692620786 0.296198132726 0.171010071663 crystal_2
0.3079 -0.939692620786 0.330366089549 -0.088521326901 crystal_2
0.297 -0.939692620786 0.330366089549 0.088521326901 crystal_2
0.3054 -0.939692620786 0.342020143326 0.0 crystal_2
0.2929 -0.866025403784 -0.5 0.0 crystal_2
0.2918 -0.866025403784 -0.482962913145 -0.129409522551 crystal_2
0.304 -0.866025403784 -0.482962913145 0.129409522551 crystal_2
0.2972 -0.866025403784 -0.433012701892 -0.25 crystal_2
0.2862 -0.866025403784 -0.433012701892 0.25 crystal_2
0.301 -0.866025403784 -0.353553390593 -0.353553390593 crystal_1
0.2949 -0.866025403784 -0.353553390593 0.353553390593 crystal_1
0.2782 -0.866025403784 -0.25 -0.433012701892 crystal_1
0.2998 -0.866025403784 -0.25 0.433012701892 crystal_1
0.2948 -0.866025403784 -0.129409522551 -0.482962913145 crystal_1
0.2976 -0.866025403784 -0.129409522551 0.482962913145 crystal_1
0.2979 -0.866025403784 0.0 0.5 crystal_1
0.294 -0.866025403784 1.2905e-08 -0.5 crystal_1
0.2939 -0.866025403784 0.129409522551 -0.482962913145 crystal_1
0.2927 -0.866025403784 0.129409522551 0.482962913145 crystal_1
0.289 -0.866025403784 0.25 -0.433012701892 crystal_1
0.3012 -0.866025403784 0.25 0.433012701892 crystal_1
0.3109 -0.866025403784 0.353553390593 -0.353553390593 crystal_1
0.2842 -0.866025403784 0.353553390593 0.353553390593 crystal_1
0.3021 -0.866025403784 0.433012701892 -0.25 crystal_2
0.2954 -0.866025403784 0.433012701892 0.25 crystal_2
0.2955 -0.866025403784 0.482962913145 -0.129409522551 crystal_2
0.2999 -0.866025403784 0.482962913145 0.129409522551 crystal_2
0.2992 -0.866025403784 0.5 0.0 crystal_2
0.3022 -0.766044443119 -0.642787609687 0.0 crystal_2
0.2906 -0.766044443119 -0.620885153015 -0.166365675343 crystal_2
0.2974 -0.766044443119 -0.620885153015 0.166365675343 crystal_2
0.2883 -0.766044443119 -0.556670399226 -0.321393804843 crystal_2
0.2827 -0.766044443119 -0.556670399226 0.321393804843 crystal_2
0.3021 -0.766044443119 -0.454519477672 -0.454519477672 crystal_1
0.2914 -0.766044443119 -0.454519477672 0.454519477672 crystal_1
0.2681 -0.766044443119 -0.321393804843 -0.556670399226 crystal_1
0.2897 -0.766044443119 -0.321393804843 0.556670399226 crystal_1
0.2733 -0.766044443119 -0.166365675343 -0.620885153015 crystal_1
0.2803 -0.766044443119 -0.166365675343 0.620885153015 crystal_1
0.2836 -0.766044443119 0.0 -0.642787609687 crystal_1
0.2832 -0.766044443119 0.0 0.642787609687 crystal_1
0.2835 -0.766044443119 0.166365675343 -0.620885153015 crystal_1
0.2837 -0.766044443119 0.166365675343 0.620885153015 crystal_1
0.2736 -0.766044443119 0.321393804843 -0.556670399226 crystal_1
0.2951 -0.766044443119 0.321393804843 0.556670399226 crystal_1
0.3013 -0.766044443119 0.454519477672 -0.454519477672 crystal_1
0.2824 -0.766044443119 0.454519477672 0.454519477672 crystal_1
0.2933 -0.766044443119 0.556670399226 -0.321393804843 crystal_2
0.2965 -0.766044443119 0.556670399226 0.321393804843 crystal_2
0.2902 -0.766044443119 0.620885153015 -0.166365675343 crystal_2
0.2958 -0.766044443119 0.620885153015 0.166365675343 crystal_2
0.2915 -0.766044443119 0.642787609687 0.0 crystal_2
0.2977 -0.642787609687 -0.766044443119 0.0 crystal_2
0.2936 -0.642787609687 -0.739942111694 -0.198266891274 crystal_2
0.2881 -0.642787609687 -0.739942111694 0.198266891274 crystal_2
0.2884 -0.642787609687 -0.663413948169 -0.383022221559 crystal_2
0.2769 -0.642787609687 -0.663413948169 0.383022221559 crystal_2
0.2978 -0.642787609687 -0.54167522042 -0.54167522042 crystal_1
0.2755 -0.642787609687 -0.54167522042 0.54167522042 crystal_1
0.2636 -0.642787609687 -0.383022221559 -0.663413948169 crystal_1
0.2875 -0.642787609687 -0.383022221559 0.663413948169 crystal_1
0.264 -0.642787609687 -0.198266891274 -0.739942111694 crystal_1
0.2664 -0.642787609687 -0.198266891274 0.739942111694 crystal_1
0.2672 -0.642787609687 0.0 -0.766044443119 crystal_1
0.272 -0.642787609687 9.578e-09 0.766044443119 crystal_1
0.2715 -0.642787609687 0.198266891274 -0.739942111694 crystal_1
0.2727 -0.642787609687 0.198266891274 0.739942111694 crystal_1
0.2621 -0.642787609687 0.383022221559 -0.663413948169 crystal_1
0.2861 -0.642787609687 0.383022221559 0.663413948169 crystal_1
0.2996 -0.642787609687 0.54167522042 -0.54167522042 crystal_1
0.2735 -0.642787609687 0.54167522042 0.54167522042 crystal_1
0.2914 -0.642787609687 0.663413948169 -0.383022221559 crystal_2
0.2867 -0.642787609687 0.663413948169 0.383022221559 crystal_2
0.2986 -0.642787609687 0.739942111694 -0.198266891274 crystal_2
0.2971 -0.642787609687 0.739942111694 0.198266891274 crystal_2
0.2893 -0.642787609687 0.766044443119 0.0 crystal_2
0.2891 -0.5 -0.866025403784 0.0 crystal_2
0.2847 -0.5 -0.836516303738 -0.224143868042 crystal_2
0.286 -0.5 -0.836516303738 0.224143868042 crystal_2
0.2787 -0.5 -0.75 -0.433012701892 crystal_2
0.2795 -0.5 -0.75 0.433012701892 crystal_2
0.2625 -0.5 -0.612372435696 -0.612372435696 crystal_1
0.2664 -0.5 -0.612372435696 0.612372435696 crystal_1
0.2696 -0.5 -0.433012701892 -0.75 crystal_1
0.278 -0.5 -0.433012701892 0.75 crystal_1
0.2481 -0.5 -0.224143868042 -0.836516303738 crystal_1
0.2566 -0.5 -0.224143868042 0.836516303738 crystal_1
0.2493 -0.5 0.0 -0.866025403784 crystal_1
0.2563 -0.5 0.0 0.866025403784 crystal_1
0.2429 -0.5 0.224143868042 -0.836516303738 crystal_1
0.2611 -0.5 0.224143868042 0.836516303738 crystal_1
0.2637 -0.5 0.433012701892 -0.75 crystal_1
0.2834 -0.5 0.433012701892 0.75 crystal_1
0.2609 -0.5 0.612372435696 -0.612372435696 crystal_1
0.2689 -0.5 0.612372435696 0.612372435696 crystal_1
0.2908 -0.5 0.75 -0.433012701892 crystal_2
0.2832 -0.5 0.75 0.433012701892 crystal_2
0.2934 -0.5 0.836516303738 -0.224143868042 crystal_2
0.287 -0.5 0.836516303738 0.224143868042 crystal_2
0.2914 -0.5 0.866025403784 0.0 crystal_2
0.2888 -0.342020143326 -0.939692620786 0.0 crystal_2
0.285 -0.342020143326 -0.90767337119 -0.243210346802 crystal_2
0.289 -0.342020143326 -0.90767337119 0.243210346802 crystal_2
0.288 -0.342020143326 -0.813797681349 -0.469846310393 crystal_2
0.2851 -0.342020143326 -0.813797681349 0.469846310393 crystal_2
0.2591 -0.342020143326 -0.664463024389 -0.664463024389 crystal_1
0.2646 -0.342020143326 -0.664463024389 0.664463024389 crystal_1
0.2649 -0.342020143326 -0.469846310393 -0.813797681349 crystal_1
0.2818 -0.342020143326 -0.469846310393 0.813797681349 crystal_1
0.2297 -0.342020143326 -0.243210346802 -0.90767337119 crystal_1
0.2458 -0.342020143326 -0.243210346802 0.90767337119 crystal_1
0.2399 -0.342020143326 -0.0 -0.939692620786 crystal_1
0.2482 -0.342020143326 0.0 0.939692620786 crystal_1
0.2362 -0.342020143326 0.243210346802 -0.90767337119 crystal_1
0.2533 -0.342020143326 0.243210346802 0.90767337119 crystal_1
0.2664 -0.342020143326 0.469846310393 -0.813797681349 crystal_1
0.2705 -0.342020143326 0.469846310393 0.813797681349 crystal_1
0.2558 -0.342020143326 0.664463024389 -0.664463024389 crystal_1
0.2621 -0.342020143326 0.664463024389 0.664463024389 crystal_1
0.2877 -0.342020143326 0.813797681349 -0.469846310393 crystal_2
0.2878 -0.342020143326 0.813797681349 0.469846310393 crystal_2
0.2813 -0.342020143326 0.90767337119 -0.243210346802 crystal_2
0.2888 -0.342020143326 0.90767337119 0.243210346802 crystal_2
0.292 -0.342020143326 0.939692620786 0.0 crystal_2
0.2909 -0.173648177667 -0.984807753012 0.0 crystal_2
0.282 -0.173648177667 -0.951251242564 -0.254887002244 crystal_2
0.2799 -0.173648177667 -0.951251242564 0.254887002244 crystal_2
0.2872 -0.173648177667 -0.852868531952 -0.492403876506 crystal_2
0.2865 -0.173648177667 -0.852868531952 0.492403876506 crystal_2
0.2605 -0.173648177667 -0.69636424032 -0.69636424032 crystal_1
0.2645 -0.173648177667 -0.69636424032 0.69636424032 crystal_1
0.2641 -0.173648177667 -0.492403876506 -0.852868531952 crystal_1
0.2654 -0.173648177667 -0.492403876506 0.852868531952 crystal_1
0.2306 -0.173648177667 -0.254887002244 -0.951251242564 crystal_1
0.2387 -0.173648177667 -0.254887002244 0.951251242564 crystal_1
0.2348 -0.173648177667 -2.588e-09 -0.984807753012 crystal_1
0.2424 -0.173648177667 0.0 0.984807753012 crystal_1
0.2383 -0.173648177667 0.254887002244 -0.951251242564 crystal_1
0.2405 -0.173648177667 0.254887002244 0.951251242564 crystal_1
0.2603 -0.173648177667 0.492403876506 -0.852868531952 crystal_1
0.2671 -0.173648177667 0.492403876506 0.852868531952 crystal_1
0.2546 -0.173648177667 0.69636424032 -0.69636424032 crystal_1
0.2581 -0.173648177667 0.69636424032 0.69636424032 crystal_1
0.2832 -0.173648177667 0.852868531952 -0.492403876506 crystal_2
0.2847 -0.173648177667 0.852868531952 0.492403876506 crystal_2
0.2824 -0.173648177667 0.951251242564 -0.254887002244 crystal_2
0.2857 -0.173648177667 0.951251242564 0.254887002244 crystal_2
0.2909 -0.173648177667 0.984807753012 0.0 crystal_2
0.2909 0.0 -1.0 0.0 crystal_2
0.2868 0.0 -0.965925826289 -0.258819045103 crystal_2
0.2794 0.0 -0.965925826289 0.258819045103 crystal_2
0.2884 0.0 -0.866025403784 -0.5 crystal_2
0.2812 0.0 -0.866025403784 0.5 crystal_2
0.252 0.0 -0.707106781187 -0.707106781187 crystal_1
0.2591 0.0 -0.707106781187 0.707106781187 crystal_1
0.2652 0.0 -0.5 -0.866025403784 crystal_1
0.26 0.0 -0.5 0.866025403784 crystal_1
0.2403 0.0 -0.258819045103 -0.965925826289 crystal_1
0.2379 0.0 -0.258819045103 0.965925826289 crystal_1
0.2361 0.0 0.0 -1.0 crystal_1
0.2361 -0.0 0.0 1.0 crystal_1
0.2379 0.0 0.258819045103 -0.965925826289 crystal_1
0.2403 0.0 0.258819045103 0.965925826289 crystal_1
0.26 0.0 0.5 -0.866025403784 crystal_1
0.2652 0.0 0.5 0.866025403784 crystal_1
0.2591 0.0 0.707106781187 -0.707106781187 crystal_1
0.252 0.0 0.707106781187 0.707106781187 crystal_1
0.2812 0.0 0.866025403784 -0.5 crystal_2
0.2884 0.0 0.866025403784 0.5 crystal_2
0.2794 0.0 0.965925826289 -0.258819045103 crystal_2
0.2868 0.0 0.965925826289 0.258819045103 crystal_2
0.2909 0.0 1.0 0.0 crystal_2
0.2909 0.173648177667 -0.984807753012 0.0 crystal_2
0.2857 0.173648177667 -0.951251242564 -0.254887002244 crystal_2
0.2824 0.173648177667 -0.951251242564 0.254887002244 crystal_2
0.2847 0.173648177667 -0.852868531952 -0.492403876506 crystal_2
0.2832 0.173648177667 -0.852868531952 0.492403876506 crystal_2
0.2581 0.173648177667 -0.69636424032 -0.69636424032 crystal_1
0.2546 0.173648177667 -0.69636424032 0.69636424032 crystal_1
0.2671 0.173648177667 -0.492403876506 -0.852868531952 crystal_1
0.2603 0.173648177667 -0.492403876506 0.852868531952 crystal_1
0.2405 0.173648177667 -0.254887002244 -0.951251242564 crystal_1
0.2383 0.173648177667 -0.254887002244 0.951251242564 crystal_1
0.2424 0.173648177667 0.0 -0.984807753012 crystal_1
0.2348 0.173648177667 2.588e-09 0.984807753012 crystal_1
0.2387 0.173648177667 0.254887002244 -0.951251242564 crystal_1
0.2306 0.173648177667 0.254887002244 0.951251242564 crystal_1
0.2654 0.173648177667 0.492403876506 -0.852868531952 crystal_1
0.2641 0.173648177667 0.492403876506 0.852868531952 crystal_1
0.2645 0.173648177667 0.69636424032 -0.69636424032 crystal_1
0.2605 0.173648177667 0.69636424032 0.69636424032 crystal_1
0.2865 0.173648177667 0.852868531952 -0.492403876506 crystal_2
0.2872 0.173648177667 0.852868531952 0.492403876506 crystal_2
0.2799 0.173648177667 0.951251242564 -0.254887002244 crystal_2
0.282 0.173648177667 0.951251242564 0.254887002244 crystal_2
0.2909 0.173648177667 0.984807753012 0.0 crystal_2
0.292 0.342020143326 -0.939692620786 0.0 crystal_2
0.2888 0.342020143326 -0.90767337119 -0.243210346802 crystal_2
0.2813 0.342020143326 -0.90767337119 0.243210346802 crystal_2
0.2878 0.342020143326 -0.813797681349 -0.469846310393 crystal_2
0.2877 0.342020143326 -0.813797681349 0.469846310393 crystal_2
0.2621 0.342020143326 -0.664463024389 -0.664463024389 crystal_1
0.2983 0.342020143326 -0.664463024389 0.664463024389 crystal_1
0.2705 0.342020143326 -0.469846310393 -0.813797681349 crystal_1
0.2433 0.342020143326 -0.469846310393 0.813797681349 crystal_1
0.2533 0.342020143326 -0.243210346802 -0.90767337119 crystal_1
0.2481 0.342020143326 -0.243210346802 0.90767337119 crystal_1
0.2482 0.342020143326 0.0 -0.939692620786 crystal_1
0.2483 0.342020143326 0.0 0.939692620786 crystal_1
0.2458 0.342020143326 0.243210346802 -0.90767337119 crystal_1
0.247 0.342020143326 0.243210346802 0.90767337119 crystal_1
0.2818 0.342020143326 0.469846310393 -0.813797681349 crystal_1
0.2457 0.342020143326 0.469846310393 0.813797681349 crystal_1
0.2646 0.342020143326 0.664463024389 -0.664463024389 crystal_1
0.2878 0.342020143326 0.664463024389 0.664463024389 crystal_1
0.2743 0.342020143326 0.813797681349 -0.469846310393 crystal_2
0.2741 0.342020143326 0.813797681349 0.469846310393 crystal_2
0.2967 0.342020143326 0.90767337119 -0.243210346802 crystal_2
0.2848 0.342020143326 0.90767337119 0.243210346802 crystal_2
0.2976 0.342020143326 0.939692620786 0.0 crystal_2
0.2914 0.5 -0.866025403784 0.0 crystal_2
0.287 0.5 -0.836516303738 -0.224143868042 crystal_2
0.2934 0.5 -0.836516303738 0.224143868042 crystal_2
0.2832 0.5 -0.75 -0.433012701892 crystal_2
0.2908 0.5 -0.75 0.433012701892 crystal_2
0.2689 0.5 -0.612372435696 -0.612372435696 crystal_1
0.2959 0.5 -0.612372435696 0.612372435696 crystal_1
0.2834 0.5 -0.433012701892 -0.75 crystal_1
0.2512 0.5 -0.433012701892 0.75 crystal_1
0.2611 0.5 -0.224143868042 -0.836516303738 crystal_1
0.2633 0.5 -0.224143868042 0.836516303738 crystal_1
0.2563 0.5 0.0 -0.866025403784 crystal_1
0.2493 0.5 0.0 0.866025403784 crystal_1
0.2566 0.5 0.224143868042 -0.836516303738 crystal_1
0.2613 0.5 0.224143868042 0.836516303738 crystal_1
0.278 0.5 0.433012701892 -0.75 crystal_1
0.2488 0.5 0.433012701892 0.75 crystal_1
0.2664 0.5 0.612372435696 -0.612372435696 crystal_1
0.2957 0.5 0.612372435696 0.612372435696 crystal_1
0.2774 0.5 0.75 -0.433012701892 crystal_2
0.2831 0.5 0.75 0.433012701892 crystal_2
0.2899 0.5 0.836516303738 -0.224143868042 crystal_2
0.2858 0.5 0.836516303738 0.224143868042 crystal_2
0.2959 0.5 0.866025403784 0.0 crystal_2
0.2893 0.642787609687 -0.766044443119 0.0 crystal_2
0.2971 0.642787609687 -0.739942111694 -0.198266891274 crystal_2
0.2986 0.642787609687 -0.739942111694 0.198266891274 crystal_2
0.2867 0.642787609687 -0.663413948169 -0.383022221559 crystal_2
0.2914 0.642787609687 -0.663413948169 0.383022221559 crystal_2
0.2735 0.642787609687 -0.54167522042 -0.54167522042 crystal_1
0.2996 0.642787609687 -0.54167522042 0.54167522042 crystal_1
0.2861 0.642787609687 -0.383022221559 -0.663413948169 crystal_1
0.2621 0.642787609687 -0.383022221559 0.663413948169 crystal_1
0.2727 0.642787609687 -0.198266891274 -0.739942111694 crystal_1
0.2715 0.642787609687 -0.198266891274 0.739942111694 crystal_1
0.272 0.642787609687 -9.578e-09 -0.766044443119 crystal_1
0.2672 0.642787609687 0.0 0.766044443119 crystal_1
0.2664 0.642787609687 0.198266891274 -0.739942111694 crystal_1
0.264 0.642787609687 0.198266891274 0.739942111694 crystal_1
0.2875 0.642787609687 0.383022221559 -0.663413948169 crystal_1
0.2636 0.642787609687 0.383022221559 0.663413948169 crystal_1
0.2755 0.642787609687 0.54167522042 -0.54167522042 crystal_1
0.2978 0.642787609687 0.54167522042 0.54167522042 crystal_1
0.2769 0.642787609687 0.663413948169 -0.383022221559 crystal_2
0.2884 0.642787609687 0.663413948169 0.383022221559 crystal_2
0.2881 0.642787609687 0.739942111694 -0.198266891274 crystal_2
0.2936 0.642787609687 0.739942111694 0.198266891274 crystal_2
0.2977 0.642787609687 0.766044443119 0.0 crystal_2
0.2915 0.766044443119 -0.642787609687 0.0 crystal_2
0.2958 0.766044443119 -0.620885153015 -0.166365675343 crystal_2
0.2902 0.766044443119 -0.620885153015 0.166365675343 crystal_2
0.2965 0.766044443119 -0.556670399226 -0.321393804843 crystal_2
0.2933 0.766044443119 -0.556670399226 0.321393804843 crystal_2
0.2824 0.766044443119 -0.454519477672 -0.454519477672 crystal_1
0.3013 0.766044443119 -0.454519477672 0.454519477672 crystal_1
0.2951 0.766044443119 -0.321393804843 -0.556670399226 crystal_1
0.2736 0.766044443119 -0.321393804843 0.556670399226 crystal_1
0.2837 0.766044443119 -0.166365675343 -0.620885153015 crystal_1
0.2835 0.766044443119 -0.166365675343 0.620885153015 crystal_1
0.2832 0.766044443119 0.0 -0.642787609687 crystal_1
0.2836 0.766044443119 0.0 0.642787609687 crystal_1
0.2803 0.766044443119 0.166365675343 -0.620885153015 crystal_1
0.2733 0.766044443119 0.166365675343 0.620885153015 crystal_1
0.2897 0.766044443119 0.321393804843 -0.556670399226 crystal_1
0.2681 0.766044443119 0.321393804843 0.556670399226 crystal_1
0.2914 0.766044443119 0.454519477672 -0.454519477672 crystal_1
0.3021 0.766044443119 0.454519477672 0.454519477672 crystal_1
0.2827 0.766044443119 0.556670399226 -0.321393804843 crystal_2
0.2883 0.766044443119 0.556670399226 0.321393804843 crystal_2
0.2974 0.766044443119 0.620885153015 -0.166365675343 crystal_2
0.2906 0.766044443119 0.620885153015 0.166365675343 crystal_2
0.3022 0.766044443119 0.642787609687 0.0 crystal_2
0.2992 0.866025403784 -0.5 0.0 crystal_2
0.2999 0.866025403784 -0.482962913145 -0.129409522551 crystal_2
0.2955 0.866025403784 -0.482962913145 0.129409522551 crystal_2
0.2954 0.866025403784 -0.433012701892 -0.25 crystal_2
0.3021 0.866025403784 -0.433012701892 0.25 crystal_2
0.2842 0.866025403784 -0.353553390593 -0.353553390593 crystal_1
0.3109 0.866025403784 -0.353553390593 0.353553390593 crystal_1
0.3012 0.866025403784 -0.25 -0.433012701892 crystal_1
0.289 0.866025403784 -0.25 0.433012701892 crystal_1
0.2927 0.866025403784 -0.129409522551 -0.482962913145 crystal_1
0.2939 0.866025403784 -0.129409522551 0.482962913145 crystal_1
0.294 0.866025403784 -1.2905e-08 0.5 crystal_1
0.2979 0.866025403784 0.0 -0.5 crystal_1
0.2976 0.866025403784 0.129409522551 -0.482962913145 crystal_1
0.2948 0.866025403784 0.129409522551 0.482962913145 crystal_1
0.2998 0.866025403784 0.25 -0.433012701892 crystal_1
0.2782 0.866025403784 0.25 0.433012701892 crystal_1
0.2949 0.866025403784 0.353553390593 -0.353553390593 crystal_1
0.301 0.866025403784 0.353553390593 0.353553390593 crystal_1
0.2862 0.866025403784 0.433012701892 -0.25 crystal_2
0.2972 0.866025403784 0.433012701892 0.25 crystal_2
0.304 0.866025403784 0.482962913145 -0.129409522551 crystal_2
0.2918 0.866025403784 0.482962913145 0.129409522551 crystal_2
0.2929 0.866025403784 0.5 0.0 crystal_2
0.3054 0.939692620786 -0.342020143326 0.0 crystal_2
0.297 0.939692620786 -0.330366089549 -0.088521326901 crystal_2
0.3079 0.939692620786 -0.330366089549 0.088521326901 crystal_2
0.2954 0.939692620786 -0.296198132726 -0.171010071663 crystal_2
0.3066 0.939692620786 -0.296198132726 0.171010071663 crystal_2
0.2975 0.939692620786 -0.241844762648 -0.241844762648 crystal_1
0.3068 0.939692620786 -0.241844762648 0.241844762648 crystal_1
0.3088 0.939692620786 -0.171010071663 -0.296198132726 crystal_1
0.2951 0.939692620786 -0.171010071663 0.296198132726 crystal_1
0.3003 0.939692620786 -0.088521326901 -0.330366089549 crystal_1
0.3022 0.939692620786 -0.088521326901 0.330366089549 crystal_1
0.3013 0.939692620786 0.0 -0.342020143326 crystal_1
0.3027 0.939692620786 0.0 0.342020143326 crystal_1
0.3032 0.939692620786 0.088521326901 -0.330366089549 crystal_1
0.2998 0.939692620786 0.088521326901 0.330366089549 crystal_1
0.3111 0.939692620786 0.171010071663 -0.296198132726 crystal_1
0.29 0.939692620786 0.171010071663 0.296198132726 crystal_1
0.2974 0.939692620786 0.241844762648 -0.241844762648 crystal_1
0.3082 0.939692620786 0.241844762648 0.241844762648 crystal_1
0.2918 0.939692620786 0.296198132726 -0.171010071663 crystal_2
0.3009 0.939692620786 0.296198132726 0.171010071663 crystal_2
0.3125 0.939692620786 0.330366089549 -0.088521326901 crystal_2
0.2992 0.939692620786 0.330366089549 0.088521326901 crystal_2
0.3037 0.939692620786 0.342020143326 0.0 crystal_2
0.2988 0.984807753012 -0.173648177667 0.0 crystal_2
0.304 0.984807753012 -0.167731259497 -0.044943455528 crystal_2
0.3109 0.984807753012 -0.167731259497 0.044943455528 crystal_2
0.3068 0.984807753012 -0.15038373318 -0.086824088833 crystal_2
0.3067 0.984807753012 -0.15038373318 0.086824088833 crystal_2
0.3038 0.984807753012 -0.122787803969 -0.122787803969 crystal_1
0.3169 0.984807753012 -0.122787803969 0.122787803969 crystal_1
0.3115 0.984807753012 -0.086824088833 -0.15038373318 crystal_1
0.306 0.984807753012 -0.086824088833 0.15038373318 crystal_1
0.3111 0.984807753012 -0.044943455528 -0.167731259497 crystal_1
0.3194 0.984807753012 -0.044943455528 0.167731259497 crystal_1
0.3027 0.984807753012 -1.4675e-08 0.173648177667 crystal_1
0.3123 0.984807753012 0.0 -0.173648177667 crystal_1
0.3156 0.984807753012 0.044943455528 -0.167731259497 crystal_1
0.3048 0.984807753012 0.044943455528 0.167731259497 crystal_1
0.3198 0.984807753012 0.086824088833 -0.15038373318 crystal_1
0.3044 0.984807753012 0.086824088833 0.15038373318 crystal_1
0.3169 0.984807753012 0.122787803969 -0.122787803969 crystal_1
0.311 0.984807753012 0.122787803969 0.122787803969 crystal_1
0.301 0.984807753012 0.15038373318 -0.086824088833 crystal_2
0.3014 0.984807753012 0.15038373318 0.086824088833 crystal_2
0.2974 0.984807753012 0.167731259497 -0.044943455528 crystal_2
0.299 0.984807753012 0.167731259497 0.044943455528 crystal_2
0.31 0.984807753012 0.173648177667 0.0 crystal_2
0.3169 1.0 0.0 0.0 crystal_1
