0.5342 -1.0 0.0 0.0 crystal_1
0.5398 -0.984807753012 -0.173648177667 0.0 crystal_2
0.5398 -0.984807753012 -0.167731259497 -0.044943455528 crystal_2
0.5458 -0.984807753012 -0.167731259497 0.044943455528 crystal_2
0.534 -0.984807753012 -0.15038373318 -0.086824088833 crystal_2
0.5384 -0.984807753012 -0.15038373318 0.086824088833 crystal_2
0.5465 -0.984807753012 -0.122787803969 -0.122787803969 crystal_1
0.5389 -0.984807753012 -0.122787803969 0.122787803969 crystal_1
0.5253 -0.984807753012 -0.086824088833 -0.15038373318 crystal_1
0.5472 -0.984807753012 -0.086824088833 0.15038373318 crystal_1
0.5352 -0.984807753012 -0.044943455528 -0.167731259497 crystal_1
0.5443 -0.984807753012 -0.044943455528 0.167731259497 crystal_1
0.5371 -0.984807753012 0.0 -0.173648177667 crystal_1
0.5306 -0.984807753012 0.0 0.173648177667 crystal_1
0.5385 -0.984807753012 0.044943455528 -0.167731259497 crystal_1
0.5343 -0.984807753012 0.044943455528 0.167731259497 crystal_1
0.5304 -0.984807753012 0.086824088833 -0.15038373318 crystal_1
0.5288 -0.984807753012 0.086824088833 0.15038373318 crystal_1
0.5438 -0.984807753012 0.122787803969 -0.122787803969 crystal_1
0.5352 -0.984807753012 0.122787803969 0.122787803969 crystal_1
0.5407 -0.984807753012 0.15038373318 -0.086824088833 crystal_2
0.5435 -0.984807753012 0.15038373318 0.086824088833 crystal_2
0.547 -0.984807753012 0.167731259497 -0.044943455528 crystal_2
0.5419 -0.984807753012 0.167731259497 0.044943455528 crystal_2
0.5342 -0.984807753012 0.173648177667 0.0 crystal_2
0.5362 -0.939692620786 -0.342020143326 0.0 crystal_2
0.5354 -0.939692620786 -0.330366089549 -0.088521326901 crystal_2
0.5455 -0.939692620786 -0.330366089549 0.088521326901 crystal_2
0.5312 -0.939692620786 -0.296198132726 -0.171010071663 crystal_2
0.5439 -0.939692620786 -0.296198132726 0.171010071663 crystal_2
0.5352 -0.939692620786 -0.241844762648 -0.241844762648 crystal_1
0.5273 -0.939692620786 -0.241844762648 0.241844762648 crystal_1
0.5255 -0.939692620786 -0.171010071663 -0.296198132726 crystal_1
0.5354 -0.939692620786 -0.171010071663 0.296198132726 crystal_1
0.52 -0.939692620786 -0.088521326901 -0.330366089549 crystal_1
0.5257 -0.939692620786 -0.088521326901 0.330366089549 crystal_1
0.511 -0.939692620786 0.0 -0.342020143326 crystal_1
0.5267 -0.939692620786 0.0 0.342020143326 crystal_1
0.5199 -0.939692620786 0.088521326901 -0.330366089549 crystal_1
0.5182 -0.939692620786 0.088521326901 0.330366089549 crystal_1
0.5311 -0.939692620786 0.171010071663 -0.296198132726 crystal_1
0.5236 -0.939692620786 0.171010071663 0.296198132726 crystal_1
0.5396 -0.939692620786 0.241844762648 -0.241844762648 crystal_1
0.5266 -0.939692620786 0.241844762648 0.241844762648 crystal_1
0.5342 -0.939692620786 0.296198132726 -0.171010071663 crystal_2
0.5268 -0.939692620786 0.296198132726 0.171010071663 crystal_2
0.5293 -0.939692620786 0.330366089549 -0.088521326901 crystal_2
0.5277 -0.939692620786 0.330366089549 0.088521326901 crystal_2
0.5369 -0.939692620786 0.342020143326 0.0 crystal_2
0.5273 -0.866025403784 -0.5 0.0 crystal_2
0.5258 -0.866025403784 -0.482962913145 -0.129409522551 crystal_2
0.5404 -0.866025403784 -0.482962913145 0.129409522551 crystal_2
0.5185 -0.866025403784 -0.433012701892 -0.25 crystal_2
0.5381 -0.866025403784 -0.433012701892 0.25 crystal_2
0.5109 -0.866025403784 -0.353553390593 -0.353553390593 crystal_1
0.5176 -0.866025403784 -0.353553390593 0.353553390593 crystal_1
0.5097 -0.866025403784 -0.25 -0.433012701892 crystal_1
0.5178 -0.866025403784 -0.25 0.433012701892 crystal_1
0.4936 -0.866025403784 -0.129409522551 -0.482962913145 crystal_1
0.5078 -0.866025403784 -0.129409522551 0.482962913145 crystal_1
0.4863 -0.866025403784 0.0 -0.5 crystal_1
0.5045 -0.866025403784 0.0 0.5 crystal_1
0.4987 -0.866025403784 0.129409522551 -0.482962913145 crystal_1
0.5085 -0.866025403784 0.129409522551 0.482962913145 crystal_1
0.5218 -0.866025403784 0.25 -0.433012701892 crystal_1
0.5118 -0.866025403784 0.25 0.433012701892 crystal_1
0.5211 -0.866025403784 0.353553390593 -0.353553390593 crystal_1
0.518 -0.866025403784 0.353553390593 0.353553390593 crystal_1
0.5172 -0.866025403784 0.433012701892 -0.25 crystal_2
0.5296 -0.866025403784 0.433012701892 0.25 crystal_2
0.5344 -0.866025403784 0.482962913145 -0.129409522551 crystal_2
0.53 -0.866025403784 0.482962913145 0.129409522551 crystal_2
0.5305 -0.866025403784 0.5 0.0 crystal_2
0.4892 -0.766044443119 -0.454519477672 0.454519477672 crystal_1
0.5012 -0.766044443119 -0.321393804843 0.556670399226 crystal_1
0.4924 -0.766044443119 -0.166365675343 0.620885153015 crystal_1
0.4815 -0.766044443119 0.0 0.642787609687 crystal_1
0.4896 -0.766044443119 0.166365675343 0.620885153015 crystal_1
0.4977 -0.766044443119 0.321393804843 0.556670399226 crystal_1
0.501 -0.766044443119 0.454519477672 0.454519477672 crystal_1
0.5078 -0.766044443119 0.556670399226 -0.321393804843 crystal_2
0.5196 -0.766044443119 0.556670399226 0.321393804843 crystal_2
0.5346 -0.766044443119 0.620885153015 -0.166365675343 crystal_2
0.5242 -0.766044443119 0.620885153015 0.166365675343 crystal_2
0.5251 -0.766044443119 0.642787609687 0.0 crystal_2
0.5228 -0.642787609687 -0.766044443119 0.0 crystal_2
0.5082 -0.642787609687 -0.739942111694 -0.198266891274 crystal_2
0.523 -0.642787609687 -0.739942111694 0.198266891274 crystal_2
0.5058 -0.642787609687 -0.663413948169 -0.383022221559 crystal_2
0.501 -0.642787609687 -0.663413948169 0.383022221559 crystal_2
0.4727 -0.642787609687 -0.54167522042 -0.54167522042 crystal_1
0.4851 -0.642787609687 -0.54167522042 0.54167522042 crystal_1
0.459 -0.642787609687 -0.383022221559 -0.663413948169 crystal_1
0.4794 -0.642787609687 -0.383022221559 0.663413948169 crystal_1
0.4498 -0.642787609687 -0.198266891274 -0.739942111694 crystal_1
0.4693 -0.642787609687 -0.198266891274 0.739942111694 crystal_1
0.4488 -0.642787609687 -0.0 -0.766044443119 crystal_1
0.4736 -0.642787609687 9.578e-09 0.766044443119 crystal_1
0.4354 -0.642787609687 0.198266891274 -0.739942111694 crystal_1
0.4569 -0.642787609687 0.198266891274 0.739942111694 crystal_1
0.4587 -0.642787609687 0.383022221559 -0.663413948169 crystal_1
0.4754 -0.642787609687 0.383022221559 0.663413948169 crystal_1
0.4721 -0.642787609687 0.54167522042 -0.54167522042 crystal_1
0.4878 -0.642787609687 0.54167522042 0.54167522042 crystal_1
0.5029 -0.642787609687 0.663413948169 -0.383022221559 crystal_2
0.5015 -0.642787609687 0.663413948169 0.383022221559 crystal_2
0.5248 -0.642787609687 0.739942111694 -0.198266891274 crystal_2
0.5164 -0.642787609687 0.739942111694 0.198266891274 crystal_2
0.5102 -0.642787609687 0.766044443119 0.0 crystal_2
0.5183 -0.342020143326 -0.939692620786 0.0 crystal_2
0.5207 -0.342020143326 -0.90767337119 -0.243210346802 crystal_2
0.514 -0.342020143326 -0.90767337119 0.243210346802 crystal_2
0.4905 -0.342020143326 -0.813797681349 -0.469846310393 crystal_2
0.4985 -0.342020143326 -0.813797681349 0.469846310393 crystal_2
0.4591 -0.342020143326 -0.664463024389 -0.664463024389 crystal_1
0.4639 -0.342020143326 -0.664463024389 0.664463024389 crystal_1
0.4347 -0.342020143326 -0.469846310393 -0.813797681349 crystal_1
0.4551 -0.342020143326 -0.469846310393 0.813797681349 crystal_1
0.4229 -0.342020143326 -0.243210346802 -0.90767337119 crystal_1
0.4349 -0.342020143326 -0.243210346802 0.90767337119 crystal_1
0.417 -0.342020143326 -5.096e-09 -0.939692620786 crystal_1
0.4354 -0.342020143326 5.096e-09 0.939692620786 crystal_1
0.4259 -0.342020143326 0.243210346802 -0.90767337119 crystal_1
0.4431 -0.342020143326 0.243210346802 0.90767337119 crystal_1
0.4414 -0.342020143326 0.469846310393 -0.813797681349 crystal_1
0.4423 -0.342020143326 0.469846310393 0.813797681349 crystal_1
0.4611 -0.342020143326 0.664463024389 -0.664463024389 crystal_1
0.4641 -0.342020143326 0.664463024389 0.664463024389 crystal_1
0.4905 -0.342020143326 0.813797681349 -0.469846310393 crystal_2
0.4949 -0.342020143326 0.813797681349 0.469846310393 crystal_2
0.5126 -0.342020143326 0.90767337119 -0.243210346802 crystal_2
0.5106 -0.342020143326 0.90767337119 0.243210346802 crystal_2
0.5177 -0.342020143326 0.939692620786 0.0 crystal_2
0.4054 -1.1546e-08 9.42e-09 1.0 crystal_1
0.5168 0.0 -1.0 0.0 crystal_2
0.5032 0.0 -0.965925826289 -0.258819045103 crystal_2
0.5125 0.0 -0.965925826289 0.258819045103 crystal_2
0.4958 0.0 -0.866025403784 -0.5 crystal_2
0.4838 0.0 -0.866025403784 0.5 crystal_2
0.4481 0.0 -0.707106781187 -0.707106781187 crystal_1
0.4585 0.0 -0.707106781187 0.707106781187 crystal_1
0.4306 0.0 -0.5 -0.866025403784 crystal_1
0.4385 0.0 -0.5 0.866025403784 crystal_1
0.4252 0.0 -0.258819045103 -0.965925826289 crystal_1
0.4211 0.0 -0.258819045103 0.965925826289 crystal_1
0.4211 0.0 0.258819045103 -0.965925826289 crystal_1
0.4252 0.0 0.258819045103 0.965925826289 crystal_1
0.4385 0.0 0.5 -0.866025403784 crystal_1
0.4306 0.0 0.5 0.866025403784 crystal_1
0.4585 0.0 0.707106781187 -0.707106781187 crystal_1
0.4481 0.0 0.707106781187 0.707106781187 crystal_1
0.4838 0.0 0.866025403784 -0.5 crystal_2
0.4958 0.0 0.866025403784 0.5 crystal_2
0.5125 0.0 0.965925826289 -0.258819045103 crystal_2
0.5032 0.0 0.965925826289 0.258819045103 crystal_2
0.5168 0.0 1.0 0.0 crystal_2
0.4054 1.1546e-08 -9.42e-09 -1.0 crystal_1
0.5177 0.342020143326 -0.939692620786 0.0 crystal_2
0.5106 0.342020143326 -0.90767337119 -0.243210346802 crystal_2
0.5126 0.342020143326 -0.90767337119 0.243210346802 crystal_2
0.4949 0.342020143326 -0.813797681349 -0.469846310393 crystal_2
0.4905 0.342020143326 -0.813797681349 0.469846310393 crystal_2
0.4641 0.342020143326 -0.664463024389 -0.664463024389 crystal_1
0.4611 0.342020143326 -0.664463024389 0.664463024389 crystal_1
0.4423 0.342020143326 -0.469846310393 -0.813797681349 crystal_1
0.4414 0.342020143326 -0.469846310393 0.813797681349 crystal_1
0.4431 0.342020143326 -0.243210346802 -0.90767337119 crystal_1
0.4259 0.342020143326 -0.243210346802 0.90767337119 crystal_1
0.4354 0.342020143326 -5.096e-09 -0.939692620786 crystal_1
0.417 0.342020143326 5.096e-09 0.939692620786 crystal_1
0.4349 0.342020143326 0.243210346802 -0.90767337119 crystal_1
0.4229 0.342020143326 0.243210346802 0.90767337119 crystal_1
0.4551 0.342020143326 0.469846310393 -0.813797681349 crystal_1
0.4347 0.342020143326 0.469846310393 0.813797681349 crystal_1
0.4639 0.342020143326 0.664463024389 -0.664463024389 crystal_1
0.4591 0.342020143326 0.664463024389 0.664463024389 crystal_1
0.4985 0.342020143326 0.813797681349 -0.469846310393 crystal_2
0.4905 0.342020143326 0.813797681349 0.469846310393 crystal_2
0.514 0.342020143326 0.90767337119 -0.243210346802 crystal_2
0.5207 0.342020143326 0.90767337119 0.243210346802 crystal_2
0.5183 0.342020143326 0.939692620786 0.0 crystal_2
0.5102 0.642787609687 -0.766044443119 0.0 crystal_2
0.5164 0.642787609687 -0.739942111694 -0.198266891274 crystal_2
0.5248 0.642787609687 -0.739942111694 0.198266891274 crystal_2
0.5015 0.642787609687 -0.663413948169 -0.383022221559 crystal_2
0.5029 0.642787609687 -0.663413948169 0.383022221559 crystal_2
0.4878 0.642787609687 -0.54167522042 -0.54167522042 crystal_1
0.4983 0.642787609687 -0.54167522042 0.54167522042 crystal_1
0.4754 0.642787609687 -0.383022221559 -0.663413948169 crystal_1
0.4823 0.642787609687 -0.383022221559 0.663413948169 crystal_1
0.4569 0.642787609687 -0.198266891274 -0.739942111694 crystal_1
0.4591 0.642787609687 -0.198266891274 0.739942111694 crystal_1
0.4736 0.642787609687 -9.578e-09 -0.766044443119 crystal_1
0.4463 0.642787609687 0.0 0.766044443119 crystal_1
0.4693 0.642787609687 0.198266891274 -0.739942111694 crystal_1
0.4578 0.642787609687 0.198266891274 0.739942111694 crystal_1
0.4794 0.642787609687 0.383022221559 -0.663413948169 crystal_1
0.4711 0.642787609687 0.383022221559 0.663413948169 crystal_1
0.4851 0.642787609687 0.54167522042 -0.54167522042 crystal_1
0.5021 0.642787609687 0.54167522042 0.54167522042 crystal_1
0.5218 0.642787609687 0.663413948169 -0.383022221559 crystal_2
0.5055 0.642787609687 0.663413948169 0.383022221559 crystal_2
0.5338 0.642787609687 0.739942111694 -0.198266891274 crystal_2
0.5232 0.642787609687 0.739942111694 0.198266891274 crystal_2
0.5282 0.642787609687 0.766044443119 0.0 crystal_2
0.5251 0.766044443119 -0.642787609687 0.0 crystal_2
0.5242 0.766044443119 -0.620885153015 -0.166365675343 crystal_2
0.5346 0.766044443119 -0.620885153015 0.166365675343 crystal_2
0.5196 0.766044443119 -0.556670399226 -0.321393804843 crystal_2
0.5078 0.766044443119 -0.556670399226 0.321393804843 crystal_2
0.501 0.766044443119 -0.454519477672 -0.454519477672 crystal_1
0.4977 0.766044443119 -0.321393804843 -0.556670399226 crystal_1
0.4896 0.766044443119 -0.166365675343 -0.620885153015 crystal_1
0.4815 0.766044443119 0.0 -0.642787609687 crystal_1
0.4924 0.766044443119 0.166365675343 -0.620885153015 crystal_1
0.5012 0.766044443119 0.321393804843 -0.556670399226 crystal_1
0.4892 0.766044443119 0.454519477672 -0.454519477672 crystal_1
0.5305 0.866025403784 -0.5 0.0 crystal_2
0.53 0.866025403784 -0.482962913145 -0.129409522551 crystal_2
0.5344 0.866025403784 -0.482962913145 0.129409522551 crystal_2
0.5296 0.866025403784 -0.433012701892 -0.25 crystal_2
0.5172 0.866025403784 -0.433012701892 0.25 crystal_2
0.518 0.866025403784 -0.353553390593 -0.353553390593 crystal_1
0.5211 0.866025403784 -0.353553390593 0.353553390593 crystal_1
0.5118 0.866025403784 -0.25 -0.433012701892 crystal_1
0.5218 0.866025403784 -0.25 0.433012701892 crystal_1
0.5085 0.866025403784 -0.129409522551 -0.482962913145 crystal_1
0.4987 0.866025403784 -0.129409522551 0.482962913145 crystal_1
0.5045 0.866025403784 0.0 -0.5 crystal_1
0.4863 0.866025403784 0.0 0.5 crystal_1
0.5078 0.866025403784 0.129409522551 -0.482962913145 crystal_1
0.4936 0.866025403784 0.129409522551 0.482962913145 crystal_1
0.5178 0.866025403784 0.25 -0.433012701892 crystal_1
0.5097 0.866025403784 0.25 0.433012701892 crystal_1
0.5176 0.866025403784 0.353553390593 -0.353553390593 crystal_1
0.5109 0.866025403784 0.353553390593 0.353553390593 crystal_1
0.5381 0.866025403784 0.433012701892 -0.25 crystal_2
0.5185 0.866025403784 0.433012701892 0.25 crystal_2
0.5404 0.866025403784 0.482962913145 -0.129409522551 crystal_2
0.5258 0.866025403784 0.482962913145 0.129409522551 crystal_2
0.5273 0.866025403784 0.5 0.0 crystal_2
0.5369 0.939692620786 -0.342020143326 0.0 crystal_2
0.5277 0.939692620786 -0.330366089549 -0.088521326901 crystal_2
0.5293 0.939692620786 -0.330366089549 0.088521326901 crystal_2
0.5268 0.939692620786 -0.296198132726 -0.171010071663 crystal_2
0.5342 0.939692620786 -0.296198132726 0.171010071663 crystal_2
0.5266 0.939692620786 -0.241844762648 -0.241844762648 crystal_1
0.5396 0.939692620786 -0.241844762648 0.241844762648 crystal_1
0.5236 0.939692620786 -0.171010071663 -0.296198132726 crystal_1
0.5311 0.939692620786 -0.171010071663 0.296198132726 crystal_1
0.5182 0.939692620786 -0.088521326901 -0.330366089549 crystal_1
0.5199 0.939692620786 -0.088521326901 0.330366089549 crystal_1
0.5267 0.939692620786 0.0 -0.342020143326 crystal_1
0.511 0.939692620786 0.0 0.342020143326 crystal_1
0.5257 0.939692620786 0.088521326901 -0.330366089549 crystal_1
0.52 0.939692620786 0.088521326901 0.330366089549 crystal_1
0.5354 0.939692620786 0.171010071663 -0.296198132726 crystal_1
0.5255 0.939692620786 0.171010071663 0.296198132726 crystal_1
0.5273 0.939692620786 0.241844762648 -0.241844762648 crystal_1
0.5352 0.939692620786 0.241844762648 0.241844762648 crystal_1
0.5439 0.939692620786 0.296198132726 -0.171010071663 crystal_2
0.5312 0.939692620786 0.296198132726 0.171010071663 crystal_2
0.5455 0.939692620786 0.330366089549 -0.088521326901 crystal_2
0.5354 0.939692620786 0.330366089549 0.088521326901 crystal_2
0.5362 0.939692620786 0.342020143326 0.0 crystal_2
0.5342 0.984807753012 -0.173648177667 0.0 crystal_2
0.5419 0.984807753012 -0.167731259497 -0.044943455528 crystal_2
0.547 0.984807753012 -0.167731259497 0.044943455528 crystal_2
0.5435 0.984807753012 -0.15038373318 -0.086824088833 crystal_2
0.5407 0.984807753012 -0.15038373318 0.086824088833 crystal_2
0.5352 0.984807753012 -0.122787803969 -0.122787803969 crystal_1
0.5438 0.984807753012 -0.122787803969 0.122787803969 crystal_1
0.5288 0.984807753012 -0.086824088833 -0.15038373318 crystal_1
0.5304 0.984807753012 -0.086824088833 0.15038373318 crystal_1
0.5343 0.984807753012 -0.044943455528 -0.167731259497 crystal_1
0.5385 0.984807753012 -0.044943455528 0.167731259497 crystal_1
0.5306 0.984807753012 0.0 -0.173648177667 crystal_1
0.5371 0.984807753012 0.0 0.173648177667 crystal_1
0.5443 0.984807753012 0.044943455528 -0.167731259497 crystal_1
0.5352 0.984807753012 0.044943455528 0.167731259497 crystal_1
0.5472 0.984807753012 0.086824088833 -0.15038373318 crystal_1
0.5253 0.984807753012 0.086824088833 0.15038373318 crystal_1
0.5389 0.984807753012 0.122787803969 -0.122787803969 crystal_1
0.5465 0.984807753012 0.122787803969 0.122787803969 crystal_1
0.5384 0.984807753012 0.15038373318 -0.086824088833 crystal_2
0.534 0.984807753012 0.15038373318 0.086824088833 crystal_2
0.5458 0.984807753012 0.167731259497 -0.044943455528 crystal_2
0.5398 0.984807753012 0.167731259497 0.044943455528 crystal_2
0.5398 0.984807753012 0.173648177667 0.0 crystal_2
0.5342 1.0 0.0 0.0 crystal_1
