0.9306 0.031 -1.0 0.0 0.0 2.83 0.0007 crystal_1
0.9011 0.0354 -0.984807753012 -0.173648177667 0.0 2.83 0.0346 crystal_2
0.8871 0.0348 -0.984807753012 -0.167731259497 -0.044943455528 2.83 0.034 crystal_2
0.8918 0.0349 -0.984807753012 -0.167731259497 0.044943455528 2.83 0.0342 crystal_2
0.8783 0.0346 -0.984807753012 -0.15038373318 -0.086824088833 2.83 0.0337 crystal_2
0.8918 0.035 -0.984807753012 -0.15038373318 0.086824088833 2.83 0.0342 crystal_2
0.9189 0.0304 -0.984807753012 -0.122787803969 -0.122787803969 2.83 0.0007 crystal_1
0.9314 0.0313 -0.984807753012 -0.122787803969 0.122787803969 2.83 0.0007 crystal_1
0.9086 0.0303 -0.984807753012 -0.086824088833 -0.15038373318 2.83 0.0007 crystal_1
0.9133 0.0304 -0.984807753012 -0.086824088833 0.15038373318 2.83 0.0008 crystal_1
0.9105 0.0303 -0.984807753012 -0.044943455528 -0.167731259497 2.83 0.0007 crystal_1
0.9182 0.0307 -0.984807753012 -0.044943455528 0.167731259497 2.83 0.0007 crystal_1
0.9317 0.0312 -0.984807753012 0.0 -0.173648177667 2.83 0.0007 crystal_1
0.9296 0.0311 -0.984807753012 1.4675e-08 0.173648177667 2.83 0.0007 crystal_1
0.9297 0.0311 -0.984807753012 0.044943455528 -0.167731259497 2.83 0.0007 crystal_1
0.9069 0.0304 -0.984807753012 0.044943455528 0.167731259497 2.83 0.0008 crystal_1
0.9055 0.0303 -0.984807753012 0.086824088833 -0.15038373318 2.83 0.0008 crystal_1
0.9041 0.03 -0.984807753012 0.086824088833 0.15038373318 2.83 0.0008 crystal_1
0.9309 0.031 -0.984807753012 0.122787803969 -0.122787803969 2.83 0.0007 crystal_1
0.911 0.0302 -0.984807753012 0.122787803969 0.122787803969 2.83 0.0007 crystal_1
0.917 0.0359 -0.984807753012 0.15038373318 -0.086824088833 2.83 0.0352 crystal_2
0.8807 0.0347 -0.984807753012 0.15038373318 0.086824088833 2.83 0.0338 crystal_2
0.8973 0.035 -0.984807753012 0.167731259497 -0.044943455528 2.83 0.0344 crystal_2
0.8882 0.0348 -0.984807753012 0.167731259497 0.044943455528 2.83 0.0341 crystal_2
0.8907 0.0348 -0.984807753012 0.173648177667 0.0 2.83 0.0342 crystal_2
0.8861 0.0346 -0.939692620786 -0.342020143326 0.0 2.83 0.034 crystal_2
0.8841 0.0345 -0.939692620786 -0.330366089549 -0.088521326901 2.83 0.0339 crystal_2
0.8839 0.0346 -0.939692620786 -0.330366089549 0.088521326901 2.83 0.0339 crystal_2
0.8725 0.0342 -0.939692620786 -0.296198132726 -0.171010071663 2.83 0.0335 crystal_2
0.8758 0.0343 -0.939692620786 -0.296198132726 0.171010071663 2.83 0.0336 crystal_2
0.9148 0.0307 -0.939692620786 -0.241844762648 -0.241844762648 2.83 0.0007 crystal_1
0.911 0.0304 -0.939692620786 -0.241844762648 0.241844762648 2.83 0.0008 crystal_1
0.8825 0.0297 -0.939692620786 -0.171010071663 -0.296198132726 2.83 0.0008 crystal_1
0.9094 0.0304 -0.939692620786 -0.171010071663 0.296198132726 2.83 0.0008 crystal_1
0.8864 0.0296 -0.939692620786 -0.088521326901 -0.330366089549 2.83 0.0008 crystal_1
0.8958 0.0299 -0.939692620786 -0.088521326901 0.330366089549 2.83 0.0008 crystal_1
0.8852 0.0294 -0.939692620786 0.0 -0.342020143326 2.83 0.0008 crystal_1
0.9043 0.03 -0.939692620786 0.0 0.342020143326 2.83 0.0008 crystal_1
0.8988 0.0301 -0.939692620786 0.088521326901 -0.330366089549 2.83 0.0008 crystal_1
0.9062 0.0303 -0.939692620786 0.088521326901 0.330366089549 2.83 0.0008 crystal_1
0.8901 0.0298 -0.939692620786 0.171010071663 -0.296198132726 2.83 0.0008 crystal_1
0.9031 0.0302 -0.939692620786 0.171010071663 0.296198132726 2.83 0.0008 crystal_1
0.9236 0.0308 -0.939692620786 0.241844762648 -0.241844762648 2.83 0.0007 crystal_1
0.9032 0.03 -0.939692620786 0.241844762648 0.241844762648 2.83 0.0008 crystal_1
0.8879 0.0346 -0.939692620786 0.296198132726 -0.171010071663 2.83 0.0341 crystal_2
0.8918 0.0349 -0.939692620786 0.296198132726 0.171010071663 2.83 0.0342 crystal_2
0.8847 0.0347 -0.939692620786 0.330366089549 -0.088521326901 2.83 0.0339 crystal_2
0.8952 0.035 -0.939692620786 0.330366089549 0.088521326901 2.83 0.0343 crystal_2
0.8876 0.0347 -0.939692620786 0.342020143326 0.0 2.83 0.0341 crystal_2
0.872 0.0342 -0.866025403784 -0.5 0.0 2.83 0.0335 crystal_2
0.8722 0.0342 -0.866025403784 -0.482962913145 -0.129409522551 2.83 0.0335 crystal_2
0.8827 0.0345 -0.866025403784 -0.482962913145 0.129409522551 2.83 0.0339 crystal_2
0.8766 0.0345 -0.866025403784 -0.433012701892 -0.25 2.83 0.0336 crystal_2
0.8617 0.0339 -0.866025403784 -0.433012701892 0.25 2.83 0.0331 crystal_2
0.895 0.03 -0.866025403784 -0.353553390593 -0.353553390593 2.83 0.0008 crystal_1
0.8954 0.0298 -0.866025403784 -0.353553390593 0.353553390593 2.83 0.0008 crystal_1
0.8556 0.0286 -0.866025403784 -0.25 -0.433012701892 2.83 0.0008 crystal_1
0.8902 0.0297 -0.866025403784 -0.25 0.433012701892 2.83 0.0008 crystal_1
0.8467 0.0283 -0.866025403784 -0.129409522551 -0.482962913145 2.83 0.0008 crystal_1
0.858 0.0287 -0.866025403784 -0.129409522551 0.482962913145 2.83 0.0008 crystal_1
0.8687 0.0291 -0.866025403784 0.0 -0.5 2.83 0.0008 crystal_1
0.8758 0.0291 -0.866025403784 0.0 0.5 2.83 0.0008 crystal_1
0.8687 0.0294 -0.866025403784 0.129409522551 -0.482962913145 2.83 0.0008 crystal_1
0.8559 0.0286 -0.866025403784 0.129409522551 0.482962913145 2.83 0.0008 crystal_1
0.8586 0.0288 -0.866025403784 0.25 -0.433012701892 2.83 0.0008 crystal_1
0.8802 0.0294 -0.866025403784 0.25 0.433012701892 2.83 0.0008 crystal_1
0.8984 0.0302 -0.866025403784 0.353553390593 -0.353553390593 2.83 0.0008 crystal_1
0.8785 0.0293 -0.866025403784 0.353553390593 0.353553390593 2.83 0.0008 crystal_1
0.8774 0.0344 -0.866025403784 0.433012701892 -0.25 2.83 0.0337 crystal_2
0.868 0.0339 -0.866025403784 0.433012701892 0.25 2.83 0.0333 crystal_2
0.8792 0.0345 -0.866025403784 0.482962913145 -0.129409522551 2.83 0.0337 crystal_2
0.8799 0.0343 -0.866025403784 0.482962913145 0.129409522551 2.83 0.0338 crystal_2
0.8779 0.0344 -0.866025403784 0.5 0.0 2.83 0.0337 crystal_2
0.8747 0.0343 -0.766044443119 -0.642787609687 0.0 2.83 0.0336 crystal_2
0.8741 0.0343 -0.766044443119 -0.620885153015 -0.166365675343 2.83 0.0335 crystal_2
0.8818 0.0345 -0.766044443119 -0.620885153015 0.166365675343 2.83 0.0338 crystal_2
0.8584 0.0336 -0.766044443119 -0.556670399226 -0.321393804843 2.83 0.0329 crystal_2
0.8392 0.0329 -0.766044443119 -0.556670399226 0.321393804843 2.83 0.0322 crystal_2
0.8748 0.0293 -0.766044443119 -0.454519477672 -0.454519477672 2.83 0.0008 crystal_1
0.8603 0.0287 -0.766044443119 -0.454519477672 0.454519477672 2.83 0.0008 crystal_1
0.8158 0.0273 -0.766044443119 -0.321393804843 -0.556670399226 2.83 0.0008 crystal_1
0.8621 0.0286 -0.766044443119 -0.321393804843 0.556670399226 2.83 0.0008 crystal_1
0.8231 0.0278 -0.766044443119 -0.166365675343 -0.620885153015 2.83 0.0008 crystal_1
0.8339 0.0278 -0.766044443119 -0.166365675343 0.620885153015 2.83 0.0008 crystal_1
0.8201 0.0273 -0.766044443119 0.0 -0.642787609687 2.83 0.0008 crystal_1
0.8373 0.028 -0.766044443119 1.1415e-08 0.642787609687 2.83 0.0008 crystal_1
0.8242 0.0276 -0.766044443119 0.166365675343 -0.620885153015 2.83 0.0008 crystal_1
0.8447 0.0281 -0.766044443119 0.166365675343 0.620885153015 2.83 0.0008 crystal_1
0.8241 0.0276 -0.766044443119 0.321393804843 -0.556670399226 2.83 0.0008 crystal_1
0.8666 0.0289 -0.766044443119 0.321393804843 0.556670399226 2.83 0.0008 crystal_1
0.8797 0.0294 -0.766044443119 0.454519477672 -0.454519477672 2.83 0.0008 crystal_1
0.8402 0.0281 -0.766044443119 0.454519477672 0.454519477672 2.83 0.0008 crystal_1
0.8603 0.0336 -0.766044443119 0.556670399226 -0.321393804843 2.83 0.033 crystal_2
0.8528 0.0334 -0.766044443119 0.556670399226 0.321393804843 2.83 0.0327 crystal_2
0.8685 0.0339 -0.766044443119 0.620885153015 -0.166365675343 2.83 0.0333 crystal_2
0.8642 0.0339 -0.766044443119 0.620885153015 0.166365675343 2.83 0.0332 crystal_2
0.8859 0.0347 -0.766044443119 0.642787609687 0.0 2.83 0.034 crystal_2
0.8539 0.0334 -0.642787609687 -0.766044443119 0.0 2.83 0.0328 crystal_2
0.8409 0.0331 -0.642787609687 -0.739942111694 -0.198266891274 2.83 0.0323 crystal_2
0.845 0.0332 -0.642787609687 -0.739942111694 0.198266891274 2.83 0.0324 crystal_2
0.8502 0.0334 -0.642787609687 -0.663413948169 -0.383022221559 2.83 0.0326 crystal_2
0.8492 0.0335 -0.642787609687 -0.663413948169 0.383022221559 2.83 0.0326 crystal_2
0.8044 0.0269 -0.642787609687 -0.54167522042 -0.54167522042 2.83 0.0008 crystal_1
0.8567 0.0286 -0.642787609687 -0.54167522042 0.54167522042 2.83 0.0008 crystal_1
0.8174 0.0274 -0.642787609687 -0.383022221559 -0.663413948169 2.83 0.0008 crystal_1
0.8171 0.0274 -0.642787609687 -0.383022221559 0.663413948169 2.83 0.0008 crystal_1
0.7668 0.0256 -0.642787609687 -0.198266891274 -0.739942111694 2.83 0.0008 crystal_1
0.8007 0.0266 -0.642787609687 -0.198266891274 0.739942111694 2.83 0.0008 crystal_1
0.8074 0.0269 -0.642787609687 0.0 0.766044443119 2.83 0.0008 crystal_1
0.8036 0.0267 -0.642787609687 9.578e-09 -0.766044443119 2.83 0.0008 crystal_1
0.7619 0.0254 -0.642787609687 0.198266891274 -0.739942111694 2.83 0.0008 crystal_1
0.8089 0.027 -0.642787609687 0.198266891274 0.739942111694 2.83 0.0008 crystal_1
0.8068 0.027 -0.642787609687 0.383022221559 -0.663413948169 2.83 0.0008 crystal_1
0.8291 0.0276 -0.642787609687 0.383022221559 0.663413948169 2.83 0.0008 crystal_1
0.8027 0.0268 -0.642787609687 0.54167522042 -0.54167522042 2.83 0.0008 crystal_1
0.8117 0.0271 -0.642787609687 0.54167522042 0.54167522042 2.83 0.0008 crystal_1
0.8566 0.0336 -0.642787609687 0.663413948169 -0.383022221559 2.83 0.0329 crystal_2
0.8327 0.0325 -0.642787609687 0.663413948169 0.383022221559 2.83 0.0319 crystal_2
0.856 0.0336 -0.642787609687 0.739942111694 -0.198266891274 2.83 0.0328 crystal_2
0.8573 0.0335 -0.642787609687 0.739942111694 0.198266891274 2.83 0.0329 crystal_2
0.8629 0.0336 -0.642787609687 0.766044443119 0.0 2.83 0.0331 crystal_2
0.8624 0.0338 -0.5 -0.866025403784 0.0 2.83 0.0331 crystal_2
0.8329 0.0325 -0.5 -0.836516303738 -0.224143868042 2.83 0.032 crystal_2
0.8556 0.0335 -0.5 -0.836516303738 0.224143868042 2.83 0.0328 crystal_2
0.8395 0.0329 -0.5 -0.75 -0.433012701892 2.83 0.0322 crystal_2
0.8228 0.0323 -0.5 -0.75 0.433012701892 2.83 0.0316 crystal_2
0.7989 0.0268 -0.5 -0.612372435696 -0.612372435696 2.83 0.0008 crystal_1
0.8154 0.0273 -0.5 -0.612372435696 0.612372435696 2.83 0.0008 crystal_1
0.7998 0.0266 -0.5 -0.433012701892 -0.75 2.83 0.0008 crystal_1
0.8169 0.0273 -0.5 -0.433012701892 0.75 2.83 0.0008 crystal_1
0.7504 0.0251 -0.5 -0.224143868042 -0.836516303738 2.83 0.0008 crystal_1
0.7615 0.0255 -0.5 -0.224143868042 0.836516303738 2.83 0.0008 crystal_1
0.749 0.0251 -0.5 -0.0 -0.866025403784 2.83 0.0008 crystal_1
0.7629 0.0253 -0.5 0.0 0.866025403784 2.83 0.0008 crystal_1
0.7314 0.0245 -0.5 0.224143868042 -0.836516303738 2.83 0.0009 crystal_1
0.77 0.0257 -0.5 0.224143868042 0.836516303738 2.83 0.0008 crystal_1
0.7848 0.0263 -0.5 0.433012701892 -0.75 2.83 0.0008 crystal_1
0.8155 0.027 -0.5 0.433012701892 0.75 2.83 0.0008 crystal_1
0.7757 0.0259 -0.5 0.612372435696 -0.612372435696 2.83 0.0008 crystal_1
0.8072 0.027 -0.5 0.612372435696 0.612372435696 2.83 0.0008 crystal_1
0.8519 0.0333 -0.5 0.75 -0.433012701892 2.83 0.0327 crystal_2
0.8328 0.0327 -0.5 0.75 0.433012701892 2.83 0.032 crystal_2
0.8501 0.0331 -0.5 0.836516303738 -0.224143868042 2.83 0.0326 crystal_2
0.8593 0.0337 -0.5 0.836516303738 0.224143868042 2.83 0.033 crystal_2
0.8619 0.0337 -0.5 0.866025403784 0.0 2.83 0.0331 crystal_2
0.8482 0.0332 -0.342020143326 -0.939692620786 0.0 2.83 0.0325 crystal_2
0.8416 0.0329 -0.342020143326 -0.90767337119 -0.243210346802 2.83 0.0323 crystal_2
0.8514 0.0334 -0.342020143326 -0.90767337119 0.243210346802 2.83 0.0327 crystal_2
0.8224 0.0321 -0.342020143326 -0.813797681349 -0.469846310393 2.83 0.0316 crystal_2
0.82 0.0321 -0.342020143326 -0.813797681349 0.469846310393 2.83 0.0315 crystal_2
0.7717 0.0259 -0.342020143326 -0.664463024389 -0.664463024389 2.83 0.0008 crystal_1
0.7941 0.0266 -0.342020143326 -0.664463024389 0.664463024389 2.83 0.0008 crystal_1
0.7802 0.0259 -0.342020143326 -0.469846310393 -0.813797681349 2.83 0.0008 crystal_1
0.784 0.0261 -0.342020143326 -0.469846310393 0.813797681349 2.83 0.0008 crystal_1
0.7188 0.0241 -0.342020143326 -0.243210346802 -0.90767337119 2.83 0.0009 crystal_1
0.7299 0.0246 -0.342020143326 -0.243210346802 0.90767337119 2.83 0.0009 crystal_1
0.714 0.024 -0.342020143326 -7.208e-09 -0.939692620786 2.83 0.0009 crystal_1
0.748 0.0248 -0.342020143326 0.0 0.939692620786 2.83 0.0008 crystal_1
0.7037 0.0236 -0.342020143326 0.243210346802 -0.90767337119 2.83 0.0009 crystal_1
0.7393 0.0245 -0.342020143326 0.243210346802 0.90767337119 2.83 0.0009 crystal_1
0.7717 0.0257 -0.342020143326 0.469846310393 -0.813797681349 2.83 0.0008 crystal_1
0.7867 0.0263 -0.342020143326 0.469846310393 0.813797681349 2.83 0.0008 crystal_1
0.7744 0.026 -0.342020143326 0.664463024389 -0.664463024389 2.83 0.0008 crystal_1
0.7843 0.0263 -0.342020143326 0.664463024389 0.664463024389 2.83 0.0008 crystal_1
0.8533 0.0334 -0.342020143326 0.813797681349 -0.469846310393 2.83 0.0327 crystal_2
0.839 0.0328 -0.342020143326 0.813797681349 0.469846310393 2.83 0.0322 crystal_2
0.8313 0.0327 -0.342020143326 0.90767337119 -0.243210346802 2.83 0.0319 crystal_2
0.8489 0.0332 -0.342020143326 0.90767337119 0.243210346802 2.83 0.0326 crystal_2
0.866 0.0339 -0.342020143326 0.939692620786 0.0 2.83 0.0332 crystal_2
0.8371 0.0331 -0.173648177667 -0.984807753012 0.0 2.83 0.0321 crystal_2
0.8421 0.0329 -0.173648177667 -0.951251242564 -0.254887002244 2.83 0.0323 crystal_2
0.8412 0.033 -0.173648177667 -0.951251242564 0.254887002244 2.83 0.0323 crystal_2
0.8345 0.0326 -0.173648177667 -0.852868531952 -0.492403876506 2.83 0.032 crystal_2
0.8256 0.0325 -0.173648177667 -0.852868531952 0.492403876506 2.83 0.0317 crystal_2
0.7692 0.0257 -0.173648177667 -0.69636424032 -0.69636424032 2.83 0.0008 crystal_1
0.7765 0.0259 -0.173648177667 -0.69636424032 0.69636424032 2.83 0.0008 crystal_1
0.7761 0.0259 -0.173648177667 -0.492403876506 -0.852868531952 2.83 0.0008 crystal_1
0.7684 0.0256 -0.173648177667 -0.492403876506 0.852868531952 2.83 0.0008 crystal_1
0.7061 0.0237 -0.173648177667 -0.254887002244 -0.951251242564 2.83 0.0009 crystal_1
0.7134 0.0239 -0.173648177667 -0.254887002244 0.951251242564 2.83 0.0009 crystal_1
0.7069 0.0237 -0.173648177667 -0.0 -0.984807753012 2.83 0.0009 crystal_1
0.717 0.0239 -0.173648177667 0.0 0.984807753012 2.83 0.0009 crystal_1
0.7054 0.0236 -0.173648177667 0.254887002244 -0.951251242564 2.83 0.0009 crystal_1
0.719 0.024 -0.173648177667 0.254887002244 0.951251242564 2.83 0.0009 crystal_1
0.7644 0.0256 -0.173648177667 0.492403876506 -0.852868531952 2.83 0.0008 crystal_1
0.7699 0.0256 -0.173648177667 0.492403876506 0.852868531952 2.83 0.0008 crystal_1
0.7748 0.0258 -0.173648177667 0.69636424032 -0.69636424032 2.83 0.0008 crystal_1
0.7729 0.0257 -0.173648177667 0.69636424032 0.69636424032 2.83 0.0008 crystal_1
0.83 0.0325 -0.173648177667 0.852868531952 -0.492403876506 2.83 0.0318 crystal_2
0.8251 0.0323 -0.173648177667 0.852868531952 0.492403876506 2.83 0.0317 crystal_2
0.8508 0.0333 -0.173648177667 0.951251242564 -0.254887002244 2.83 0.0326 crystal_2
0.8437 0.0331 -0.173648177667 0.951251242564 0.254887002244 2.83 0.0324 crystal_2
0.8501 0.0334 -0.173648177667 0.984807753012 0.0 2.83 0.0326 crystal_2
0.8593 0.0337 0.0 -1.0 0.0 2.83 0.033 crystal_2
0.8413 0.0331 0.0 -0.965925826289 -0.258819045103 2.83 0.0323 crystal_2
0.8476 0.0332 0.0 -0.965925826289 0.258819045103 2.83 0.0325 crystal_2
0.8207 0.0321 0.0 -0.866025403784 -0.5 2.83 0.0315 crystal_2
0.8279 0.032 0.0 -0.866025403784 0.5 2.83 0.0318 crystal_2
0.7693 0.0257 0.0 -0.707106781187 -0.707106781187 2.83 0.0008 crystal_1
0.7901 0.0264 0.0 -0.707106781187 0.707106781187 2.83 0.0008 crystal_1
0.7819 0.026 0.0 -0.5 -0.866025403784 2.83 0.0008 crystal_1
0.7581 0.0254 0.0 -0.5 0.866025403784 2.83 0.0008 crystal_1
0.7071 0.0237 0.0 -0.258819045103 -0.965925826289 2.83 0.0009 crystal_1
0.7165 0.024 0.0 -0.258819045103 0.965925826289 2.83 0.0009 crystal_1
0.6994 0.0232 0.0 0.0 -1.0 2.83 0.0009 crystal_1
0.6994 0.0232 0.0 0.0 1.0 2.83 0.0009 crystal_1
0.7165 0.024 0.0 0.258819045103 -0.965925826289 2.83 0.0009 crystal_1
0.7071 0.0237 0.0 0.258819045103 0.965925826289 2.83 0.0009 crystal_1
0.7581 0.0254 0.0 0.5 -0.866025403784 2.83 0.0008 crystal_1
0.7819 0.026 0.0 0.5 0.866025403784 2.83 0.0008 crystal_1
0.7901 0.0264 0.0 0.707106781187 -0.707106781187 2.83 0.0008 crystal_1
0.7693 0.0257 0.0 0.707106781187 0.707106781187 2.83 0.0008 crystal_1
0.8279 0.032 0.0 0.866025403784 -0.5 2.83 0.0318 crystal_2
0.8207 0.0321 0.0 0.866025403784 0.5 2.83 0.0315 crystal_2
0.8476 0.0332 0.0 0.965925826289 -0.258819045103 2.83 0.0325 crystal_2
0.8413 0.0331 0.0 0.965925826289 0.258819045103 2.83 0.0323 crystal_2
0.8593 0.0337 0.0 1.0 0.0 2.83 0.033 crystal_2
0.8501 0.0334 0.173648177667 -0.984807753012 0.0 2.83 0.0326 crystal_2
0.8437 0.0331 0.173648177667 -0.951251242564 -0.254887002244 2.83 0.0324 crystal_2
0.8508 0.0333 0.173648177667 -0.951251242564 0.254887002244 2.83 0.0326 crystal_2
0.8251 0.0323 0.173648177667 -0.852868531952 -0.492403876506 2.83 0.0317 crystal_2
0.83 0.0325 0.173648177667 -0.852868531952 0.492403876506 2.83 0.0318 crystal_2
0.7729 0.0257 0.173648177667 -0.69636424032 -0.69636424032 2.83 0.0008 crystal_1
0.7748 0.0258 0.173648177667 -0.69636424032 0.69636424032 2.83 0.0008 crystal_1
0.7699 0.0256 0.173648177667 -0.492403876506 -0.852868531952 2.83 0.0008 crystal_1
0.7644 0.0256 0.173648177667 -0.492403876506 0.852868531952 2.83 0.0008 crystal_1
0.719 0.024 0.173648177667 -0.254887002244 -0.951251242564 2.83 0.0009 crystal_1
0.7054 0.0236 0.173648177667 -0.254887002244 0.951251242564 2.83 0.0009 crystal_1
0.717 0.0239 0.173648177667 0.0 -0.984807753012 2.83 0.0009 crystal_1
0.7069 0.0237 0.173648177667 0.0 0.984807753012 2.83 0.0009 crystal_1
0.7134 0.0239 0.173648177667 0.254887002244 -0.951251242564 2.83 0.0009 crystal_1
0.7061 0.0237 0.173648177667 0.254887002244 0.951251242564 2.83 0.0009 crystal_1
0.7684 0.0256 0.173648177667 0.492403876506 -0.852868531952 2.83 0.0008 crystal_1
0.7761 0.0259 0.173648177667 0.492403876506 0.852868531952 2.83 0.0008 crystal_1
0.7765 0.0259 0.173648177667 0.69636424032 -0.69636424032 2.83 0.0008 crystal_1
0.7692 0.0257 0.173648177667 0.69636424032 0.69636424032 2.83 0.0008 crystal_1
0.8256 0.0325 0.173648177667 0.852868531952 -0.492403876506 2.83 0.0317 crystal_2
0.8345 0.0326 0.173648177667 0.852868531952 0.492403876506 2.83 0.032 crystal_2
0.8412 0.033 0.173648177667 0.951251242564 -0.254887002244 2.83 0.0323 crystal_2
0.8421 0.0329 0.173648177667 0.951251242564 0.254887002244 2.83 0.0323 crystal_2
0.8371 0.0331 0.173648177667 0.984807753012 0.0 2.83 0.0321 crystal_2
0.866 0.0339 0.342020143326 -0.939692620786 0.0 2.83 0.0332 crystal_2
0.8489 0.0332 0.342020143326 -0.90767337119 -0.243210346802 2.83 0.0326 crystal_2
0.8313 0.0327 0.342020143326 -0.90767337119 0.243210346802 2.83 0.0319 crystal_2
0.839 0.0328 0.342020143326 -0.813797681349 -0.469846310393 2.83 0.0322 crystal_2
0.8533 0.0334 0.342020143326 -0.813797681349 0.469846310393 2.83 0.0327 crystal_2
0.7843 0.0263 0.342020143326 -0.664463024389 -0.664463024389 2.83 0.0008 crystal_1
0.7744 0.026 0.342020143326 -0.664463024389 0.664463024389 2.83 0.0008 crystal_1
0.7867 0.0263 0.342020143326 -0.469846310393 -0.813797681349 2.83 0.0008 crystal_1
0.7717 0.0257 0.342020143326 -0.469846310393 0.813797681349 2.83 0.0008 crystal_1
0.7393 0.0245 0.342020143326 -0.243210346802 -0.90767337119 2.83 0.0009 crystal_1
0.7037 0.0236 0.342020143326 -0.243210346802 0.90767337119 2.83 0.0009 crystal_1
0.748 0.0248 0.342020143326 0.0 -0.939692620786 2.83 0.0008 crystal_1
0.714 0.024 0.342020143326 7.208e-09 0.939692620786 2.83 0.0009 crystal_1
0.7299 0.0246 0.342020143326 0.243210346802 -0.90767337119 2.83 0.0009 crystal_1
0.7188 0.0241 0.342020143326 0.243210346802 0.90767337119 2.83 0.0009 crystal_1
0.784 0.0261 0.342020143326 0.469846310393 -0.813797681349 2.83 0.0008 crystal_1
0.7802 0.0259 0.342020143326 0.469846310393 0.813797681349 2.83 0.0008 crystal_1
0.7941 0.0266 0.342020143326 0.664463024389 -0.664463024389 2.83 0.0008 crystal_1
0.7717 0.0259 0.342020143326 0.664463024389 0.664463024389 2.83 0.0008 crystal_1
0.82 0.0321 0.342020143326 0.813797681349 -0.469846310393 2.83 0.0315 crystal_2
0.8224 0.0321 0.342020143326 0.813797681349 0.469846310393 2.83 0.0316 crystal_2
0.8514 0.0334 0.342020143326 0.90767337119 -0.243210346802 2.83 0.0327 crystal_2
0.8416 0.0329 0.342020143326 0.90767337119 0.243210346802 2.83 0.0323 crystal_2
0.8482 0.0332 0.342020143326 0.939692620786 0.0 2.83 0.0325 crystal_2
0.8619 0.0337 0.5 -0.866025403784 0.0 2.83 0.0331 crystal_2
0.8593 0.0337 0.5 -0.836516303738 -0.224143868042 2.83 0.033 crystal_2
0.8501 0.0331 0.5 -0.836516303738 0.224143868042 2.83 0.0326 crystal_2
0.8328 0.0327 0.5 -0.75 -0.433012701892 2.83 0.032 crystal_2
0.8519 0.0333 0.5 -0.75 0.433012701892 2.83 0.0327 crystal_2
0.8072 0.027 0.5 -0.612372435696 -0.612372435696 2.83 0.0008 crystal_1
0.8596 0.0286 0.5 -0.612372435696 0.612372435696 2.83 0.0008 crystal_1
0.8155 0.027 0.5 -0.433012701892 -0.75 2.83 0.0008 crystal_1
0.7625 0.0256 0.5 -0.433012701892 0.75 2.83 0.0008 crystal_1
0.77 0.0257 0.5 -0.224143868042 -0.836516303738 2.83 0.0008 crystal_1
0.7704 0.0257 0.5 -0.224143868042 0.836516303738 2.83 0.0008 crystal_1
0.7629 0.0253 0.5 0.0 -0.866025403784 2.83 0.0008 crystal_1
0.756 0.0252 0.5 0.0 0.866025403784 2.83 0.0008 crystal_1
0.7615 0.0255 0.5 0.224143868042 -0.836516303738 2.83 0.0008 crystal_1
0.7543 0.0252 0.5 0.224143868042 0.836516303738 2.83 0.0008 crystal_1
0.8169 0.0273 0.5 0.433012701892 -0.75 2.83 0.0008 crystal_1
0.7638 0.0255 0.5 0.433012701892 0.75 2.83 0.0008 crystal_1
0.8154 0.0273 0.5 0.612372435696 -0.612372435696 2.83 0.0008 crystal_1
0.851 0.0284 0.5 0.612372435696 0.612372435696 2.83 0.0008 crystal_1
0.8097 0.0317 0.5 0.75 -0.433012701892 2.83 0.0311 crystal_2
0.8159 0.0319 0.5 0.75 0.433012701892 2.83 0.0313 crystal_2
0.8537 0.0334 0.5 0.836516303738 -0.224143868042 2.83 0.0328 crystal_2
0.8418 0.0329 0.5 0.836516303738 0.224143868042 2.83 0.0323 crystal_2
0.8633 0.0337 0.5 0.866025403784 0.0 2.83 0.0331 crystal_2
0.8629 0.0336 0.642787609687 -0.766044443119 0.0 2.83 0.0331 crystal_2
0.8573 0.0335 0.642787609687 -0.739942111694 -0.198266891274 2.83 0.0329 crystal_2
0.856 0.0336 0.642787609687 -0.739942111694 0.198266891274 2.83 0.0328 crystal_2
0.8327 0.0325 0.642787609687 -0.663413948169 -0.383022221559 2.83 0.0319 crystal_2
0.8566 0.0336 0.642787609687 -0.663413948169 0.383022221559 2.83 0.0329 crystal_2
0.8117 0.0271 0.642787609687 -0.54167522042 -0.54167522042 2.83 0.0008 crystal_1
0.8816 0.0292 0.642787609687 -0.54167522042 0.54167522042 2.83 0.0008 crystal_1
0.8291 0.0276 0.642787609687 -0.383022221559 -0.663413948169 2.83 0.0008 crystal_1
0.7929 0.0265 0.642787609687 -0.383022221559 0.663413948169 2.83 0.0008 crystal_1
0.8089 0.027 0.642787609687 -0.198266891274 -0.739942111694 2.83 0.0008 crystal_1
0.8081 0.0269 0.642787609687 -0.198266891274 0.739942111694 2.83 0.0008 crystal_1
0.8036 0.0267 0.642787609687 -9.578e-09 0.766044443119 2.83 0.0008 crystal_1
0.8074 0.0269 0.642787609687 0.0 -0.766044443119 2.83 0.0008 crystal_1
0.8007 0.0266 0.642787609687 0.198266891274 -0.739942111694 2.83 0.0008 crystal_1
0.7799 0.0261 0.642787609687 0.198266891274 0.739942111694 2.83 0.0008 crystal_1
0.8171 0.0274 0.642787609687 0.383022221559 -0.663413948169 2.83 0.0008 crystal_1
0.8009 0.0269 0.642787609687 0.383022221559 0.663413948169 2.83 0.0008 crystal_1
0.8567 0.0286 0.642787609687 0.54167522042 -0.54167522042 2.83 0.0008 crystal_1
0.8581 0.0286 0.642787609687 0.54167522042 0.54167522042 2.83 0.0008 crystal_1
0.8275 0.0324 0.642787609687 0.663413948169 -0.383022221559 2.83 0.0317 crystal_2
0.8356 0.0329 0.642787609687 0.663413948169 0.383022221559 2.83 0.0321 crystal_2
0.8661 0.0338 0.642787609687 0.739942111694 -0.198266891274 2.83 0.0332 crystal_2
0.8552 0.0335 0.642787609687 0.739942111694 0.198266891274 2.83 0.0328 crystal_2
0.8844 0.0345 0.642787609687 0.766044443119 0.0 2.83 0.0339 crystal_2
0.8859 0.0347 0.766044443119 -0.642787609687 0.0 2.83 0.034 crystal_2
0.8642 0.0339 0.766044443119 -0.620885153015 -0.166365675343 2.83 0.0332 crystal_2
0.8685 0.0339 0.766044443119 -0.620885153015 0.166365675343 2.83 0.0333 crystal_2
0.8528 0.0334 0.766044443119 -0.556670399226 -0.321393804843 2.83 0.0327 crystal_2
0.8603 0.0336 0.766044443119 -0.556670399226 0.321393804843 2.83 0.033 crystal_2
0.8402 0.0281 0.766044443119 -0.454519477672 -0.454519477672 2.83 0.0008 crystal_1
0.8797 0.0294 0.766044443119 -0.454519477672 0.454519477672 2.83 0.0008 crystal_1
0.8666 0.0289 0.766044443119 -0.321393804843 -0.556670399226 2.83 0.0008 crystal_1
0.8241 0.0276 0.766044443119 -0.321393804843 0.556670399226 2.83 0.0008 crystal_1
0.8447 0.0281 0.766044443119 -0.166365675343 -0.620885153015 2.83 0.0008 crystal_1
0.8242 0.0276 0.766044443119 -0.166365675343 0.620885153015 2.83 0.0008 crystal_1
0.8373 0.028 0.766044443119 -1.1415e-08 -0.642787609687 2.83 0.0008 crystal_1
0.8201 0.0273 0.766044443119 0.0 0.642787609687 2.83 0.0008 crystal_1
0.8339 0.0278 0.766044443119 0.166365675343 -0.620885153015 2.83 0.0008 crystal_1
0.8231 0.0278 0.766044443119 0.166365675343 0.620885153015 2.83 0.0008 crystal_1
0.8621 0.0286 0.766044443119 0.321393804843 -0.556670399226 2.83 0.0008 crystal_1
0.8158 0.0273 0.766044443119 0.321393804843 0.556670399226 2.83 0.0008 crystal_1
0.8603 0.0287 0.766044443119 0.454519477672 -0.454519477672 2.83 0.0008 crystal_1
0.8748 0.0293 0.766044443119 0.454519477672 0.454519477672 2.83 0.0008 crystal_1
0.8392 0.0329 0.766044443119 0.556670399226 -0.321393804843 2.83 0.0322 crystal_2
0.8584 0.0336 0.766044443119 0.556670399226 0.321393804843 2.83 0.0329 crystal_2
0.8818 0.0345 0.766044443119 0.620885153015 -0.166365675343 2.83 0.0338 crystal_2
0.8741 0.0343 0.766044443119 0.620885153015 0.166365675343 2.83 0.0335 crystal_2
0.8747 0.0343 0.766044443119 0.642787609687 0.0 2.83 0.0336 crystal_2
0.8779 0.0344 0.866025403784 -0.5 0.0 2.83 0.0337 crystal_2
0.8799 0.0343 0.866025403784 -0.482962913145 -0.129409522551 2.83 0.0338 crystal_2
0.8792 0.0345 0.866025403784 -0.482962913145 0.129409522551 2.83 0.0337 crystal_2
0.868 0.0339 0.866025403784 -0.433012701892 -0.25 2.83 0.0333 crystal_2
0.8774 0.0344 0.866025403784 -0.433012701892 0.25 2.83 0.0337 crystal_2
0.8785 0.0293 0.866025403784 -0.353553390593 -0.353553390593 2.83 0.0008 crystal_1
0.8984 0.0302 0.866025403784 -0.353553390593 0.353553390593 2.83 0.0008 crystal_1
0.8802 0.0294 0.866025403784 -0.25 -0.433012701892 2.83 0.0008 crystal_1
0.8586 0.0288 0.866025403784 -0.25 0.433012701892 2.83 0.0008 crystal_1
0.8559 0.0286 0.866025403784 -0.129409522551 -0.482962913145 2.83 0.0008 crystal_1
0.8687 0.0294 0.866025403784 -0.129409522551 0.482962913145 2.83 0.0008 crystal_1
0.8758 0.0291 0.866025403784 0.0 -0.5 2.83 0.0008 crystal_1
0.8687 0.0291 0.866025403784 0.0 0.5 2.83 0.0008 crystal_1
0.858 0.0287 0.866025403784 0.129409522551 -0.482962913145 2.83 0.0008 crystal_1
0.8467 0.0283 0.866025403784 0.129409522551 0.482962913145 2.83 0.0008 crystal_1
0.8902 0.0297 0.866025403784 0.25 -0.433012701892 2.83 0.0008 crystal_1
0.8556 0.0286 0.866025403784 0.25 0.433012701892 2.83 0.0008 crystal_1
0.8954 0.0298 0.866025403784 0.353553390593 -0.353553390593 2.83 0.0008 crystal_1
0.895 0.03 0.866025403784 0.353553390593 0.353553390593 2.83 0.0008 crystal_1
0.8617 0.0339 0.866025403784 0.433012701892 -0.25 2.83 0.0331 crystal_2
0.8766 0.0345 0.866025403784 0.433012701892 0.25 2.83 0.0336 crystal_2
0.8827 0.0345 0.866025403784 0.482962913145 -0.129409522551 2.83 0.0339 crystal_2
0.8722 0.0342 0.866025403784 0.482962913145 0.129409522551 2.83 0.0335 crystal_2
0.872 0.0342 0.866025403784 0.5 0.0 2.83 0.0335 crystal_2
0.8876 0.0347 0.939692620786 -0.342020143326 0.0 2.83 0.0341 crystal_2
0.8952 0.035 0.939692620786 -0.330366089549 -0.088521326901 2.83 0.0343 crystal_2
0.8847 0.0347 0.939692620786 -0.330366089549 0.088521326901 2.83 0.0339 crystal_2
0.8918 0.0349 0.939692620786 -0.296198132726 -0.171010071663 2.83 0.0342 crystal_2
0.8879 0.0346 0.939692620786 -0.296198132726 0.171010071663 2.83 0.0341 crystal_2
0.9032 0.03 0.939692620786 -0.241844762648 -0.241844762648 2.83 0.0008 crystal_1
0.9236 0.0308 0.939692620786 -0.241844762648 0.241844762648 2.83 0.0007 crystal_1
0.9031 0.0302 0.939692620786 -0.171010071663 -0.296198132726 2.83 0.0008 crystal_1
0.8901 0.0298 0.939692620786 -0.171010071663 0.296198132726 2.83 0.0008 crystal_1
0.9062 0.0303 0.939692620786 -0.088521326901 -0.330366089549 2.83 0.0008 crystal_1
0.8988 0.0301 0.939692620786 -0.088521326901 0.330366089549 2.83 0.0008 crystal_1
0.9043 0.03 0.939692620786 0.0 -0.342020143326 2.83 0.0008 crystal_1
0.8852 0.0294 0.939692620786 0.0 0.342020143326 2.83 0.0008 crystal_1
0.8958 0.0299 0.939692620786 0.088521326901 -0.330366089549 2.83 0.0008 crystal_1
0.8864 0.0296 0.939692620786 0.088521326901 0.330366089549 2.83 0.0008 crystal_1
0.9094 0.0304 0.939692620786 0.171010071663 -0.296198132726 2.83 0.0008 crystal_1
0.8825 0.0297 0.939692620786 0.171010071663 0.296198132726 2.83 0.0008 crystal_1
0.911 0.0304 0.939692620786 0.241844762648 -0.241844762648 2.83 0.0008 crystal_1
0.9148 0.0307 0.939692620786 0.241844762648 0.241844762648 2.83 0.0007 crystal_1
0.8758 0.0343 0.939692620786 0.296198132726 -0.171010071663 2.83 0.0336 crystal_2
0.8725 0.0342 0.939692620786 0.296198132726 0.171010071663 2.83 0.0335 crystal_2
0.8839 0.0346 0.939692620786 0.330366089549 -0.088521326901 2.83 0.0339 crystal_2
0.8841 0.0345 0.939692620786 0.330366089549 0.088521326901 2.83 0.0339 crystal_2
0.8861 0.0346 0.939692620786 0.342020143326 0.0 2.83 0.034 crystal_2
0.8907 0.0348 0.984807753012 -0.173648177667 0.0 2.83 0.0342 crystal_2
0.8882 0.0348 0.984807753012 -0.167731259497 -0.044943455528 2.83 0.0341 crystal_2
0.8973 0.035 0.984807753012 -0.167731259497 0.044943455528 2.83 0.0344 crystal_2
0.8807 0.0347 0.984807753012 -0.15038373318 -0.086824088833 2.83 0.0338 crystal_2
0.917 0.0359 0.984807753012 -0.15038373318 0.086824088833 2.83 0.0352 crystal_2
0.911 0.0302 0.984807753012 -0.122787803969 -0.122787803969 2.83 0.0007 crystal_1
0.9309 0.031 0.984807753012 -0.122787803969 0.122787803969 2.83 0.0007 crystal_1
0.9041 0.03 0.984807753012 -0.086824088833 -0.15038373318 2.83 0.0008 crystal_1
0.9055 0.0303 0.984807753012 -0.086824088833 0.15038373318 2.83 0.0008 crystal_1
0.9069 0.0304 0.984807753012 -0.044943455528 -0.167731259497 2.83 0.0008 crystal_1
0.9297 0.0311 0.984807753012 -0.044943455528 0.167731259497 2.83 0.0007 crystal_1
0.9296 0.0311 0.984807753012 -1.4675e-08 -0.173648177667 2.83 0.0007 crystal_1
0.9317 0.0312 0.984807753012 0.0 0.173648177667 2.83 0.0007 crystal_1
0.9182 0.0307 0.984807753012 0.044943455528 -0.167731259497 2.83 0.0007 crystal_1
0.9105 0.0303 0.984807753012 0.044943455528 0.167731259497 2.83 0.0007 crystal_1
0.9133 0.0304 0.984807753012 0.086824088833 -0.15038373318 2.83 0.0008 crystal_1
0.9086 0.0303 0.984807753012 0.086824088833 0.15038373318 2.83 0.0007 crystal_1
0.9314 0.0313 0.984807753012 0.122787803969 -0.122787803969 2.83 0.0007 crystal_1
0.9189 0.0304 0.984807753012 0.122787803969 0.122787803969 2.83 0.0007 crystal_1
0.8918 0.035 0.984807753012 0.15038373318 -0.086824088833 2.83 0.0342 crystal_2
0.8783 0.0346 0.984807753012 0.15038373318 0.086824088833 2.83 0.0337 crystal_2
0.8918 0.0349 0.984807753012 0.167731259497 -0.044943455528 2.83 0.0342 crystal_2
0.8871 0.0348 0.984807753012 0.167731259497 0.044943455528 2.83 0.034 crystal_2
0.9011 0.0354 0.984807753012 0.173648177667 0.0 2.83 0.0346 crystal_2
0.9306 0.031 1.0 0.0 0.0 2.83 0.0007 crystal_1
