0.8977 0.013 -1.0 0.0 0.0 2.83 0.0006 crystal_1
0.883 0.0197 -0.984807753012 -0.173648177667 0.0 2.83 0.0183 crystal_2
0.9178 0.02 -0.984807753012 -0.167731259497 -0.044943455528 2.83 0.019 crystal_2
0.9213 0.0201 -0.984807753012 -0.167731259497 0.044943455528 2.83 0.0191 crystal_2
0.8844 0.0196 -0.984807753012 -0.15038373318 -0.086824088833 2.83 0.0183 crystal_2
0.9117 0.02 -0.984807753012 -0.15038373318 0.086824088833 2.83 0.0189 crystal_2
0.896 0.0133 -0.984807753012 -0.122787803969 -0.122787803969 2.83 0.0006 crystal_1
0.9018 0.0121 -0.984807753012 -0.122787803969 0.122787803969 2.83 0.0006 crystal_1
0.8978 0.0124 -0.984807753012 -0.086824088833 -0.15038373318 2.83 0.0006 crystal_1
0.9196 0.0127 -0.984807753012 -0.086824088833 0.15038373318 2.83 0.0006 crystal_1
0.8921 0.0116 -0.984807753012 -0.044943455528 -0.167731259497 2.83 0.0006 crystal_1
0.8973 0.012 -0.984807753012 -0.044943455528 0.167731259497 2.83 0.0006 crystal_1
0.8679 0.0121 -0.984807753012 0.0 -0.173648177667 2.83 0.0006 crystal_1
0.8964 0.0122 -0.984807753012 0.0 0.173648177667 2.83 0.0006 crystal_1
0.8955 0.0122 -0.984807753012 0.044943455528 -0.167731259497 2.83 0.0006 crystal_1
0.9013 0.0122 -0.984807753012 0.044943455528 0.167731259497 2.83 0.0006 crystal_1
0.9023 0.0133 -0.984807753012 0.086824088833 -0.15038373318 2.83 0.0006 crystal_1
0.8913 0.0127 -0.984807753012 0.086824088833 0.15038373318 2.83 0.0006 crystal_1
0.9084 0.0126 -0.984807753012 0.122787803969 -0.122787803969 2.83 0.0006 crystal_1
0.8813 0.0125 -0.984807753012 0.122787803969 0.122787803969 2.83 0.0006 crystal_1
0.8975 0.0199 -0.984807753012 0.15038373318 -0.086824088833 2.83 0.0186 crystal_2
0.8956 0.0198 -0.984807753012 0.15038373318 0.086824088833 2.83 0.0185 crystal_2
0.8938 0.0199 -0.984807753012 0.167731259497 -0.044943455528 2.83 0.0185 crystal_2
0.9098 0.0204 -0.984807753012 0.167731259497 0.044943455528 2.83 0.0188 crystal_2
0.9018 0.0198 -0.984807753012 0.173648177667 0.0 2.83 0.0187 crystal_2
0.8834 0.0196 -0.939692620786 -0.342020143326 0.0 2.83 0.0183 crystal_2
0.8907 0.0197 -0.939692620786 -0.330366089549 -0.088521326901 2.83 0.0184 crystal_2
0.9112 0.0199 -0.939692620786 -0.330366089549 0.088521326901 2.83 0.0188 crystal_2
0.8791 0.0199 -0.939692620786 -0.296198132726 -0.171010071663 2.83 0.0182 crystal_2
0.8952 0.0198 -0.939692620786 -0.296198132726 0.171010071663 2.83 0.0185 crystal_2
0.8823 0.0124 -0.939692620786 -0.241844762648 -0.241844762648 2.83 0.0006 crystal_1
0.8774 0.0127 -0.939692620786 -0.241844762648 0.241844762648 2.83 0.0006 crystal_1
0.8802 0.0126 -0.939692620786 -0.171010071663 -0.296198132726 2.83 0.0006 crystal_1
0.8882 0.0121 -0.939692620786 -0.171010071663 0.296198132726 2.83 0.0006 crystal_1
0.8567 0.0117 -0.939692620786 -0.088521326901 -0.330366089549 2.83 0.0006 crystal_1
0.8826 0.012 -0.939692620786 -0.088521326901 0.330366089549 2.83 0.0006 crystal_1
0.856 0.012 -0.939692620786 0.0 -0.342020143326 2.83 0.0006 crystal_1
0.8522 0.0123 -0.939692620786 0.0 0.342020143326 2.83 0.0006 crystal_1
0.8804 0.0118 -0.939692620786 0.088521326901 -0.330366089549 2.83 0.0006 crystal_1
0.8854 0.0118 -0.939692620786 0.088521326901 0.330366089549 2.83 0.0006 crystal_1
0.8747 0.0129 -0.939692620786 0.171010071663 -0.296198132726 2.83 0.0006 crystal_1
0.8642 0.0121 -0.939692620786 0.171010071663 0.296198132726 2.83 0.0006 crystal_1
0.8826 0.0134 -0.939692620786 0.241844762648 -0.241844762648 2.83 0.0006 crystal_1
0.8799 0.0126 -0.939692620786 0.241844762648 0.241844762648 2.83 0.0006 crystal_1
0.891 0.0197 -0.939692620786 0.296198132726 -0.171010071663 2.83 0.0184 crystal_2
0.871 0.0194 -0.939692620786 0.296198132726 0.171010071663 2.83 0.018 crystal_2
0.9054 0.0201 -0.939692620786 0.330366089549 -0.088521326901 2.83 0.0187 crystal_2
0.9004 0.0201 -0.939692620786 0.330366089549 0.088521326901 2.83 0.0186 crystal_2
0.8858 0.0197 -0.939692620786 0.342020143326 0.0 2.83 0.0183 crystal_2
0.8732 0.0126 -0.866025403784 -0.353553390593 0.353553390593 2.83 0.0006 crystal_1
0.8523 0.0119 -0.866025403784 -0.25 0.433012701892 2.83 0.0006 crystal_1
0.8635 0.0117 -0.866025403784 -0.129409522551 0.482962913145 2.83 0.0006 crystal_1
0.8303 0.0116 -0.866025403784 0.0 0.5 2.83 0.0006 crystal_1
0.8451 0.0118 -0.866025403784 0.129409522551 0.482962913145 2.83 0.0006 crystal_1
0.8486 0.0122 -0.866025403784 0.25 0.433012701892 2.83 0.0006 crystal_1
0.8589 0.0125 -0.866025403784 0.353553390593 0.353553390593 2.83 0.0006 crystal_1
0.8578 0.019 -0.866025403784 0.433012701892 -0.25 2.83 0.0178 crystal_2
0.8888 0.0194 -0.866025403784 0.433012701892 0.25 2.83 0.0184 crystal_2
0.8684 0.0195 -0.866025403784 0.482962913145 -0.129409522551 2.83 0.018 crystal_2
0.9062 0.0199 -0.866025403784 0.482962913145 0.129409522551 2.83 0.0187 crystal_2
0.8834 0.0196 -0.866025403784 0.5 0.0 2.83 0.0183 crystal_2
0.8788 0.0197 -0.766044443119 -0.642787609687 0.0 2.83 0.0182 crystal_2
0.8562 0.0195 -0.766044443119 -0.620885153015 -0.166365675343 2.83 0.0177 crystal_2
0.8703 0.0195 -0.766044443119 -0.620885153015 0.166365675343 2.83 0.018 crystal_2
0.8635 0.019 -0.766044443119 -0.556670399226 -0.321393804843 2.83 0.0179 crystal_2
0.8591 0.0189 -0.766044443119 -0.556670399226 0.321393804843 2.83 0.0178 crystal_2
0.8249 0.0111 -0.766044443119 -0.454519477672 -0.454519477672 2.83 0.0006 crystal_1
0.8574 0.0121 -0.766044443119 -0.454519477672 0.454519477672 2.83 0.0006 crystal_1
0.7884 0.0111 -0.766044443119 -0.321393804843 -0.556670399226 2.83 0.0007 crystal_1
0.8358 0.0116 -0.766044443119 -0.321393804843 0.556670399226 2.83 0.0006 crystal_1
0.8011 0.0107 -0.766044443119 -0.166365675343 -0.620885153015 2.83 0.0007 crystal_1
0.7991 0.0117 -0.766044443119 -0.166365675343 0.620885153015 2.83 0.0007 crystal_1
0.7711 0.0124 -0.766044443119 -0.0 -0.642787609687 2.83 0.0007 crystal_1
0.7952 0.0121 -0.766044443119 1.1415e-08 0.642787609687 2.83 0.0007 crystal_1
0.7822 0.0111 -0.766044443119 0.166365675343 -0.620885153015 2.83 0.0007 crystal_1
0.8251 0.0111 -0.766044443119 0.166365675343 0.620885153015 2.83 0.0007 crystal_1
0.8017 0.0117 -0.766044443119 0.321393804843 -0.556670399226 2.83 0.0007 crystal_1
0.8192 0.0114 -0.766044443119 0.321393804843 0.556670399226 2.83 0.0007 crystal_1
0.8251 0.0114 -0.766044443119 0.454519477672 -0.454519477672 2.83 0.0006 crystal_1
0.836 0.0119 -0.766044443119 0.454519477672 0.454519477672 2.83 0.0006 crystal_1
0.8421 0.0188 -0.766044443119 0.556670399226 -0.321393804843 2.83 0.0174 crystal_2
0.8661 0.0191 -0.766044443119 0.556670399226 0.321393804843 2.83 0.0179 crystal_2
0.867 0.0194 -0.766044443119 0.620885153015 -0.166365675343 2.83 0.0179 crystal_2
0.8731 0.0196 -0.766044443119 0.620885153015 0.166365675343 2.83 0.0181 crystal_2
0.8741 0.0193 -0.766044443119 0.642787609687 0.0 2.83 0.0181 crystal_2
0.8238 0.0121 -0.642787609687 -0.54167522042 0.54167522042 2.83 0.0007 crystal_1
0.8004 0.0111 -0.642787609687 -0.383022221559 0.663413948169 2.83 0.0007 crystal_1
0.7877 0.0107 -0.642787609687 -0.198266891274 0.739942111694 2.83 0.0007 crystal_1
0.7715 0.0113 -0.642787609687 0.0 0.766044443119 2.83 0.0007 crystal_1
0.7849 0.011 -0.642787609687 0.198266891274 0.739942111694 2.83 0.0007 crystal_1
0.792 0.0113 -0.642787609687 0.383022221559 0.663413948169 2.83 0.0007 crystal_1
0.8281 0.0112 -0.642787609687 0.54167522042 0.54167522042 2.83 0.0006 crystal_1
0.8464 0.0189 -0.642787609687 0.663413948169 -0.383022221559 2.83 0.0175 crystal_2
0.8652 0.0192 -0.642787609687 0.663413948169 0.383022221559 2.83 0.0179 crystal_2
0.8639 0.0189 -0.642787609687 0.739942111694 -0.198266891274 2.83 0.0179 crystal_2
0.8685 0.0195 -0.642787609687 0.739942111694 0.198266891274 2.83 0.018 crystal_2
0.8771 0.0193 -0.642787609687 0.766044443119 0.0 2.83 0.0181 crystal_2
0.8604 0.019 -0.5 -0.866025403784 0.0 2.83 0.0178 crystal_2
0.8569 0.0191 -0.5 -0.836516303738 -0.224143868042 2.83 0.0177 crystal_2
0.8772 0.0193 -0.5 -0.836516303738 0.224143868042 2.83 0.0181 crystal_2
0.8248 0.0183 -0.5 -0.75 -0.433012701892 2.83 0.0171 crystal_2
0.8311 0.0186 -0.5 -0.75 0.433012701892 2.83 0.0172 crystal_2
0.7721 0.0116 -0.5 -0.612372435696 -0.612372435696 2.83 0.0007 crystal_1
0.8201 0.011 -0.5 -0.612372435696 0.612372435696 2.83 0.0007 crystal_1
0.7621 0.0108 -0.5 -0.433012701892 -0.75 2.83 0.0007 crystal_1
0.7717 0.0111 -0.5 -0.433012701892 0.75 2.83 0.0007 crystal_1
0.723 0.0104 -0.5 -0.224143868042 -0.836516303738 2.83 0.0007 crystal_1
0.7631 0.0105 -0.5 -0.224143868042 0.836516303738 2.83 0.0007 crystal_1
0.7151 0.0101 -0.5 -0.0 -0.866025403784 2.83 0.0007 crystal_1
0.7418 0.0112 -0.5 7.451e-09 0.866025403784 2.83 0.0007 crystal_1
0.716 0.0104 -0.5 0.224143868042 -0.836516303738 2.83 0.0007 crystal_1
0.7738 0.0104 -0.5 0.224143868042 0.836516303738 2.83 0.0007 crystal_1
0.7445 0.0111 -0.5 0.433012701892 -0.75 2.83 0.0007 crystal_1
0.7616 0.0119 -0.5 0.433012701892 0.75 2.83 0.0007 crystal_1
0.7705 0.0109 -0.5 0.612372435696 -0.612372435696 2.83 0.0007 crystal_1
0.7974 0.0112 -0.5 0.612372435696 0.612372435696 2.83 0.0007 crystal_1
0.8285 0.0186 -0.5 0.75 -0.433012701892 2.83 0.0171 crystal_2
0.8363 0.0183 -0.5 0.75 0.433012701892 2.83 0.0173 crystal_2
0.8502 0.0195 -0.5 0.836516303738 -0.224143868042 2.83 0.0176 crystal_2
0.8768 0.0193 -0.5 0.836516303738 0.224143868042 2.83 0.0181 crystal_2
0.8683 0.0191 -0.5 0.866025403784 0.0 2.83 0.018 crystal_2
0.8795 0.0193 -0.173648177667 -0.984807753012 0.0 2.83 0.0182 crystal_2
0.8533 0.0188 -0.173648177667 -0.951251242564 -0.254887002244 2.83 0.0177 crystal_2
0.8518 0.019 -0.173648177667 -0.951251242564 0.254887002244 2.83 0.0176 crystal_2
0.8223 0.018 -0.173648177667 -0.852868531952 -0.492403876506 2.83 0.017 crystal_2
0.8249 0.0181 -0.173648177667 -0.852868531952 0.492403876506 2.83 0.0171 crystal_2
0.7673 0.0107 -0.173648177667 -0.69636424032 -0.69636424032 2.83 0.0007 crystal_1
0.7731 0.011 -0.173648177667 -0.69636424032 0.69636424032 2.83 0.0007 crystal_1
0.7245 0.0105 -0.173648177667 -0.492403876506 -0.852868531952 2.83 0.0007 crystal_1
0.7393 0.0104 -0.173648177667 -0.492403876506 0.852868531952 2.83 0.0007 crystal_1
0.6932 0.0094 -0.173648177667 -0.254887002244 -0.951251242564 2.83 0.0008 crystal_1
0.7022 0.0103 -0.173648177667 -0.254887002244 0.951251242564 2.83 0.0008 crystal_1
0.6957 0.0097 -0.173648177667 -0.0 -0.984807753012 2.83 0.0008 crystal_1
0.6993 0.0095 -0.173648177667 2.588e-09 0.984807753012 2.83 0.0008 crystal_1
0.6991 0.0098 -0.173648177667 0.254887002244 -0.951251242564 2.83 0.0008 crystal_1
0.7108 0.0099 -0.173648177667 0.254887002244 0.951251242564 2.83 0.0007 crystal_1
0.7255 0.0106 -0.173648177667 0.492403876506 -0.852868531952 2.83 0.0007 crystal_1
0.743 0.0098 -0.173648177667 0.492403876506 0.852868531952 2.83 0.0007 crystal_1
0.763 0.011 -0.173648177667 0.69636424032 -0.69636424032 2.83 0.0007 crystal_1
0.7685 0.0108 -0.173648177667 0.69636424032 0.69636424032 2.83 0.0007 crystal_1
0.8118 0.0184 -0.173648177667 0.852868531952 -0.492403876506 2.83 0.0168 crystal_2
0.8259 0.0185 -0.173648177667 0.852868531952 0.492403876506 2.83 0.0171 crystal_2
0.8659 0.0189 -0.173648177667 0.951251242564 -0.254887002244 2.83 0.0179 crystal_2
0.8499 0.0191 -0.173648177667 0.951251242564 0.254887002244 2.83 0.0176 crystal_2
0.8774 0.0194 -0.173648177667 0.984807753012 0.0 2.83 0.0182 crystal_2
0.8774 0.0194 0.173648177667 -0.984807753012 0.0 2.83 0.0182 crystal_2
0.8499 0.0191 0.173648177667 -0.951251242564 -0.254887002244 2.83 0.0176 crystal_2
0.8659 0.0189 0.173648177667 -0.951251242564 0.254887002244 2.83 0.0179 crystal_2
0.8259 0.0185 0.173648177667 -0.852868531952 -0.492403876506 2.83 0.0171 crystal_2
0.8118 0.0184 0.173648177667 -0.852868531952 0.492403876506 2.83 0.0168 crystal_2
0.7685 0.0108 0.173648177667 -0.69636424032 -0.69636424032 2.83 0.0007 crystal_1
0.763 0.011 0.173648177667 -0.69636424032 0.69636424032 2.83 0.0007 crystal_1
0.743 0.0098 0.173648177667 -0.492403876506 -0.852868531952 2.83 0.0007 crystal_1
0.7255 0.0106 0.173648177667 -0.492403876506 0.852868531952 2.83 0.0007 crystal_1
0.7108 0.0099 0.173648177667 -0.254887002244 -0.951251242564 2.83 0.0007 crystal_1
0.6991 0.0098 0.173648177667 -0.254887002244 0.951251242564 2.83 0.0008 crystal_1
0.6993 0.0095 0.173648177667 -2.588e-09 -0.984807753012 2.83 0.0008 crystal_1
0.6957 0.0097 0.173648177667 0.0 0.984807753012 2.83 0.0008 crystal_1
0.7022 0.0103 0.173648177667 0.254887002244 -0.951251242564 2.83 0.0008 crystal_1
0.6932 0.0094 0.173648177667 0.254887002244 0.951251242564 2.83 0.0008 crystal_1
0.7393 0.0104 0.173648177667 0.492403876506 -0.852868531952 2.83 0.0007 crystal_1
0.7245 0.0105 0.173648177667 0.492403876506 0.852868531952 2.83 0.0007 crystal_1
0.7731 0.011 0.173648177667 0.69636424032 -0.69636424032 2.83 0.0007 crystal_1
0.7673 0.0107 0.173648177667 0.69636424032 0.69636424032 2.83 0.0007 crystal_1
0.8249 0.0181 0.173648177667 0.852868531952 -0.492403876506 2.83 0.0171 crystal_2
0.8223 0.018 0.173648177667 0.852868531952 0.492403876506 2.83 0.017 crystal_2
0.8518 0.019 0.173648177667 0.951251242564 -0.254887002244 2.83 0.0176 crystal_2
0.8533 0.0188 0.173648177667 0.951251242564 0.254887002244 2.83 0.0177 crystal_2
0.8795 0.0193 0.173648177667 0.984807753012 0.0 2.83 0.0182 crystal_2
0.8683 0.0191 0.5 -0.866025403784 0.0 2.83 0.018 crystal_2
0.8768 0.0193 0.5 -0.836516303738 -0.224143868042 2.83 0.0181 crystal_2
0.8502 0.0195 0.5 -0.836516303738 0.224143868042 2.83 0.0176 crystal_2
0.8363 0.0183 0.5 -0.75 -0.433012701892 2.83 0.0173 crystal_2
0.8285 0.0186 0.5 -0.75 0.433012701892 2.83 0.0171 crystal_2
0.7974 0.0112 0.5 -0.612372435696 -0.612372435696 2.83 0.0007 crystal_1
0.7705 0.0109 0.5 -0.612372435696 0.612372435696 2.83 0.0007 crystal_1
0.7616 0.0119 0.5 -0.433012701892 -0.75 2.83 0.0007 crystal_1
0.7445 0.0111 0.5 -0.433012701892 0.75 2.83 0.0007 crystal_1
0.7738 0.0104 0.5 -0.224143868042 -0.836516303738 2.83 0.0007 crystal_1
0.716 0.0104 0.5 -0.224143868042 0.836516303738 2.83 0.0007 crystal_1
0.7418 0.0112 0.5 -7.451e-09 -0.866025403784 2.83 0.0007 crystal_1
0.7151 0.0101 0.5 0.0 0.866025403784 2.83 0.0007 crystal_1
0.7631 0.0105 0.5 0.224143868042 -0.836516303738 2.83 0.0007 crystal_1
0.723 0.0104 0.5 0.224143868042 0.836516303738 2.83 0.0007 crystal_1
0.7717 0.0111 0.5 0.433012701892 -0.75 2.83 0.0007 crystal_1
0.7621 0.0108 0.5 0.433012701892 0.75 2.83 0.0007 crystal_1
0.8201 0.011 0.5 0.612372435696 -0.612372435696 2.83 0.0007 crystal_1
0.7721 0.0116 0.5 0.612372435696 0.612372435696 2.83 0.0007 crystal_1
0.8311 0.0186 0.5 0.75 -0.433012701892 2.83 0.0172 crystal_2
0.8248 0.0183 0.5 0.75 0.433012701892 2.83 0.0171 crystal_2
0.8772 0.0193 0.5 0.836516303738 -0.224143868042 2.83 0.0181 crystal_2
0.8569 0.0191 0.5 0.836516303738 0.224143868042 2.83 0.0177 crystal_2
0.8604 0.019 0.5 0.866025403784 0.0 2.83 0.0178 crystal_2
0.8771 0.0193 0.642787609687 -0.766044443119 0.0 2.83 0.0181 crystal_2
0.8685 0.0195 0.642787609687 -0.739942111694 -0.198266891274 2.83 0.018 crystal_2
0.8639 0.0189 0.642787609687 -0.739942111694 0.198266891274 2.83 0.0179 crystal_2
0.8652 0.0192 0.642787609687 -0.663413948169 -0.383022221559 2.83 0.0179 crystal_2
0.8464 0.0189 0.642787609687 -0.663413948169 0.383022221559 2.83 0.0175 crystal_2
0.8281 0.0112 0.642787609687 -0.54167522042 -0.54167522042 2.83 0.0006 crystal_1
0.792 0.0113 0.642787609687 -0.383022221559 -0.663413948169 2.83 0.0007 crystal_1
0.7849 0.011 0.642787609687 -0.198266891274 -0.739942111694 2.83 0.0007 crystal_1
0.7715 0.0113 0.642787609687 0.0 -0.766044443119 2.83 0.0007 crystal_1
0.7877 0.0107 0.642787609687 0.198266891274 -0.739942111694 2.83 0.0007 crystal_1
0.8004 0.0111 0.642787609687 0.383022221559 -0.663413948169 2.83 0.0007 crystal_1
0.8238 0.0121 0.642787609687 0.54167522042 -0.54167522042 2.83 0.0007 crystal_1
0.8741 0.0193 0.766044443119 -0.642787609687 0.0 2.83 0.0181 crystal_2
0.8731 0.0196 0.766044443119 -0.620885153015 -0.166365675343 2.83 0.0181 crystal_2
0.867 0.0194 0.766044443119 -0.620885153015 0.166365675343 2.83 0.0179 crystal_2
0.8661 0.0191 0.766044443119 -0.556670399226 -0.321393804843 2.83 0.0179 crystal_2
0.8421 0.0188 0.766044443119 -0.556670399226 0.321393804843 2.83 0.0174 crystal_2
0.836 0.0119 0.766044443119 -0.454519477672 -0.454519477672 2.83 0.0006 crystal_1
0.8503 0.0114 0.766044443119 -0.454519477672 0.454519477672 2.83 0.0006 crystal_1
0.8192 0.0114 0.766044443119 -0.321393804843 -0.556670399226 2.83 0.0007 crystal_1
0.825 0.0118 0.766044443119 -0.321393804843 0.556670399226 2.83 0.0006 crystal_1
0.8251 0.0111 0.766044443119 -0.166365675343 -0.620885153015 2.83 0.0007 crystal_1
0.7984 0.0121 0.766044443119 -0.166365675343 0.620885153015 2.83 0.0007 crystal_1
0.7952 0.0121 0.766044443119 -1.1415e-08 -0.642787609687 2.83 0.0007 crystal_1
0.7791 0.0113 0.766044443119 0.0 0.642787609687 2.83 0.0007 crystal_1
0.7991 0.0117 0.766044443119 0.166365675343 -0.620885153015 2.83 0.0007 crystal_1
0.795 0.0113 0.766044443119 0.166365675343 0.620885153015 2.83 0.0007 crystal_1
0.8358 0.0116 0.766044443119 0.321393804843 -0.556670399226 2.83 0.0006 crystal_1
0.8203 0.0116 0.766044443119 0.321393804843 0.556670399226 2.83 0.0007 crystal_1
0.8574 0.0121 0.766044443119 0.454519477672 -0.454519477672 2.83 0.0006 crystal_1
0.8416 0.0123 0.766044443119 0.454519477672 0.454519477672 2.83 0.0006 crystal_1
0.8591 0.0193 0.766044443119 0.556670399226 -0.321393804843 2.83 0.0178 crystal_2
0.8644 0.0192 0.766044443119 0.556670399226 0.321393804843 2.83 0.0179 crystal_2
0.8921 0.0198 0.766044443119 0.620885153015 -0.166365675343 2.83 0.0185 crystal_2
0.8776 0.0194 0.766044443119 0.620885153015 0.166365675343 2.83 0.0182 crystal_2
0.8775 0.0196 0.766044443119 0.642787609687 0.0 2.83 0.0182 crystal_2
0.8834 0.0196 0.866025403784 -0.5 0.0 2.83 0.0183 crystal_2
0.9062 0.0199 0.866025403784 -0.482962913145 -0.129409522551 2.83 0.0187 crystal_2
0.8684 0.0195 0.866025403784 -0.482962913145 0.129409522551 2.83 0.018 crystal_2
0.8888 0.0194 0.866025403784 -0.433012701892 -0.25 2.83 0.0184 crystal_2
0.8578 0.019 0.866025403784 -0.433012701892 0.25 2.83 0.0178 crystal_2
0.8589 0.0125 0.866025403784 -0.353553390593 -0.353553390593 2.83 0.0006 crystal_1
0.8486 0.0122 0.866025403784 -0.25 -0.433012701892 2.83 0.0006 crystal_1
0.8451 0.0118 0.866025403784 -0.129409522551 -0.482962913145 2.83 0.0006 crystal_1
0.8303 0.0116 0.866025403784 0.0 -0.5 2.83 0.0006 crystal_1
0.8635 0.0117 0.866025403784 0.129409522551 -0.482962913145 2.83 0.0006 crystal_1
0.8523 0.0119 0.866025403784 0.25 -0.433012701892 2.83 0.0006 crystal_1
0.8732 0.0126 0.866025403784 0.353553390593 -0.353553390593 2.83 0.0006 crystal_1
0.8858 0.0197 0.939692620786 -0.342020143326 0.0 2.83 0.0183 crystal_2
0.9004 0.0201 0.939692620786 -0.330366089549 -0.088521326901 2.83 0.0186 crystal_2
0.9054 0.0201 0.939692620786 -0.330366089549 0.088521326901 2.83 0.0187 crystal_2
0.871 0.0194 0.939692620786 -0.296198132726 -0.171010071663 2.83 0.018 crystal_2
0.891 0.0197 0.939692620786 -0.296198132726 0.171010071663 2.83 0.0184 crystal_2
0.8799 0.0126 0.939692620786 -0.241844762648 -0.241844762648 2.83 0.0006 crystal_1
0.8826 0.0134 0.939692620786 -0.241844762648 0.241844762648 2.83 0.0006 crystal_1
0.8642 0.0121 0.939692620786 -0.171010071663 -0.296198132726 2.83 0.0006 crystal_1
0.8747 0.0129 0.939692620786 -0.171010071663 0.296198132726 2.83 0.0006 crystal_1
0.8854 0.0118 0.939692620786 -0.088521326901 -0.330366089549 2.83 0.0006 crystal_1
0.8804 0.0118 0.939692620786 -0.088521326901 0.330366089549 2.83 0.0006 crystal_1
0.8522 0.0123 0.939692620786 0.0 -0.342020143326 2.83 0.0006 crystal_1
0.856 0.012 0.939692620786 0.0 0.342020143326 2.83 0.0006 crystal_1
0.8826 0.012 0.939692620786 0.088521326901 -0.330366089549 2.83 0.0006 crystal_1
0.8567 0.0117 0.939692620786 0.088521326901 0.330366089549 2.83 0.0006 crystal_1
0.8882 0.0121 0.939692620786 0.171010071663 -0.296198132726 2.83 0.0006 crystal_1
0.8802 0.0126 0.939692620786 0.171010071663 0.296198132726 2.83 0.0006 crystal_1
0.8774 0.0127 0.939692620786 0.241844762648 -0.241844762648 2.83 0.0006 crystal_1
0.8823 0.0124 0.939692620786 0.241844762648 0.241844762648 2.83 0.0006 crystal_1
0.8952 0.0198 0.939692620786 0.296198132726 -0.171010071663 2.83 0.0185 crystal_2
0.8791 0.0199 0.939692620786 0.296198132726 0.171010071663 2.83 0.0182 crystal_2
0.9112 0.0199 0.939692620786 0.330366089549 -0.088521326901 2.83 0.0188 crystal_2
0.8907 0.0197 0.939692620786 0.330366089549 0.088521326901 2.83 0.0184 crystal_2
0.8834 0.0196 0.939692620786 0.342020143326 0.0 2.83 0.0183 crystal_2
0.9018 0.0198 0.984807753012 -0.173648177667 0.0 2.83 0.0187 crystal_2
0.9098 0.0204 0.984807753012 -0.167731259497 -0.044943455528 2.83 0.0188 crystal_2
0.8938 0.0199 0.984807753012 -0.167731259497 0.044943455528 2.83 0.0185 crystal_2
0.8956 0.0198 0.984807753012 -0.15038373318 -0.086824088833 2.83 0.0185 crystal_2
0.8975 0.0199 0.984807753012 -0.15038373318 0.086824088833 2.83 0.0186 crystal_2
0.8813 0.0125 0.984807753012 -0.122787803969 -0.122787803969 2.83 0.0006 crystal_1
0.9084 0.0126 0.984807753012 -0.122787803969 0.122787803969 2.83 0.0006 crystal_1
0.8913 0.0127 0.984807753012 -0.086824088833 -0.15038373318 2.83 0.0006 crystal_1
0.9023 0.0133 0.984807753012 -0.086824088833 0.15038373318 2.83 0.0006 crystal_1
0.9013 0.0122 0.984807753012 -0.044943455528 -0.167731259497 2.83 0.0006 crystal_1
0.8955 0.0122 0.984807753012 -0.044943455528 0.167731259497 2.83 0.0006 crystal_1
0.8964 0.0122 0.984807753012 0.0 -0.173648177667 2.83 0.0006 crystal_1
0.8679 0.0121 0.984807753012 0.0 0.173648177667 2.83 0.0006 crystal_1
0.8973 0.012 0.984807753012 0.044943455528 -0.167731259497 2.83 0.0006 crystal_1
0.8921 0.0116 0.984807753012 0.044943455528 0.167731259497 2.83 0.0006 crystal_1
0.9196 0.0127 0.984807753012 0.086824088833 -0.15038373318 2.83 0.0006 crystal_1
0.8978 0.0124 0.984807753012 0.086824088833 0.15038373318 2.83 0.0006 crystal_1
0.9018 0.0121 0.984807753012 0.122787803969 -0.122787803969 2.83 0.0006 crystal_1
0.896 0.0133 0.984807753012 0.122787803969 0.122787803969 2.83 0.0006 crystal_1
0.9117 0.02 0.984807753012 0.15038373318 -0.086824088833 2.83 0.0189 crystal_2
0.8844 0.0196 0.984807753012 0.15038373318 0.086824088833 2.83 0.0183 crystal_2
0.9213 0.0201 0.984807753012 0.167731259497 -0.044943455528 2.83 0.0191 crystal_2
0.9178 0.02 0.984807753012 0.167731259497 0.044943455528 2.83 0.019 crystal_2
0.883 0.0197 0.984807753012 0.173648177667 0.0 2.83 0.0183 crystal_2
0.8977 0.013 1.0 0.0 0.0 2.83 0.0006 crystal_1
