1.2547 -1.0 0.0 0.0 crystal_1
1.283 -0.984807753012 -0.173648177667 0.0 crystal_2
1.2798 -0.984807753012 -0.167731259497 -0.044943455528 crystal_2
1.2897 -0.984807753012 -0.167731259497 0.044943455528 crystal_2
1.2848 -0.984807753012 -0.15038373318 -0.086824088833 crystal_2
1.2975 -0.984807753012 -0.15038373318 0.086824088833 crystal_2
1.2661 -0.984807753012 -0.122787803969 -0.122787803969 crystal_1
1.2945 -0.984807753012 -0.122787803969 0.122787803969 crystal_1
1.2811 -0.984807753012 -0.086824088833 -0.15038373318 crystal_1
1.2512 -0.984807753012 -0.086824088833 0.15038373318 crystal_1
1.2624 -0.984807753012 -0.044943455528 -0.167731259497 crystal_1
1.2953 -0.984807753012 -0.044943455528 0.167731259497 crystal_1
1.2576 -0.984807753012 0.0 -0.173648177667 crystal_1
1.2695 -0.984807753012 0.0 0.173648177667 crystal_1
1.2687 -0.984807753012 0.044943455528 -0.167731259497 crystal_1
1.2539 -0.984807753012 0.044943455528 0.167731259497 crystal_1
1.268 -0.984807753012 0.086824088833 -0.15038373318 crystal_1
1.2688 -0.984807753012 0.086824088833 0.15038373318 crystal_1
1.3094 -0.984807753012 0.122787803969 -0.122787803969 crystal_1
1.2786 -0.984807753012 0.122787803969 0.122787803969 crystal_1
1.3229 -0.984807753012 0.15038373318 -0.086824088833 crystal_2
1.2732 -0.984807753012 0.15038373318 0.086824088833 crystal_2
1.2726 -0.984807753012 0.167731259497 -0.044943455528 crystal_2
1.2865 -0.984807753012 0.167731259497 0.044943455528 crystal_2
1.2876 -0.984807753012 0.173648177667 0.0 crystal_2
1.2601 -0.939692620786 -0.241844762648 0.241844762648 crystal_1
1.2546 -0.939692620786 -0.171010071663 0.296198132726 crystal_1
1.2427 -0.939692620786 -0.088521326901 0.330366089549 crystal_1
1.236 -0.939692620786 0.0 0.342020143326 crystal_1
1.2404 -0.939692620786 0.088521326901 0.330366089549 crystal_1
1.2308 -0.939692620786 0.171010071663 0.296198132726 crystal_1
1.2414 -0.939692620786 0.241844762648 0.241844762648 crystal_1
1.2513 -0.939692620786 0.296198132726 -0.171010071663 crystal_2
1.289 -0.939692620786 0.296198132726 0.171010071663 crystal_2
1.2599 -0.939692620786 0.330366089549 -0.088521326901 crystal_2
1.2743 -0.939692620786 0.330366089549 0.088521326901 crystal_2
1.2749 -0.939692620786 0.342020143326 0.0 crystal_2
1.2574 -0.866025403784 -0.5 0.0 crystal_2
1.2537 -0.866025403784 -0.482962913145 -0.129409522551 crystal_2
1.2688 -0.866025403784 -0.482962913145 0.129409522551 crystal_2
1.2425 -0.866025403784 -0.433012701892 -0.25 crystal_2
1.251 -0.866025403784 -0.433012701892 0.25 crystal_2
1.2232 -0.866025403784 -0.353553390593 -0.353553390593 crystal_1
1.2511 -0.866025403784 -0.353553390593 0.353553390593 crystal_1
1.1667 -0.866025403784 -0.25 -0.433012701892 crystal_1
1.2177 -0.866025403784 -0.25 0.433012701892 crystal_1
1.1645 -0.866025403784 -0.129409522551 -0.482962913145 crystal_1
1.2425 -0.866025403784 -0.129409522551 0.482962913145 crystal_1
1.1804 -0.866025403784 -0.0 -0.5 crystal_1
1.1859 -0.866025403784 0.0 0.5 crystal_1
1.1827 -0.866025403784 0.129409522551 -0.482962913145 crystal_1
1.2027 -0.866025403784 0.129409522551 0.482962913145 crystal_1
1.1922 -0.866025403784 0.25 -0.433012701892 crystal_1
1.2025 -0.866025403784 0.25 0.433012701892 crystal_1
1.1953 -0.866025403784 0.353553390593 -0.353553390593 crystal_1
1.2233 -0.866025403784 0.353553390593 0.353553390593 crystal_1
1.2281 -0.866025403784 0.433012701892 -0.25 crystal_2
1.2635 -0.866025403784 0.433012701892 0.25 crystal_2
1.2623 -0.866025403784 0.482962913145 -0.129409522551 crystal_2
1.2641 -0.866025403784 0.482962913145 0.129409522551 crystal_2
1.2608 -0.866025403784 0.5 0.0 crystal_2
1.2316 -0.766044443119 -0.454519477672 0.454519477672 crystal_1
1.1622 -0.766044443119 -0.321393804843 0.556670399226 crystal_1
1.1736 -0.766044443119 -0.166365675343 0.620885153015 crystal_1
1.1466 -0.766044443119 1.1415e-08 0.642787609687 crystal_1
1.1625 -0.766044443119 0.166365675343 0.620885153015 crystal_1
1.1474 -0.766044443119 0.321393804843 0.556670399226 crystal_1
1.1976 -0.766044443119 0.454519477672 0.454519477672 crystal_1
1.2295 -0.766044443119 0.556670399226 -0.321393804843 crystal_2
1.2297 -0.766044443119 0.556670399226 0.321393804843 crystal_2
1.2607 -0.766044443119 0.620885153015 -0.166365675343 crystal_2
1.2436 -0.766044443119 0.620885153015 0.166365675343 crystal_2
1.2329 -0.766044443119 0.642787609687 0.0 crystal_2
1.2531 -0.642787609687 -0.766044443119 0.0 crystal_2
1.2544 -0.642787609687 -0.739942111694 -0.198266891274 crystal_2
1.2324 -0.642787609687 -0.739942111694 0.198266891274 crystal_2
1.1617 -0.642787609687 -0.663413948169 -0.383022221559 crystal_2
1.1963 -0.642787609687 -0.663413948169 0.383022221559 crystal_2
1.1419 -0.642787609687 -0.54167522042 -0.54167522042 crystal_1
1.1932 -0.642787609687 -0.54167522042 0.54167522042 crystal_1
1.1272 -0.642787609687 -0.383022221559 -0.663413948169 crystal_1
1.1394 -0.642787609687 -0.383022221559 0.663413948169 crystal_1
1.1046 -0.642787609687 -0.198266891274 -0.739942111694 crystal_1
1.1247 -0.642787609687 -0.198266891274 0.739942111694 crystal_1
1.0991 -0.642787609687 -0.0 -0.766044443119 crystal_1
1.1212 -0.642787609687 0.0 0.766044443119 crystal_1
1.1091 -0.642787609687 0.198266891274 -0.739942111694 crystal_1
1.1411 -0.642787609687 0.198266891274 0.739942111694 crystal_1
1.1045 -0.642787609687 0.383022221559 -0.663413948169 crystal_1
1.1316 -0.642787609687 0.383022221559 0.663413948169 crystal_1
1.1515 -0.642787609687 0.54167522042 -0.54167522042 crystal_1
1.2007 -0.642787609687 0.54167522042 0.54167522042 crystal_1
1.1858 -0.642787609687 0.663413948169 -0.383022221559 crystal_2
1.2148 -0.642787609687 0.663413948169 0.383022221559 crystal_2
1.2368 -0.642787609687 0.739942111694 -0.198266891274 crystal_2
1.2521 -0.642787609687 0.739942111694 0.198266891274 crystal_2
1.2558 -0.642787609687 0.766044443119 0.0 crystal_2
1.18 -0.5 -0.612372435696 0.612372435696 crystal_1
1.1115 -0.5 -0.433012701892 0.75 crystal_1
1.1004 -0.5 -0.224143868042 0.836516303738 crystal_1
1.0817 -0.5 0.0 0.866025403784 crystal_1
1.1122 -0.5 0.224143868042 0.836516303738 crystal_1
1.1146 -0.5 0.433012701892 0.75 crystal_1
1.1606 -0.5 0.612372435696 0.612372435696 crystal_1
1.1738 -0.5 0.75 -0.433012701892 crystal_2
1.2266 -0.5 0.75 0.433012701892 crystal_2
1.2233 -0.5 0.836516303738 -0.224143868042 crystal_2
1.2309 -0.5 0.836516303738 0.224143868042 crystal_2
1.2487 -0.5 0.866025403784 0.0 crystal_2
1.2517 -0.342020143326 -0.939692620786 0.0 crystal_2
1.2212 -0.342020143326 -0.90767337119 -0.243210346802 crystal_2
1.2437 -0.342020143326 -0.90767337119 0.243210346802 crystal_2
1.1812 -0.342020143326 -0.813797681349 -0.469846310393 crystal_2
1.1786 -0.342020143326 -0.813797681349 0.469846310393 crystal_2
1.0918 -0.342020143326 -0.664463024389 -0.664463024389 crystal_1
1.1304 -0.342020143326 -0.664463024389 0.664463024389 crystal_1
1.0504 -0.342020143326 -0.469846310393 -0.813797681349 crystal_1
1.0887 -0.342020143326 -0.469846310393 0.813797681349 crystal_1
1.0225 -0.342020143326 -0.243210346802 -0.90767337119 crystal_1
1.0498 -0.342020143326 -0.243210346802 0.90767337119 crystal_1
1.0031 -0.342020143326 -0.0 -0.939692620786 crystal_1
1.0177 -0.342020143326 5.096e-09 0.939692620786 crystal_1
1.0144 -0.342020143326 0.243210346802 -0.90767337119 crystal_1
1.0376 -0.342020143326 0.243210346802 0.90767337119 crystal_1
1.0441 -0.342020143326 0.469846310393 -0.813797681349 crystal_1
1.0949 -0.342020143326 0.469846310393 0.813797681349 crystal_1
1.1138 -0.342020143326 0.664463024389 -0.664463024389 crystal_1
1.1054 -0.342020143326 0.664463024389 0.664463024389 crystal_1
1.1768 -0.342020143326 0.813797681349 -0.469846310393 crystal_2
1.1924 -0.342020143326 0.813797681349 0.469846310393 crystal_2
1.2232 -0.342020143326 0.90767337119 -0.243210346802 crystal_2
1.223 -0.342020143326 0.90767337119 0.243210346802 crystal_2
1.2561 -0.342020143326 0.939692620786 0.0 crystal_2
0.9848 -1.1327e-08 9.682e-09 1.0 crystal_1
1.2269 0.0 -1.0 0.0 crystal_2
1.1963 0.0 -0.965925826289 -0.258819045103 crystal_2
1.2128 0.0 -0.965925826289 0.258819045103 crystal_2
1.1891 0.0 -0.866025403784 -0.5 crystal_2
1.1629 0.0 -0.866025403784 0.5 crystal_2
1.0758 0.0 -0.707106781187 -0.707106781187 crystal_1
1.12 0.0 -0.707106781187 0.707106781187 crystal_1
1.0421 0.0 -0.5 -0.866025403784 crystal_1
1.0497 0.0 -0.5 0.866025403784 crystal_1
1.0084 0.0 -0.258819045103 -0.965925826289 crystal_1
1.0239 0.0 -0.258819045103 0.965925826289 crystal_1
1.0239 0.0 0.258819045103 -0.965925826289 crystal_1
1.0084 0.0 0.258819045103 0.965925826289 crystal_1
1.0497 0.0 0.5 -0.866025403784 crystal_1
1.0421 0.0 0.5 0.866025403784 crystal_1
1.12 0.0 0.707106781187 -0.707106781187 crystal_1
1.0758 0.0 0.707106781187 0.707106781187 crystal_1
1.1629 0.0 0.866025403784 -0.5 crystal_2
1.1891 0.0 0.866025403784 0.5 crystal_2
1.2128 0.0 0.965925826289 -0.258819045103 crystal_2
1.1963 0.0 0.965925826289 0.258819045103 crystal_2
1.2269 0.0 1.0 0.0 crystal_2
0.9848 1.1327e-08 -9.682e-09 -1.0 crystal_1
1.2561 0.342020143326 -0.939692620786 0.0 crystal_2
1.223 0.342020143326 -0.90767337119 -0.243210346802 crystal_2
1.2232 0.342020143326 -0.90767337119 0.243210346802 crystal_2
1.1924 0.342020143326 -0.813797681349 -0.469846310393 crystal_2
1.1768 0.342020143326 -0.813797681349 0.469846310393 crystal_2
1.1054 0.342020143326 -0.664463024389 -0.664463024389 crystal_1
1.1138 0.342020143326 -0.664463024389 0.664463024389 crystal_1
1.0949 0.342020143326 -0.469846310393 -0.813797681349 crystal_1
1.0441 0.342020143326 -0.469846310393 0.813797681349 crystal_1
1.0376 0.342020143326 -0.243210346802 -0.90767337119 crystal_1
1.0144 0.342020143326 -0.243210346802 0.90767337119 crystal_1
1.0177 0.342020143326 -5.096e-09 -0.939692620786 crystal_1
1.0031 0.342020143326 0.0 0.939692620786 crystal_1
1.0498 0.342020143326 0.243210346802 -0.90767337119 crystal_1
1.0225 0.342020143326 0.243210346802 0.90767337119 crystal_1
1.0887 0.342020143326 0.469846310393 -0.813797681349 crystal_1
1.0504 0.342020143326 0.469846310393 0.813797681349 crystal_1
1.1304 0.342020143326 0.664463024389 -0.664463024389 crystal_1
1.0918 0.342020143326 0.664463024389 0.664463024389 crystal_1
1.1786 0.342020143326 0.813797681349 -0.469846310393 crystal_2
1.1812 0.342020143326 0.813797681349 0.469846310393 crystal_2
1.2437 0.342020143326 0.90767337119 -0.243210346802 crystal_2
1.2212 0.342020143326 0.90767337119 0.243210346802 crystal_2
1.2517 0.342020143326 0.939692620786 0.0 crystal_2
1.2487 0.5 -0.866025403784 0.0 crystal_2
1.2309 0.5 -0.836516303738 -0.224143868042 crystal_2
1.2233 0.5 -0.836516303738 0.224143868042 crystal_2
1.2266 0.5 -0.75 -0.433012701892 crystal_2
1.1738 0.5 -0.75 0.433012701892 crystal_2
1.1606 0.5 -0.612372435696 -0.612372435696 crystal_1
1.1146 0.5 -0.433012701892 -0.75 crystal_1
1.1122 0.5 -0.224143868042 -0.836516303738 crystal_1
1.0817 0.5 0.0 -0.866025403784 crystal_1
1.1004 0.5 0.224143868042 -0.836516303738 crystal_1
1.1115 0.5 0.433012701892 -0.75 crystal_1
1.18 0.5 0.612372435696 -0.612372435696 crystal_1
1.2558 0.642787609687 -0.766044443119 0.0 crystal_2
1.2521 0.642787609687 -0.739942111694 -0.198266891274 crystal_2
1.2368 0.642787609687 -0.739942111694 0.198266891274 crystal_2
1.2148 0.642787609687 -0.663413948169 -0.383022221559 crystal_2
1.1858 0.642787609687 -0.663413948169 0.383022221559 crystal_2
1.2007 0.642787609687 -0.54167522042 -0.54167522042 crystal_1
1.1515 0.642787609687 -0.54167522042 0.54167522042 crystal_1
1.1316 0.642787609687 -0.383022221559 -0.663413948169 crystal_1
1.1045 0.642787609687 -0.383022221559 0.663413948169 crystal_1
1.1411 0.642787609687 -0.198266891274 -0.739942111694 crystal_1
1.1091 0.642787609687 -0.198266891274 0.739942111694 crystal_1
1.1212 0.642787609687 0.0 -0.766044443119 crystal_1
1.0991 0.642787609687 0.0 0.766044443119 crystal_1
1.1247 0.642787609687 0.198266891274 -0.739942111694 crystal_1
1.1046 0.642787609687 0.198266891274 0.739942111694 crystal_1
1.1394 0.642787609687 0.383022221559 -0.663413948169 crystal_1
1.1272 0.642787609687 0.383022221559 0.663413948169 crystal_1
1.1932 0.642787609687 0.54167522042 -0.54167522042 crystal_1
1.1419 0.642787609687 0.54167522042 0.54167522042 crystal_1
1.1963 0.642787609687 0.663413948169 -0.383022221559 crystal_2
1.1617 0.642787609687 0.663413948169 0.383022221559 crystal_2
1.2324 0.642787609687 0.739942111694 -0.198266891274 crystal_2
1.2544 0.642787609687 0.739942111694 0.198266891274 crystal_2
1.2531 0.642787609687 0.766044443119 0.0 crystal_2
1.2329 0.766044443119 -0.642787609687 0.0 crystal_2
1.2436 0.766044443119 -0.620885153015 -0.166365675343 crystal_2
1.2607 0.766044443119 -0.620885153015 0.166365675343 crystal_2
1.2297 0.766044443119 -0.556670399226 -0.321393804843 crystal_2
1.2295 0.766044443119 -0.556670399226 0.321393804843 crystal_2
1.1976 0.766044443119 -0.454519477672 -0.454519477672 crystal_1
1.1474 0.766044443119 -0.321393804843 -0.556670399226 crystal_1
1.1625 0.766044443119 -0.166365675343 -0.620885153015 crystal_1
1.1466 0.766044443119 -1.1415e-08 -0.642787609687 crystal_1
1.1736 0.766044443119 0.166365675343 -0.620885153015 crystal_1
1.1622 0.766044443119 0.321393804843 -0.556670399226 crystal_1
1.2316 0.766044443119 0.454519477672 -0.454519477672 crystal_1
1.2608 0.866025403784 -0.5 0.0 crystal_2
1.2641 0.866025403784 -0.482962913145 -0.129409522551 crystal_2
1.2623 0.866025403784 -0.482962913145 0.129409522551 crystal_2
1.2635 0.866025403784 -0.433012701892 -0.25 crystal_2
1.2281 0.866025403784 -0.433012701892 0.25 crystal_2
1.2233 0.866025403784 -0.353553390593 -0.353553390593 crystal_1
1.2288 0.866025403784 -0.353553390593 0.353553390593 crystal_1
1.2025 0.866025403784 -0.25 -0.433012701892 crystal_1
1.2045 0.866025403784 -0.25 0.433012701892 crystal_1
1.2027 0.866025403784 -0.129409522551 -0.482962913145 crystal_1
1.1994 0.866025403784 -0.129409522551 0.482962913145 crystal_1
1.1859 0.866025403784 0.0 -0.5 crystal_1
1.1692 0.866025403784 0.0 0.5 crystal_1
1.2425 0.866025403784 0.129409522551 -0.482962913145 crystal_1
1.1979 0.866025403784 0.129409522551 0.482962913145 crystal_1
1.2177 0.866025403784 0.25 -0.433012701892 crystal_1
1.1957 0.866025403784 0.25 0.433012701892 crystal_1
1.2511 0.866025403784 0.353553390593 -0.353553390593 crystal_1
1.2162 0.866025403784 0.353553390593 0.353553390593 crystal_1
1.2649 0.866025403784 0.433012701892 -0.25 crystal_2
1.2373 0.866025403784 0.433012701892 0.25 crystal_2
1.2664 0.866025403784 0.482962913145 -0.129409522551 crystal_2
1.2593 0.866025403784 0.482962913145 0.129409522551 crystal_2
1.2323 0.866025403784 0.5 0.0 crystal_2
1.2749 0.939692620786 -0.342020143326 0.0 crystal_2
1.2743 0.939692620786 -0.330366089549 -0.088521326901 crystal_2
1.2599 0.939692620786 -0.330366089549 0.088521326901 crystal_2
1.289 0.939692620786 -0.296198132726 -0.171010071663 crystal_2
1.2513 0.939692620786 -0.296198132726 0.171010071663 crystal_2
1.2414 0.939692620786 -0.241844762648 -0.241844762648 crystal_1
1.2308 0.939692620786 -0.171010071663 -0.296198132726 crystal_1
1.2404 0.939692620786 -0.088521326901 -0.330366089549 crystal_1
1.236 0.939692620786 0.0 -0.342020143326 crystal_1
1.2427 0.939692620786 0.088521326901 -0.330366089549 crystal_1
1.2546 0.939692620786 0.171010071663 -0.296198132726 crystal_1
1.2601 0.939692620786 0.241844762648 -0.241844762648 crystal_1
1.2876 0.984807753012 -0.173648177667 0.0 crystal_2
1.2865 0.984807753012 -0.167731259497 -0.044943455528 crystal_2
1.2726 0.984807753012 -0.167731259497 0.044943455528 crystal_2
1.2732 0.984807753012 -0.15038373318 -0.086824088833 crystal_2
1.3229 0.984807753012 -0.15038373318 0.086824088833 crystal_2
1.2786 0.984807753012 -0.122787803969 -0.122787803969 crystal_1
1.3094 0.984807753012 -0.122787803969 0.122787803969 crystal_1
1.2688 0.984807753012 -0.086824088833 -0.15038373318 crystal_1
1.268 0.984807753012 -0.086824088833 0.15038373318 crystal_1
1.2539 0.984807753012 -0.044943455528 -0.167731259497 crystal_1
1.2687 0.984807753012 -0.044943455528 0.167731259497 crystal_1
1.2695 0.984807753012 0.0 -0.173648177667 crystal_1
1.2576 0.984807753012 0.0 0.173648177667 crystal_1
1.2953 0.984807753012 0.044943455528 -0.167731259497 crystal_1
1.2624 0.984807753012 0.044943455528 0.167731259497 crystal_1
1.2512 0.984807753012 0.086824088833 -0.15038373318 crystal_1
1.2811 0.984807753012 0.086824088833 0.15038373318 crystal_1
1.2945 0.984807753012 0.122787803969 -0.122787803969 crystal_1
1.2661 0.984807753012 0.122787803969 0.122787803969 crystal_1
1.2975 0.984807753012 0.15038373318 -0.086824088833 crystal_2
1.2848 0.984807753012 0.15038373318 0.086824088833 crystal_2
1.2897 0.984807753012 0.167731259497 -0.044943455528 crystal_2
1.2798 0.984807753012 0.167731259497 0.044943455528 crystal_2
1.283 0.984807753012 0.173648177667 0.0 crystal_2
1.2547 1.0 0.0 0.0 crystal_1
