1.5864 0.025 -1.0 0.0 0.0 4.26 0.001 crystal_1
1.603 0.024 -0.984807753012 -0.122787803969 0.122787803969 4.26 0.001 crystal_1
1.6317 0.0239 -0.984807753012 -0.086824088833 0.15038373318 4.26 0.0009 crystal_1
1.6121 0.0246 -0.984807753012 -0.044943455528 0.167731259497 4.26 0.001 crystal_1
1.5896 0.0241 -0.984807753012 0.0 0.173648177667 4.26 0.001 crystal_1
1.5903 0.0244 -0.984807753012 0.044943455528 0.167731259497 4.26 0.001 crystal_1
1.6015 0.0249 -0.984807753012 0.086824088833 0.15038373318 4.26 0.001 crystal_1
1.6031 0.0242 -0.984807753012 0.122787803969 0.122787803969 4.26 0.001 crystal_1
1.5911 0.0365 -0.984807753012 0.15038373318 -0.086824088833 4.26 0.0329 crystal_2
1.6402 0.0372 -0.984807753012 0.15038373318 0.086824088833 4.26 0.0339 crystal_2
1.6154 0.0371 -0.984807753012 0.167731259497 -0.044943455528 4.26 0.0334 crystal_2
1.6103 0.0365 -0.984807753012 0.167731259497 0.044943455528 4.26 0.0333 crystal_2
1.5985 0.0364 -0.984807753012 0.173648177667 0.0 4.26 0.033 crystal_2
1.5667 0.0368 -0.939692620786 -0.342020143326 0.0 4.26 0.0324 crystal_2
1.5707 0.0367 -0.939692620786 -0.330366089549 -0.088521326901 4.26 0.0324 crystal_2
1.5933 0.0363 -0.939692620786 -0.330366089549 0.088521326901 4.26 0.0329 crystal_2
1.5618 0.0363 -0.939692620786 -0.296198132726 -0.171010071663 4.26 0.0323 crystal_2
1.5992 0.036 -0.939692620786 -0.296198132726 0.171010071663 4.26 0.033 crystal_2
1.5714 0.0236 -0.939692620786 -0.241844762648 -0.241844762648 4.26 0.001 crystal_1
1.5846 0.0256 -0.939692620786 -0.241844762648 0.241844762648 4.26 0.001 crystal_1
1.5526 0.0236 -0.939692620786 -0.171010071663 -0.296198132726 4.26 0.001 crystal_1
1.5715 0.0236 -0.939692620786 -0.171010071663 0.296198132726 4.26 0.001 crystal_1
1.556 0.0222 -0.939692620786 -0.088521326901 -0.330366089549 4.26 0.001 crystal_1
1.6108 0.0233 -0.939692620786 -0.088521326901 0.330366089549 4.26 0.001 crystal_1
1.5095 0.0254 -0.939692620786 -0.0 -0.342020143326 4.26 0.001 crystal_1
1.5689 0.024 -0.939692620786 0.0 0.342020143326 4.26 0.001 crystal_1
1.5632 0.0224 -0.939692620786 0.088521326901 -0.330366089549 4.26 0.001 crystal_1
1.6073 0.0229 -0.939692620786 0.088521326901 0.330366089549 4.26 0.001 crystal_1
1.5347 0.0245 -0.939692620786 0.171010071663 -0.296198132726 4.26 0.001 crystal_1
1.5992 0.0226 -0.939692620786 0.171010071663 0.296198132726 4.26 0.001 crystal_1
1.5411 0.0258 -0.939692620786 0.241844762648 -0.241844762648 4.26 0.001 crystal_1
1.5784 0.0245 -0.939692620786 0.241844762648 0.241844762648 4.26 0.001 crystal_1
1.5947 0.0375 -0.939692620786 0.296198132726 -0.171010071663 4.26 0.0329 crystal_2
1.6328 0.0363 -0.939692620786 0.296198132726 0.171010071663 4.26 0.0337 crystal_2
1.6067 0.037 -0.939692620786 0.330366089549 -0.088521326901 4.26 0.0332 crystal_2
1.6221 0.0375 -0.939692620786 0.330366089549 0.088521326901 4.26 0.0335 crystal_2
1.5799 0.0368 -0.939692620786 0.342020143326 0.0 4.26 0.0326 crystal_2
1.5323 0.0243 -0.866025403784 -0.353553390593 0.353553390593 4.26 0.001 crystal_1
1.5297 0.0257 -0.866025403784 -0.25 0.433012701892 4.26 0.001 crystal_1
1.5245 0.0238 -0.866025403784 -0.129409522551 0.482962913145 4.26 0.001 crystal_1
1.5134 0.0252 -0.866025403784 0.0 0.5 4.26 0.001 crystal_1
1.552 0.0228 -0.866025403784 0.129409522551 0.482962913145 4.26 0.001 crystal_1
1.5408 0.0234 -0.866025403784 0.25 0.433012701892 4.26 0.001 crystal_1
1.563 0.0228 -0.866025403784 0.353553390593 0.353553390593 4.26 0.001 crystal_1
1.5451 0.0355 -0.866025403784 0.433012701892 -0.25 4.26 0.0319 crystal_2
1.6011 0.0376 -0.866025403784 0.433012701892 0.25 4.26 0.0331 crystal_2
1.5788 0.0364 -0.866025403784 0.482962913145 -0.129409522551 4.26 0.0326 crystal_2
1.5922 0.0363 -0.866025403784 0.482962913145 0.129409522551 4.26 0.0329 crystal_2
1.5925 0.0375 -0.866025403784 0.5 0.0 4.26 0.0329 crystal_2
1.5821 0.036 -0.766044443119 -0.642787609687 0.0 4.26 0.0327 crystal_2
1.599 0.037 -0.766044443119 -0.620885153015 -0.166365675343 4.26 0.033 crystal_2
1.5668 0.0363 -0.766044443119 -0.620885153015 0.166365675343 4.26 0.0324 crystal_2
1.5318 0.0351 -0.766044443119 -0.556670399226 -0.321393804843 4.26 0.0316 crystal_2
1.5348 0.0354 -0.766044443119 -0.556670399226 0.321393804843 4.26 0.0317 crystal_2
1.4817 0.0231 -0.766044443119 -0.454519477672 -0.454519477672 4.26 0.001 crystal_1
1.5355 0.0243 -0.766044443119 -0.454519477672 0.454519477672 4.26 0.001 crystal_1
1.4371 0.0236 -0.766044443119 -0.321393804843 -0.556670399226 4.26 0.0011 crystal_1
1.4775 0.024 -0.766044443119 -0.321393804843 0.556670399226 4.26 0.0011 crystal_1
1.431 0.0207 -0.766044443119 -0.166365675343 -0.620885153015 4.26 0.0011 crystal_1
1.4715 0.0226 -0.766044443119 -0.166365675343 0.620885153015 4.26 0.0011 crystal_1
1.3933 0.023 -0.766044443119 -0.0 -0.642787609687 4.26 0.0011 crystal_1
1.4637 0.0231 -0.766044443119 0.0 0.642787609687 4.26 0.0011 crystal_1
1.4228 0.0228 -0.766044443119 0.166365675343 -0.620885153015 4.26 0.0011 crystal_1
1.4614 0.0229 -0.766044443119 0.166365675343 0.620885153015 4.26 0.0011 crystal_1
1.4514 0.0217 -0.766044443119 0.321393804843 -0.556670399226 4.26 0.0011 crystal_1
1.5453 0.0224 -0.766044443119 0.321393804843 0.556670399226 4.26 0.001 crystal_1
1.4957 0.0226 -0.766044443119 0.454519477672 -0.454519477672 4.26 0.001 crystal_1
1.4889 0.0262 -0.766044443119 0.454519477672 0.454519477672 4.26 0.001 crystal_1
1.5362 0.0351 -0.766044443119 0.556670399226 -0.321393804843 4.26 0.0317 crystal_2
1.5747 0.0353 -0.766044443119 0.556670399226 0.321393804843 4.26 0.0325 crystal_2
1.5585 0.0352 -0.766044443119 0.620885153015 -0.166365675343 4.26 0.0322 crystal_2
1.5978 0.0361 -0.766044443119 0.620885153015 0.166365675343 4.26 0.033 crystal_2
1.595 0.0363 -0.766044443119 0.642787609687 0.0 4.26 0.0329 crystal_2
1.4924 0.0239 -0.642787609687 -0.54167522042 0.54167522042 4.26 0.001 crystal_1
1.4679 0.0218 -0.642787609687 -0.383022221559 0.663413948169 4.26 0.0011 crystal_1
1.3989 0.0221 -0.642787609687 -0.198266891274 0.739942111694 4.26 0.0011 crystal_1
1.4081 0.0242 -0.642787609687 9.578e-09 0.766044443119 4.26 0.0011 crystal_1
1.4346 0.0219 -0.642787609687 0.198266891274 0.739942111694 4.26 0.0011 crystal_1
1.4601 0.024 -0.642787609687 0.383022221559 0.663413948169 4.26 0.0011 crystal_1
1.4637 0.0242 -0.642787609687 0.54167522042 0.54167522042 4.26 0.0011 crystal_1
1.5305 0.0348 -0.642787609687 0.663413948169 -0.383022221559 4.26 0.0316 crystal_2
1.5551 0.0355 -0.642787609687 0.663413948169 0.383022221559 4.26 0.0321 crystal_2
1.5517 0.036 -0.642787609687 0.739942111694 -0.198266891274 4.26 0.032 crystal_2
1.5386 0.0358 -0.642787609687 0.739942111694 0.198266891274 4.26 0.0318 crystal_2
1.558 0.0354 -0.642787609687 0.766044443119 0.0 4.26 0.0322 crystal_2
1.5514 0.0352 -0.5 -0.866025403784 0.0 4.26 0.032 crystal_2
1.555 0.0354 -0.5 -0.836516303738 -0.224143868042 4.26 0.0321 crystal_2
1.5643 0.0356 -0.5 -0.836516303738 0.224143868042 4.26 0.0323 crystal_2
1.5362 0.0349 -0.5 -0.75 -0.433012701892 4.26 0.0317 crystal_2
1.5344 0.0345 -0.5 -0.75 0.433012701892 4.26 0.0317 crystal_2
1.3975 0.0235 -0.5 -0.612372435696 -0.612372435696 4.26 0.0011 crystal_1
1.4702 0.0245 -0.5 -0.612372435696 0.612372435696 4.26 0.0011 crystal_1
1.3945 0.0204 -0.5 -0.433012701892 -0.75 4.26 0.0011 crystal_1
1.4062 0.022 -0.5 -0.433012701892 0.75 4.26 0.0011 crystal_1
1.3088 0.0217 -0.5 -0.224143868042 -0.836516303738 4.26 0.0012 crystal_1
1.3688 0.0201 -0.5 -0.224143868042 0.836516303738 4.26 0.0011 crystal_1
1.2952 0.0205 -0.5 -0.0 -0.866025403784 4.26 0.0012 crystal_1
1.3536 0.0215 -0.5 0.0 0.866025403784 4.26 0.0012 crystal_1
1.337 0.0212 -0.5 0.224143868042 -0.836516303738 4.26 0.0012 crystal_1
1.4059 0.0207 -0.5 0.224143868042 0.836516303738 4.26 0.0011 crystal_1
1.3704 0.0223 -0.5 0.433012701892 -0.75 4.26 0.0011 crystal_1
1.3924 0.0199 -0.5 0.433012701892 0.75 4.26 0.0011 crystal_1
1.4074 0.0222 -0.5 0.612372435696 -0.612372435696 4.26 0.0011 crystal_1
1.4507 0.0232 -0.5 0.612372435696 0.612372435696 4.26 0.0011 crystal_1
1.5199 0.035 -0.5 0.75 -0.433012701892 4.26 0.0314 crystal_2
1.5236 0.0355 -0.5 0.75 0.433012701892 4.26 0.0315 crystal_2
1.5378 0.0355 -0.5 0.836516303738 -0.224143868042 4.26 0.0318 crystal_2
1.559 0.0353 -0.5 0.836516303738 0.224143868042 4.26 0.0322 crystal_2
1.5618 0.0353 -0.5 0.866025403784 0.0 4.26 0.0323 crystal_2
1.4184 0.0214 -0.342020143326 -0.664463024389 0.664463024389 4.26 0.0011 crystal_1
1.3776 0.022 -0.342020143326 -0.469846310393 0.813797681349 4.26 0.0011 crystal_1
1.3422 0.0207 -0.342020143326 -0.243210346802 0.90767337119 4.26 0.0012 crystal_1
1.3168 0.0212 -0.342020143326 0.0 0.939692620786 4.26 0.0012 crystal_1
1.3391 0.0198 -0.342020143326 0.243210346802 0.90767337119 4.26 0.0012 crystal_1
1.3645 0.0212 -0.342020143326 0.469846310393 0.813797681349 4.26 0.0011 crystal_1
1.4182 0.0245 -0.342020143326 0.664463024389 0.664463024389 4.26 0.0011 crystal_1
1.4915 0.0345 -0.342020143326 0.813797681349 -0.469846310393 4.26 0.0308 crystal_2
1.4974 0.0341 -0.342020143326 0.813797681349 0.469846310393 4.26 0.0309 crystal_2
1.5591 0.035 -0.342020143326 0.90767337119 -0.243210346802 4.26 0.0322 crystal_2
1.55 0.036 -0.342020143326 0.90767337119 0.243210346802 4.26 0.032 crystal_2
1.544 0.0348 -0.342020143326 0.939692620786 0.0 4.26 0.0319 crystal_2
1.5414 0.0346 -0.173648177667 -0.984807753012 0.0 4.26 0.0318 crystal_2
1.5363 0.0353 -0.173648177667 -0.951251242564 -0.254887002244 4.26 0.0317 crystal_2
1.5321 0.0345 -0.173648177667 -0.951251242564 0.254887002244 4.26 0.0316 crystal_2
1.5074 0.0335 -0.173648177667 -0.852868531952 -0.492403876506 4.26 0.0311 crystal_2
1.4984 0.0344 -0.173648177667 -0.852868531952 0.492403876506 4.26 0.0309 crystal_2
1.405 0.0212 -0.173648177667 -0.69636424032 -0.69636424032 4.26 0.0011 crystal_1
1.4015 0.0232 -0.173648177667 -0.69636424032 0.69636424032 4.26 0.0011 crystal_1
1.3487 0.0193 -0.173648177667 -0.492403876506 -0.852868531952 4.26 0.0012 crystal_1
1.3728 0.0229 -0.173648177667 -0.492403876506 0.852868531952 4.26 0.0011 crystal_1
1.2703 0.0189 -0.173648177667 -0.254887002244 -0.951251242564 4.26 0.0012 crystal_1
1.2977 0.0188 -0.173648177667 -0.254887002244 0.951251242564 4.26 0.0012 crystal_1
1.2366 0.02 -0.173648177667 -2.588e-09 -0.984807753012 4.26 0.0012 crystal_1
1.2723 0.0193 -0.173648177667 2.588e-09 0.984807753012 4.26 0.0012 crystal_1
1.2947 0.0194 -0.173648177667 0.254887002244 -0.951251242564 4.26 0.0012 crystal_1
1.2852 0.0202 -0.173648177667 0.254887002244 0.951251242564 4.26 0.0012 crystal_1
1.3209 0.0211 -0.173648177667 0.492403876506 -0.852868531952 4.26 0.0012 crystal_1
1.3263 0.0216 -0.173648177667 0.492403876506 0.852868531952 4.26 0.0012 crystal_1
1.409 0.0213 -0.173648177667 0.69636424032 -0.69636424032 4.26 0.0011 crystal_1
1.411 0.0229 -0.173648177667 0.69636424032 0.69636424032 4.26 0.0011 crystal_1
1.4982 0.0339 -0.173648177667 0.852868531952 -0.492403876506 4.26 0.0309 crystal_2
1.5043 0.0333 -0.173648177667 0.852868531952 0.492403876506 4.26 0.0311 crystal_2
1.5358 0.0345 -0.173648177667 0.951251242564 -0.254887002244 4.26 0.0317 crystal_2
1.5371 0.0352 -0.173648177667 0.951251242564 0.254887002244 4.26 0.0317 crystal_2
1.5418 0.0348 -0.173648177667 0.984807753012 0.0 4.26 0.0318 crystal_2
1.5418 0.0348 0.173648177667 -0.984807753012 0.0 4.26 0.0318 crystal_2
1.5371 0.0352 0.173648177667 -0.951251242564 -0.254887002244 4.26 0.0317 crystal_2
1.5358 0.0345 0.173648177667 -0.951251242564 0.254887002244 4.26 0.0317 crystal_2
1.5043 0.0333 0.173648177667 -0.852868531952 -0.492403876506 4.26 0.0311 crystal_2
1.4982 0.0339 0.173648177667 -0.852868531952 0.492403876506 4.26 0.0309 crystal_2
1.411 0.0229 0.173648177667 -0.69636424032 -0.69636424032 4.26 0.0011 crystal_1
1.409 0.0213 0.173648177667 -0.69636424032 0.69636424032 4.26 0.0011 crystal_1
1.3263 0.0216 0.173648177667 -0.492403876506 -0.852868531952 4.26 0.0012 crystal_1
1.3209 0.0211 0.173648177667 -0.492403876506 0.852868531952 4.26 0.0012 crystal_1
1.2852 0.0202 0.173648177667 -0.254887002244 -0.951251242564 4.26 0.0012 crystal_1
1.2947 0.0194 0.173648177667 -0.254887002244 0.951251242564 4.26 0.0012 crystal_1
1.2723 0.0193 0.173648177667 -2.588e-09 -0.984807753012 4.26 0.0012 crystal_1
1.2366 0.02 0.173648177667 2.588e-09 0.984807753012 4.26 0.0012 crystal_1
1.2977 0.0188 0.173648177667 0.254887002244 -0.951251242564 4.26 0.0012 crystal_1
1.2703 0.0189 0.173648177667 0.254887002244 0.951251242564 4.26 0.0012 crystal_1
1.3728 0.0229 0.173648177667 0.492403876506 -0.852868531952 4.26 0.0011 crystal_1
1.3487 0.0193 0.173648177667 0.492403876506 0.852868531952 4.26 0.0012 crystal_1
1.4015 0.0232 0.173648177667 0.69636424032 -0.69636424032 4.26 0.0011 crystal_1
1.405 0.0212 0.173648177667 0.69636424032 0.69636424032 4.26 0.0011 crystal_1
1.4984 0.0344 0.173648177667 0.852868531952 -0.492403876506 4.26 0.0309 crystal_2
1.5074 0.0335 0.173648177667 0.852868531952 0.492403876506 4.26 0.0311 crystal_2
1.5321 0.0345 0.173648177667 0.951251242564 -0.254887002244 4.26 0.0316 crystal_2
1.5363 0.0353 0.173648177667 0.951251242564 0.254887002244 4.26 0.0317 crystal_2
1.5414 0.0346 0.173648177667 0.984807753012 0.0 4.26 0.0318 crystal_2
1.544 0.0348 0.342020143326 -0.939692620786 0.0 4.26 0.0319 crystal_2
1.55 0.036 0.342020143326 -0.90767337119 -0.243210346802 4.26 0.032 crystal_2
1.5591 0.035 0.342020143326 -0.90767337119 0.243210346802 4.26 0.0322 crystal_2
1.4974 0.0341 0.342020143326 -0.813797681349 -0.469846310393 4.26 0.0309 crystal_2
1.4915 0.0345 0.342020143326 -0.813797681349 0.469846310393 4.26 0.0308 crystal_2
1.4182 0.0245 0.342020143326 -0.664463024389 -0.664463024389 4.26 0.0011 crystal_1
1.3645 0.0212 0.342020143326 -0.469846310393 -0.813797681349 4.26 0.0011 crystal_1
1.3391 0.0198 0.342020143326 -0.243210346802 -0.90767337119 4.26 0.0012 crystal_1
1.3168 0.0212 0.342020143326 0.0 -0.939692620786 4.26 0.0012 crystal_1
1.3422 0.0207 0.342020143326 0.243210346802 -0.90767337119 4.26 0.0012 crystal_1
1.3776 0.022 0.342020143326 0.469846310393 -0.813797681349 4.26 0.0011 crystal_1
1.4184 0.0214 0.342020143326 0.664463024389 -0.664463024389 4.26 0.0011 crystal_1
1.5618 0.0353 0.5 -0.866025403784 0.0 4.26 0.0323 crystal_2
1.559 0.0353 0.5 -0.836516303738 -0.224143868042 4.26 0.0322 crystal_2
1.5378 0.0355 0.5 -0.836516303738 0.224143868042 4.26 0.0318 crystal_2
1.5236 0.0355 0.5 -0.75 -0.433012701892 4.26 0.0315 crystal_2
1.5199 0.035 0.5 -0.75 0.433012701892 4.26 0.0314 crystal_2
1.4507 0.0232 0.5 -0.612372435696 -0.612372435696 4.26 0.0011 crystal_1
1.4074 0.0222 0.5 -0.612372435696 0.612372435696 4.26 0.0011 crystal_1
1.3924 0.0199 0.5 -0.433012701892 -0.75 4.26 0.0011 crystal_1
1.3704 0.0223 0.5 -0.433012701892 0.75 4.26 0.0011 crystal_1
1.4059 0.0207 0.5 -0.224143868042 -0.836516303738 4.26 0.0011 crystal_1
1.337 0.0212 0.5 -0.224143868042 0.836516303738 4.26 0.0012 crystal_1
1.3536 0.0215 0.5 0.0 -0.866025403784 4.26 0.0012 crystal_1
1.2952 0.0205 0.5 0.0 0.866025403784 4.26 0.0012 crystal_1
1.3688 0.0201 0.5 0.224143868042 -0.836516303738 4.26 0.0011 crystal_1
1.3088 0.0217 0.5 0.224143868042 0.836516303738 4.26 0.0012 crystal_1
1.4062 0.022 0.5 0.433012701892 -0.75 4.26 0.0011 crystal_1
1.3945 0.0204 0.5 0.433012701892 0.75 4.26 0.0011 crystal_1
1.4702 0.0245 0.5 0.612372435696 -0.612372435696 4.26 0.0011 crystal_1
1.3975 0.0235 0.5 0.612372435696 0.612372435696 4.26 0.0011 crystal_1
1.5344 0.0345 0.5 0.75 -0.433012701892 4.26 0.0317 crystal_2
1.5362 0.0349 0.5 0.75 0.433012701892 4.26 0.0317 crystal_2
1.5643 0.0356 0.5 0.836516303738 -0.224143868042 4.26 0.0323 crystal_2
1.555 0.0354 0.5 0.836516303738 0.224143868042 4.26 0.0321 crystal_2
1.5514 0.0352 0.5 0.866025403784 0.0 4.26 0.032 crystal_2
1.558 0.0354 0.642787609687 -0.766044443119 0.0 4.26 0.0322 crystal_2
1.5386 0.0358 0.642787609687 -0.739942111694 -0.198266891274 4.26 0.0318 crystal_2
1.5517 0.036 0.642787609687 -0.739942111694 0.198266891274 4.26 0.032 crystal_2
1.5551 0.0355 0.642787609687 -0.663413948169 -0.383022221559 4.26 0.0321 crystal_2
1.5305 0.0348 0.642787609687 -0.663413948169 0.383022221559 4.26 0.0316 crystal_2
1.4637 0.0242 0.642787609687 -0.54167522042 -0.54167522042 4.26 0.0011 crystal_1
1.4601 0.024 0.642787609687 -0.383022221559 -0.663413948169 4.26 0.0011 crystal_1
1.4346 0.0219 0.642787609687 -0.198266891274 -0.739942111694 4.26 0.0011 crystal_1
1.4081 0.0242 0.642787609687 -9.578e-09 -0.766044443119 4.26 0.0011 crystal_1
1.3989 0.0221 0.642787609687 0.198266891274 -0.739942111694 4.26 0.0011 crystal_1
1.4679 0.0218 0.642787609687 0.383022221559 -0.663413948169 4.26 0.0011 crystal_1
1.4924 0.0239 0.642787609687 0.54167522042 -0.54167522042 4.26 0.001 crystal_1
1.595 0.0363 0.766044443119 -0.642787609687 0.0 4.26 0.0329 crystal_2
1.5978 0.0361 0.766044443119 -0.620885153015 -0.166365675343 4.26 0.033 crystal_2
1.5585 0.0352 0.766044443119 -0.620885153015 0.166365675343 4.26 0.0322 crystal_2
1.5747 0.0353 0.766044443119 -0.556670399226 -0.321393804843 4.26 0.0325 crystal_2
1.5362 0.0351 0.766044443119 -0.556670399226 0.321393804843 4.26 0.0317 crystal_2
1.4889 0.0262 0.766044443119 -0.454519477672 -0.454519477672 4.26 0.001 crystal_1
1.4957 0.0226 0.766044443119 -0.454519477672 0.454519477672 4.26 0.001 crystal_1
1.5453 0.0224 0.766044443119 -0.321393804843 -0.556670399226 4.26 0.001 crystal_1
1.4514 0.0217 0.766044443119 -0.321393804843 0.556670399226 4.26 0.0011 crystal_1
1.4614 0.0229 0.766044443119 -0.166365675343 -0.620885153015 4.26 0.0011 crystal_1
1.4228 0.0228 0.766044443119 -0.166365675343 0.620885153015 4.26 0.0011 crystal_1
1.4637 0.0231 0.766044443119 0.0 -0.642787609687 4.26 0.0011 crystal_1
1.3933 0.023 0.766044443119 0.0 0.642787609687 4.26 0.0011 crystal_1
1.4715 0.0226 0.766044443119 0.166365675343 -0.620885153015 4.26 0.0011 crystal_1
1.431 0.0207 0.766044443119 0.166365675343 0.620885153015 4.26 0.0011 crystal_1
1.4775 0.024 0.766044443119 0.321393804843 -0.556670399226 4.26 0.0011 crystal_1
1.4371 0.0236 0.766044443119 0.321393804843 0.556670399226 4.26 0.0011 crystal_1
1.5355 0.0243 0.766044443119 0.454519477672 -0.454519477672 4.26 0.001 crystal_1
1.4817 0.0231 0.766044443119 0.454519477672 0.454519477672 4.26 0.001 crystal_1
1.5348 0.0354 0.766044443119 0.556670399226 -0.321393804843 4.26 0.0317 crystal_2
1.5318 0.0351 0.766044443119 0.556670399226 0.321393804843 4.26 0.0316 crystal_2
1.5668 0.0363 0.766044443119 0.620885153015 -0.166365675343 4.26 0.0324 crystal_2
1.599 0.037 0.766044443119 0.620885153015 0.166365675343 4.26 0.033 crystal_2
1.5821 0.036 0.766044443119 0.642787609687 0.0 4.26 0.0327 crystal_2
1.5925 0.0375 0.866025403784 -0.5 0.0 4.26 0.0329 crystal_2
1.5922 0.0363 0.866025403784 -0.482962913145 -0.129409522551 4.26 0.0329 crystal_2
1.5788 0.0364 0.866025403784 -0.482962913145 0.129409522551 4.26 0.0326 crystal_2
1.6011 0.0376 0.866025403784 -0.433012701892 -0.25 4.26 0.0331 crystal_2
1.5451 0.0355 0.866025403784 -0.433012701892 0.25 4.26 0.0319 crystal_2
1.563 0.0228 0.866025403784 -0.353553390593 -0.353553390593 4.26 0.001 crystal_1
1.5408 0.0234 0.866025403784 -0.25 -0.433012701892 4.26 0.001 crystal_1
1.552 0.0228 0.866025403784 -0.129409522551 -0.482962913145 4.26 0.001 crystal_1
1.5134 0.0252 0.866025403784 0.0 -0.5 4.26 0.001 crystal_1
1.5245 0.0238 0.866025403784 0.129409522551 -0.482962913145 4.26 0.001 crystal_1
1.5297 0.0257 0.866025403784 0.25 -0.433012701892 4.26 0.001 crystal_1
1.5323 0.0243 0.866025403784 0.353553390593 -0.353553390593 4.26 0.001 crystal_1
1.5799 0.0368 0.939692620786 -0.342020143326 0.0 4.26 0.0326 crystal_2
1.6221 0.0375 0.939692620786 -0.330366089549 -0.088521326901 4.26 0.0335 crystal_2
1.6067 0.037 0.939692620786 -0.330366089549 0.088521326901 4.26 0.0332 crystal_2
1.6328 0.0363 0.939692620786 -0.296198132726 -0.171010071663 4.26 0.0337 crystal_2
1.5947 0.0375 0.939692620786 -0.296198132726 0.171010071663 4.26 0.0329 crystal_2
1.5784 0.0245 0.939692620786 -0.241844762648 -0.241844762648 4.26 0.001 crystal_1
1.5638 0.0252 0.939692620786 -0.241844762648 0.241844762648 4.26 0.001 crystal_1
1.5992 0.0226 0.939692620786 -0.171010071663 -0.296198132726 4.26 0.001 crystal_1
1.5776 0.025 0.939692620786 -0.171010071663 0.296198132726 4.26 0.001 crystal_1
1.6073 0.0229 0.939692620786 -0.088521326901 -0.330366089549 4.26 0.001 crystal_1
1.5688 0.0228 0.939692620786 -0.088521326901 0.330366089549 4.26 0.001 crystal_1
1.5689 0.024 0.939692620786 0.0 -0.342020143326 4.26 0.001 crystal_1
1.5291 0.0234 0.939692620786 0.0 0.342020143326 4.26 0.001 crystal_1
1.6108 0.0233 0.939692620786 0.088521326901 -0.330366089549 4.26 0.001 crystal_1
1.561 0.0238 0.939692620786 0.088521326901 0.330366089549 4.26 0.001 crystal_1
1.5715 0.0236 0.939692620786 0.171010071663 -0.296198132726 4.26 0.001 crystal_1
1.5496 0.0281 0.939692620786 0.171010071663 0.296198132726 4.26 0.001 crystal_1
1.5846 0.0256 0.939692620786 0.241844762648 -0.241844762648 4.26 0.001 crystal_1
1.5815 0.0238 0.939692620786 0.241844762648 0.241844762648 4.26 0.001 crystal_1
1.5914 0.0369 0.939692620786 0.296198132726 -0.171010071663 4.26 0.0329 crystal_2
1.579 0.037 0.939692620786 0.296198132726 0.171010071663 4.26 0.0326 crystal_2
1.5766 0.0372 0.939692620786 0.330366089549 -0.088521326901 4.26 0.0326 crystal_2
1.6159 0.0377 0.939692620786 0.330366089549 0.088521326901 4.26 0.0334 crystal_2
1.6299 0.0372 0.939692620786 0.342020143326 0.0 4.26 0.0337 crystal_2
1.5985 0.0364 0.984807753012 -0.173648177667 0.0 4.26 0.033 crystal_2
1.6103 0.0365 0.984807753012 -0.167731259497 -0.044943455528 4.26 0.0333 crystal_2
1.6154 0.0371 0.984807753012 -0.167731259497 0.044943455528 4.26 0.0334 crystal_2
1.6402 0.0372 0.984807753012 -0.15038373318 -0.086824088833 4.26 0.0339 crystal_2
1.5911 0.0365 0.984807753012 -0.15038373318 0.086824088833 4.26 0.0329 crystal_2
1.6031 0.0242 0.984807753012 -0.122787803969 -0.122787803969 4.26 0.001 crystal_1
1.6015 0.0249 0.984807753012 -0.086824088833 -0.15038373318 4.26 0.001 crystal_1
1.5903 0.0244 0.984807753012 -0.044943455528 -0.167731259497 4.26 0.001 crystal_1
1.5896 0.0241 0.984807753012 0.0 -0.173648177667 4.26 0.001 crystal_1
1.6121 0.0246 0.984807753012 0.044943455528 -0.167731259497 4.26 0.001 crystal_1
1.6317 0.0239 0.984807753012 0.086824088833 -0.15038373318 4.26 0.0009 crystal_1
1.603 0.024 0.984807753012 0.122787803969 -0.122787803969 4.26 0.001 crystal_1
1.5864 0.025 1.0 0.0 0.0 4.26 0.001 crystal_1
