1.9067 0.0625 -1.0 0.0 0.0 4.68 0.001 crystal_1
1.8364 0.0712 -0.984807753012 -0.173648177667 0.0 4.68 0.0704 crystal_2
1.7913 0.0694 -0.984807753012 -0.167731259497 -0.044943455528 4.68 0.0687 crystal_2
1.8287 0.0708 -0.984807753012 -0.167731259497 0.044943455528 4.68 0.0701 crystal_2
1.8007 0.0697 -0.984807753012 -0.15038373318 -0.086824088833 4.68 0.069 crystal_2
1.8031 0.0698 -0.984807753012 -0.15038373318 0.086824088833 4.68 0.0691 crystal_2
1.876 0.0615 -0.984807753012 -0.122787803969 -0.122787803969 4.68 0.001 crystal_1
1.8853 0.0618 -0.984807753012 -0.122787803969 0.122787803969 4.68 0.001 crystal_1
1.8196 0.0597 -0.984807753012 -0.086824088833 -0.15038373318 4.68 0.001 crystal_1
1.8442 0.0607 -0.984807753012 -0.086824088833 0.15038373318 4.68 0.001 crystal_1
1.8506 0.0609 -0.984807753012 -0.044943455528 -0.167731259497 4.68 0.001 crystal_1
1.8682 0.0615 -0.984807753012 -0.044943455528 0.167731259497 4.68 0.001 crystal_1
1.8583 0.061 -0.984807753012 0.0 -0.173648177667 4.68 0.001 crystal_1
1.8873 0.0619 -0.984807753012 0.0 0.173648177667 4.68 0.001 crystal_1
1.8534 0.0611 -0.984807753012 0.044943455528 -0.167731259497 4.68 0.001 crystal_1
1.8502 0.061 -0.984807753012 0.044943455528 0.167731259497 4.68 0.001 crystal_1
1.8535 0.0612 -0.984807753012 0.086824088833 -0.15038373318 4.68 0.001 crystal_1
1.8711 0.0615 -0.984807753012 0.086824088833 0.15038373318 4.68 0.001 crystal_1
1.902 0.0625 -0.984807753012 0.122787803969 -0.122787803969 4.68 0.001 crystal_1
1.8439 0.0605 -0.984807753012 0.122787803969 0.122787803969 4.68 0.001 crystal_1
1.799 0.0697 -0.984807753012 0.15038373318 -0.086824088833 4.68 0.069 crystal_2
1.7818 0.069 -0.984807753012 0.15038373318 0.086824088833 4.68 0.0683 crystal_2
1.819 0.0704 -0.984807753012 0.167731259497 -0.044943455528 4.68 0.0697 crystal_2
1.8028 0.0699 -0.984807753012 0.167731259497 0.044943455528 4.68 0.0691 crystal_2
1.8264 0.0708 -0.984807753012 0.173648177667 0.0 4.68 0.07 crystal_2
1.8007 0.07 -0.939692620786 -0.342020143326 0.0 4.68 0.069 crystal_2
1.7656 0.0686 -0.939692620786 -0.330366089549 -0.088521326901 4.68 0.0677 crystal_2
1.798 0.0697 -0.939692620786 -0.330366089549 0.088521326901 4.68 0.0689 crystal_2
1.7978 0.0696 -0.939692620786 -0.296198132726 -0.171010071663 4.68 0.0689 crystal_2
1.7606 0.0683 -0.939692620786 -0.296198132726 0.171010071663 4.68 0.0675 crystal_2
1.8517 0.061 -0.939692620786 -0.241844762648 -0.241844762648 4.68 0.001 crystal_1
1.8742 0.0616 -0.939692620786 -0.241844762648 0.241844762648 4.68 0.001 crystal_1
1.8029 0.0594 -0.939692620786 -0.171010071663 -0.296198132726 4.68 0.0011 crystal_1
1.8289 0.0603 -0.939692620786 -0.171010071663 0.296198132726 4.68 0.0011 crystal_1
1.7993 0.0592 -0.939692620786 -0.088521326901 -0.330366089549 4.68 0.0011 crystal_1
1.825 0.0598 -0.939692620786 -0.088521326901 0.330366089549 4.68 0.0011 crystal_1
1.8383 0.0604 -0.939692620786 0.0 -0.342020143326 4.68 0.001 crystal_1
1.8473 0.0607 -0.939692620786 0.0 0.342020143326 4.68 0.001 crystal_1
1.8238 0.0599 -0.939692620786 0.088521326901 -0.330366089549 4.68 0.001 crystal_1
1.8269 0.0599 -0.939692620786 0.088521326901 0.330366089549 4.68 0.0011 crystal_1
1.8118 0.0597 -0.939692620786 0.171010071663 -0.296198132726 4.68 0.0011 crystal_1
1.8543 0.0608 -0.939692620786 0.171010071663 0.296198132726 4.68 0.0011 crystal_1
1.8747 0.0616 -0.939692620786 0.241844762648 -0.241844762648 4.68 0.001 crystal_1
1.8072 0.0595 -0.939692620786 0.241844762648 0.241844762648 4.68 0.0011 crystal_1
1.786 0.0692 -0.939692620786 0.296198132726 -0.171010071663 4.68 0.0685 crystal_2
1.7778 0.0689 -0.939692620786 0.296198132726 0.171010071663 4.68 0.0682 crystal_2
1.7965 0.0696 -0.939692620786 0.330366089549 -0.088521326901 4.68 0.0689 crystal_2
1.7753 0.0688 -0.939692620786 0.330366089549 0.088521326901 4.68 0.0681 crystal_2
1.8096 0.07 -0.939692620786 0.342020143326 0.0 4.68 0.0694 crystal_2
1.807 0.0701 -0.866025403784 -0.5 0.0 4.68 0.0693 crystal_2
1.7938 0.0696 -0.866025403784 -0.482962913145 -0.129409522551 4.68 0.0688 crystal_2
1.7835 0.0691 -0.866025403784 -0.482962913145 0.129409522551 4.68 0.0684 crystal_2
1.7657 0.0686 -0.866025403784 -0.433012701892 -0.25 4.68 0.0677 crystal_2
1.7566 0.0682 -0.866025403784 -0.433012701892 0.25 4.68 0.0673 crystal_2
1.8009 0.0592 -0.866025403784 -0.353553390593 -0.353553390593 4.68 0.0011 crystal_1
1.8039 0.0592 -0.866025403784 -0.353553390593 0.353553390593 4.68 0.0011 crystal_1
1.7437 0.0573 -0.866025403784 -0.25 -0.433012701892 4.68 0.0011 crystal_1
1.7943 0.0589 -0.866025403784 -0.25 0.433012701892 4.68 0.0011 crystal_1
1.7467 0.0574 -0.866025403784 -0.129409522551 -0.482962913145 4.68 0.0011 crystal_1
1.7802 0.0584 -0.866025403784 -0.129409522551 0.482962913145 4.68 0.0011 crystal_1
1.7684 0.0583 -0.866025403784 0.0 -0.5 4.68 0.0011 crystal_1
1.7763 0.0582 -0.866025403784 0.0 0.5 4.68 0.0011 crystal_1
1.7668 0.0582 -0.866025403784 0.129409522551 -0.482962913145 4.68 0.0011 crystal_1
1.7787 0.0584 -0.866025403784 0.129409522551 0.482962913145 4.68 0.0011 crystal_1
1.7548 0.0577 -0.866025403784 0.25 -0.433012701892 4.68 0.0011 crystal_1
1.8061 0.0594 -0.866025403784 0.25 0.433012701892 4.68 0.0011 crystal_1
1.8334 0.0602 -0.866025403784 0.353553390593 -0.353553390593 4.68 0.001 crystal_1
1.7794 0.0585 -0.866025403784 0.353553390593 0.353553390593 4.68 0.0011 crystal_1
1.7737 0.0689 -0.866025403784 0.433012701892 -0.25 4.68 0.068 crystal_2
1.7483 0.0676 -0.866025403784 0.433012701892 0.25 4.68 0.067 crystal_2
1.7612 0.0681 -0.866025403784 0.482962913145 -0.129409522551 4.68 0.0675 crystal_2
1.7657 0.0684 -0.866025403784 0.482962913145 0.129409522551 4.68 0.0677 crystal_2
1.785 0.0693 -0.866025403784 0.5 0.0 4.68 0.0684 crystal_2
1.7655 0.0684 -0.766044443119 -0.642787609687 0.0 4.68 0.0677 crystal_2
1.7431 0.0676 -0.766044443119 -0.620885153015 -0.166365675343 4.68 0.0668 crystal_2
1.744 0.0677 -0.766044443119 -0.620885153015 0.166365675343 4.68 0.0669 crystal_2
1.7388 0.0672 -0.766044443119 -0.556670399226 -0.321393804843 4.68 0.0667 crystal_2
1.7191 0.0666 -0.766044443119 -0.556670399226 0.321393804843 4.68 0.0659 crystal_2
1.7097 0.0563 -0.766044443119 -0.454519477672 -0.454519477672 4.68 0.0011 crystal_1
1.7572 0.0577 -0.766044443119 -0.454519477672 0.454519477672 4.68 0.0011 crystal_1
1.6978 0.0559 -0.766044443119 -0.321393804843 -0.556670399226 4.68 0.0011 crystal_1
1.7341 0.057 -0.766044443119 -0.321393804843 0.556670399226 4.68 0.0011 crystal_1
1.6637 0.0547 -0.766044443119 -0.166365675343 -0.620885153015 4.68 0.0011 crystal_1
1.7008 0.0559 -0.766044443119 -0.166365675343 0.620885153015 4.68 0.0011 crystal_1
1.7169 0.0566 -0.766044443119 0.0 -0.642787609687 4.68 0.0011 crystal_1
1.7044 0.0559 -0.766044443119 0.0 0.642787609687 4.68 0.0011 crystal_1
1.6439 0.0542 -0.766044443119 0.166365675343 -0.620885153015 4.68 0.0011 crystal_1
1.6993 0.0559 -0.766044443119 0.166365675343 0.620885153015 4.68 0.0011 crystal_1
1.6821 0.0555 -0.766044443119 0.321393804843 -0.556670399226 4.68 0.0011 crystal_1
1.7427 0.0571 -0.766044443119 0.321393804843 0.556670399226 4.68 0.0011 crystal_1
1.6945 0.0558 -0.766044443119 0.454519477672 -0.454519477672 4.68 0.0011 crystal_1
1.7413 0.0572 -0.766044443119 0.454519477672 0.454519477672 4.68 0.0011 crystal_1
1.7511 0.0678 -0.766044443119 0.556670399226 -0.321393804843 4.68 0.0671 crystal_2
1.7355 0.0672 -0.766044443119 0.556670399226 0.321393804843 4.68 0.0665 crystal_2
1.7553 0.068 -0.766044443119 0.620885153015 -0.166365675343 4.68 0.0673 crystal_2
1.7622 0.0683 -0.766044443119 0.620885153015 0.166365675343 4.68 0.0676 crystal_2
1.7772 0.0688 -0.766044443119 0.642787609687 0.0 4.68 0.0681 crystal_2
1.7503 0.0678 -0.642787609687 -0.766044443119 0.0 4.68 0.0671 crystal_2
1.7164 0.0665 -0.642787609687 -0.739942111694 -0.198266891274 4.68 0.0658 crystal_2
1.7403 0.0675 -0.642787609687 -0.739942111694 0.198266891274 4.68 0.0667 crystal_2
1.7444 0.0675 -0.642787609687 -0.663413948169 -0.383022221559 4.68 0.0669 crystal_2
1.7117 0.0664 -0.642787609687 -0.663413948169 0.383022221559 4.68 0.0656 crystal_2
1.6746 0.0553 -0.642787609687 -0.54167522042 -0.54167522042 4.68 0.0011 crystal_1
1.7224 0.0566 -0.642787609687 -0.54167522042 0.54167522042 4.68 0.0011 crystal_1
1.683 0.0554 -0.642787609687 -0.383022221559 -0.663413948169 4.68 0.0011 crystal_1
1.6969 0.0558 -0.642787609687 -0.383022221559 0.663413948169 4.68 0.0011 crystal_1
1.6042 0.0527 -0.642787609687 -0.198266891274 -0.739942111694 4.68 0.0012 crystal_1
1.6497 0.0543 -0.642787609687 -0.198266891274 0.739942111694 4.68 0.0012 crystal_1
1.5885 0.0522 -0.642787609687 -0.0 -0.766044443119 4.68 0.0012 crystal_1
1.6592 0.0544 -0.642787609687 9.578e-09 0.766044443119 4.68 0.0011 crystal_1
1.5685 0.0515 -0.642787609687 0.198266891274 -0.739942111694 4.68 0.0012 crystal_1
1.652 0.0543 -0.642787609687 0.198266891274 0.739942111694 4.68 0.0011 crystal_1
1.6487 0.0545 -0.642787609687 0.383022221559 -0.663413948169 4.68 0.0011 crystal_1
1.6971 0.0558 -0.642787609687 0.383022221559 0.663413948169 4.68 0.0011 crystal_1
1.6666 0.0548 -0.642787609687 0.54167522042 -0.54167522042 4.68 0.0011 crystal_1
1.7067 0.0563 -0.642787609687 0.54167522042 0.54167522042 4.68 0.0011 crystal_1
1.7302 0.067 -0.642787609687 0.663413948169 -0.383022221559 4.68 0.0663 crystal_2
1.712 0.0663 -0.642787609687 0.663413948169 0.383022221559 4.68 0.0656 crystal_2
1.7115 0.0663 -0.642787609687 0.739942111694 -0.198266891274 4.68 0.0656 crystal_2
1.7501 0.0677 -0.642787609687 0.739942111694 0.198266891274 4.68 0.0671 crystal_2
1.7606 0.0683 -0.642787609687 0.766044443119 0.0 4.68 0.0675 crystal_2
1.726 0.067 -0.5 -0.866025403784 0.0 4.68 0.0662 crystal_2
1.6987 0.0659 -0.5 -0.836516303738 -0.224143868042 4.68 0.0651 crystal_2
1.7212 0.067 -0.5 -0.836516303738 0.224143868042 4.68 0.066 crystal_2
1.698 0.0657 -0.5 -0.75 -0.433012701892 4.68 0.0651 crystal_2
1.6856 0.0654 -0.5 -0.75 0.433012701892 4.68 0.0646 crystal_2
1.6308 0.0537 -0.5 -0.612372435696 -0.612372435696 4.68 0.0011 crystal_1
1.6729 0.0551 -0.5 -0.612372435696 0.612372435696 4.68 0.0011 crystal_1
1.6436 0.0541 -0.5 -0.433012701892 -0.75 4.68 0.0011 crystal_1
1.6611 0.0546 -0.5 -0.433012701892 0.75 4.68 0.0012 crystal_1
1.5215 0.0502 -0.5 -0.224143868042 -0.836516303738 4.68 0.0012 crystal_1
1.5859 0.0522 -0.5 -0.224143868042 0.836516303738 4.68 0.0012 crystal_1
1.5354 0.0506 -0.5 -0.0 -0.866025403784 4.68 0.0012 crystal_1
1.5948 0.0524 -0.5 0.0 0.866025403784 4.68 0.0012 crystal_1
1.5345 0.0505 -0.5 0.224143868042 -0.836516303738 4.68 0.0012 crystal_1
1.5869 0.0523 -0.5 0.224143868042 0.836516303738 4.68 0.0012 crystal_1
1.6046 0.0529 -0.5 0.433012701892 -0.75 4.68 0.0012 crystal_1
1.6556 0.0543 -0.5 0.433012701892 0.75 4.68 0.0012 crystal_1
1.628 0.0537 -0.5 0.612372435696 -0.612372435696 4.68 0.0011 crystal_1
1.6645 0.0547 -0.5 0.612372435696 0.612372435696 4.68 0.0011 crystal_1
1.7105 0.0663 -0.5 0.75 -0.433012701892 4.68 0.0656 crystal_2
1.7086 0.066 -0.5 0.75 0.433012701892 4.68 0.0655 crystal_2
1.7181 0.0666 -0.5 0.836516303738 -0.224143868042 4.68 0.0659 crystal_2
1.73 0.0671 -0.5 0.836516303738 0.224143868042 4.68 0.0663 crystal_2
1.7627 0.0685 -0.5 0.866025403784 0.0 4.68 0.0676 crystal_2
1.7388 0.0674 -0.342020143326 -0.939692620786 0.0 4.68 0.0667 crystal_2
1.7048 0.0661 -0.342020143326 -0.90767337119 -0.243210346802 4.68 0.0654 crystal_2
1.714 0.0665 -0.342020143326 -0.90767337119 0.243210346802 4.68 0.0657 crystal_2
1.6899 0.0653 -0.342020143326 -0.813797681349 -0.469846310393 4.68 0.0648 crystal_2
1.6751 0.0649 -0.342020143326 -0.813797681349 0.469846310393 4.68 0.0642 crystal_2
1.6128 0.0533 -0.342020143326 -0.664463024389 -0.664463024389 4.68 0.0012 crystal_1
1.6347 0.054 -0.342020143326 -0.664463024389 0.664463024389 4.68 0.0011 crystal_1
1.6155 0.0532 -0.342020143326 -0.469846310393 -0.813797681349 4.68 0.0012 crystal_1
1.6296 0.0536 -0.342020143326 -0.469846310393 0.813797681349 4.68 0.0012 crystal_1
1.4947 0.0493 -0.342020143326 -0.243210346802 -0.90767337119 4.68 0.0012 crystal_1
1.5307 0.0505 -0.342020143326 -0.243210346802 0.90767337119 4.68 0.0012 crystal_1
1.4749 0.0485 -0.342020143326 -5.096e-09 -0.939692620786 4.68 0.0012 crystal_1
1.547 0.0509 -0.342020143326 5.096e-09 0.939692620786 4.68 0.0012 crystal_1
1.4907 0.0491 -0.342020143326 0.243210346802 -0.90767337119 4.68 0.0012 crystal_1
1.5533 0.0512 -0.342020143326 0.243210346802 0.90767337119 4.68 0.0012 crystal_1
1.5747 0.0519 -0.342020143326 0.469846310393 -0.813797681349 4.68 0.0012 crystal_1
1.6454 0.0541 -0.342020143326 0.469846310393 0.813797681349 4.68 0.0012 crystal_1
1.6221 0.0533 -0.342020143326 0.664463024389 -0.664463024389 4.68 0.0011 crystal_1
1.6264 0.0536 -0.342020143326 0.664463024389 0.664463024389 4.68 0.0012 crystal_1
1.6914 0.0656 -0.342020143326 0.813797681349 -0.469846310393 4.68 0.0648 crystal_2
1.6713 0.0649 -0.342020143326 0.813797681349 0.469846310393 4.68 0.0641 crystal_2
1.7152 0.0664 -0.342020143326 0.90767337119 -0.243210346802 4.68 0.0658 crystal_2
1.7141 0.0664 -0.342020143326 0.90767337119 0.243210346802 4.68 0.0657 crystal_2
1.7519 0.0678 -0.342020143326 0.939692620786 0.0 4.68 0.0672 crystal_2
1.7465 0.0678 -0.173648177667 -0.984807753012 0.0 4.68 0.067 crystal_2
1.7021 0.0658 -0.173648177667 -0.951251242564 -0.254887002244 4.68 0.0653 crystal_2
1.7183 0.0665 -0.173648177667 -0.951251242564 0.254887002244 4.68 0.0659 crystal_2
1.6849 0.0653 -0.173648177667 -0.852868531952 -0.492403876506 4.68 0.0646 crystal_2
1.6732 0.0645 -0.173648177667 -0.852868531952 0.492403876506 4.68 0.0641 crystal_2
1.5672 0.0517 -0.173648177667 -0.69636424032 -0.69636424032 4.68 0.0012 crystal_1
1.6278 0.0534 -0.173648177667 -0.69636424032 0.69636424032 4.68 0.0011 crystal_1
1.5806 0.0519 -0.173648177667 -0.492403876506 -0.852868531952 4.68 0.0012 crystal_1
1.5894 0.0522 -0.173648177667 -0.492403876506 0.852868531952 4.68 0.0012 crystal_1
1.4671 0.0483 -0.173648177667 -0.254887002244 -0.951251242564 4.68 0.0012 crystal_1
1.4893 0.049 -0.173648177667 -0.254887002244 0.951251242564 4.68 0.0012 crystal_1
1.4547 0.0477 -0.173648177667 -0.0 -0.984807753012 4.68 0.0012 crystal_1
1.4937 0.049 -0.173648177667 0.0 0.984807753012 4.68 0.0012 crystal_1
1.4711 0.0485 -0.173648177667 0.254887002244 -0.951251242564 4.68 0.0012 crystal_1
1.4952 0.0491 -0.173648177667 0.254887002244 0.951251242564 4.68 0.0012 crystal_1
1.5671 0.0514 -0.173648177667 0.492403876506 -0.852868531952 4.68 0.0012 crystal_1
1.5899 0.0522 -0.173648177667 0.492403876506 0.852868531952 4.68 0.0012 crystal_1
1.5978 0.0526 -0.173648177667 0.69636424032 -0.69636424032 4.68 0.0012 crystal_1
1.5976 0.0527 -0.173648177667 0.69636424032 0.69636424032 4.68 0.0012 crystal_1
1.6812 0.0651 -0.173648177667 0.852868531952 -0.492403876506 4.68 0.0645 crystal_2
1.6835 0.0651 -0.173648177667 0.852868531952 0.492403876506 4.68 0.0645 crystal_2
1.7096 0.0664 -0.173648177667 0.951251242564 -0.254887002244 4.68 0.0655 crystal_2
1.7185 0.0665 -0.173648177667 0.951251242564 0.254887002244 4.68 0.0659 crystal_2
1.748 0.0677 -0.173648177667 0.984807753012 0.0 4.68 0.067 crystal_2
1.4513 0.0477 -1.1546e-08 9.42e-09 1.0 4.68 0.0012 crystal_1
1.7315 0.0673 0.0 -1.0 0.0 4.68 0.0664 crystal_2
1.7002 0.066 0.0 -0.965925826289 -0.258819045103 4.68 0.0652 crystal_2
1.6995 0.066 0.0 -0.965925826289 0.258819045103 4.68 0.0652 crystal_2
1.6815 0.0651 0.0 -0.866025403784 -0.5 4.68 0.0645 crystal_2
1.6724 0.0649 0.0 -0.866025403784 0.5 4.68 0.0641 crystal_2
1.5946 0.0525 0.0 -0.707106781187 -0.707106781187 4.68 0.0012 crystal_1
1.6207 0.0533 0.0 -0.707106781187 0.707106781187 4.68 0.0012 crystal_1
1.5897 0.0522 0.0 -0.5 -0.866025403784 4.68 0.0012 crystal_1
1.5704 0.0516 0.0 -0.5 0.866025403784 4.68 0.0012 crystal_1
1.4678 0.0482 0.0 -0.258819045103 -0.965925826289 4.68 0.0012 crystal_1
1.4586 0.0481 0.0 -0.258819045103 0.965925826289 4.68 0.0012 crystal_1
1.4586 0.0481 0.0 0.258819045103 -0.965925826289 4.68 0.0012 crystal_1
1.4678 0.0482 0.0 0.258819045103 0.965925826289 4.68 0.0012 crystal_1
1.5704 0.0516 0.0 0.5 -0.866025403784 4.68 0.0012 crystal_1
1.5897 0.0522 0.0 0.5 0.866025403784 4.68 0.0012 crystal_1
1.6207 0.0533 0.0 0.707106781187 -0.707106781187 4.68 0.0012 crystal_1
1.5946 0.0525 0.0 0.707106781187 0.707106781187 4.68 0.0012 crystal_1
1.6724 0.0649 0.0 0.866025403784 -0.5 4.68 0.0641 crystal_2
1.6815 0.0651 0.0 0.866025403784 0.5 4.68 0.0645 crystal_2
1.6995 0.066 0.0 0.965925826289 -0.258819045103 4.68 0.0652 crystal_2
1.7002 0.066 0.0 0.965925826289 0.258819045103 4.68 0.0652 crystal_2
1.7315 0.0673 0.0 1.0 0.0 4.68 0.0664 crystal_2
1.4513 0.0477 1.1546e-08 -9.42e-09 -1.0 4.68 0.0012 crystal_1
1.748 0.0677 0.173648177667 -0.984807753012 0.0 4.68 0.067 crystal_2
1.7185 0.0665 0.173648177667 -0.951251242564 -0.254887002244 4.68 0.0659 crystal_2
1.7096 0.0664 0.173648177667 -0.951251242564 0.254887002244 4.68 0.0655 crystal_2
1.6835 0.0651 0.173648177667 -0.852868531952 -0.492403876506 4.68 0.0645 crystal_2
1.6812 0.0651 0.173648177667 -0.852868531952 0.492403876506 4.68 0.0645 crystal_2
1.5976 0.0527 0.173648177667 -0.69636424032 -0.69636424032 4.68 0.0012 crystal_1
1.5978 0.0526 0.173648177667 -0.69636424032 0.69636424032 4.68 0.0012 crystal_1
1.5899 0.0522 0.173648177667 -0.492403876506 -0.852868531952 4.68 0.0012 crystal_1
1.5671 0.0514 0.173648177667 -0.492403876506 0.852868531952 4.68 0.0012 crystal_1
1.4952 0.0491 0.173648177667 -0.254887002244 -0.951251242564 4.68 0.0012 crystal_1
1.4711 0.0485 0.173648177667 -0.254887002244 0.951251242564 4.68 0.0012 crystal_1
1.4937 0.049 0.173648177667 0.0 -0.984807753012 4.68 0.0012 crystal_1
1.4547 0.0477 0.173648177667 0.0 0.984807753012 4.68 0.0012 crystal_1
1.4893 0.049 0.173648177667 0.254887002244 -0.951251242564 4.68 0.0012 crystal_1
1.4671 0.0483 0.173648177667 0.254887002244 0.951251242564 4.68 0.0012 crystal_1
1.5894 0.0522 0.173648177667 0.492403876506 -0.852868531952 4.68 0.0012 crystal_1
1.5806 0.0519 0.173648177667 0.492403876506 0.852868531952 4.68 0.0012 crystal_1
1.6278 0.0534 0.173648177667 0.69636424032 -0.69636424032 4.68 0.0011 crystal_1
1.5672 0.0517 0.173648177667 0.69636424032 0.69636424032 4.68 0.0012 crystal_1
1.6732 0.0645 0.173648177667 0.852868531952 -0.492403876506 4.68 0.0641 crystal_2
1.6849 0.0653 0.173648177667 0.852868531952 0.492403876506 4.68 0.0646 crystal_2
1.7183 0.0665 0.173648177667 0.951251242564 -0.254887002244 4.68 0.0659 crystal_2
1.7021 0.0658 0.173648177667 0.951251242564 0.254887002244 4.68 0.0653 crystal_2
1.7465 0.0678 0.173648177667 0.984807753012 0.0 4.68 0.067 crystal_2
1.7519 0.0678 0.342020143326 -0.939692620786 0.0 4.68 0.0672 crystal_2
1.7141 0.0664 0.342020143326 -0.90767337119 -0.243210346802 4.68 0.0657 crystal_2
1.7152 0.0664 0.342020143326 -0.90767337119 0.243210346802 4.68 0.0658 crystal_2
1.6713 0.0649 0.342020143326 -0.813797681349 -0.469846310393 4.68 0.0641 crystal_2
1.6914 0.0656 0.342020143326 -0.813797681349 0.469846310393 4.68 0.0648 crystal_2
1.6264 0.0536 0.342020143326 -0.664463024389 -0.664463024389 4.68 0.0012 crystal_1
1.6221 0.0533 0.342020143326 -0.664463024389 0.664463024389 4.68 0.0011 crystal_1
1.6454 0.0541 0.342020143326 -0.469846310393 -0.813797681349 4.68 0.0012 crystal_1
1.5747 0.0519 0.342020143326 -0.469846310393 0.813797681349 4.68 0.0012 crystal_1
1.5533 0.0512 0.342020143326 -0.243210346802 -0.90767337119 4.68 0.0012 crystal_1
1.4907 0.0491 0.342020143326 -0.243210346802 0.90767337119 4.68 0.0012 crystal_1
1.547 0.0509 0.342020143326 -5.096e-09 -0.939692620786 4.68 0.0012 crystal_1
1.4749 0.0485 0.342020143326 5.096e-09 0.939692620786 4.68 0.0012 crystal_1
1.5307 0.0505 0.342020143326 0.243210346802 -0.90767337119 4.68 0.0012 crystal_1
1.4947 0.0493 0.342020143326 0.243210346802 0.90767337119 4.68 0.0012 crystal_1
1.6296 0.0536 0.342020143326 0.469846310393 -0.813797681349 4.68 0.0012 crystal_1
1.6155 0.0532 0.342020143326 0.469846310393 0.813797681349 4.68 0.0012 crystal_1
1.6347 0.054 0.342020143326 0.664463024389 -0.664463024389 4.68 0.0011 crystal_1
1.6128 0.0533 0.342020143326 0.664463024389 0.664463024389 4.68 0.0012 crystal_1
1.6751 0.0649 0.342020143326 0.813797681349 -0.469846310393 4.68 0.0642 crystal_2
1.6899 0.0653 0.342020143326 0.813797681349 0.469846310393 4.68 0.0648 crystal_2
1.714 0.0665 0.342020143326 0.90767337119 -0.243210346802 4.68 0.0657 crystal_2
1.7048 0.0661 0.342020143326 0.90767337119 0.243210346802 4.68 0.0654 crystal_2
1.7388 0.0674 0.342020143326 0.939692620786 0.0 4.68 0.0667 crystal_2
1.7627 0.0685 0.5 -0.866025403784 0.0 4.68 0.0676 crystal_2
1.73 0.0671 0.5 -0.836516303738 -0.224143868042 4.68 0.0663 crystal_2
1.7181 0.0666 0.5 -0.836516303738 0.224143868042 4.68 0.0659 crystal_2
1.7086 0.066 0.5 -0.75 -0.433012701892 4.68 0.0655 crystal_2
1.7105 0.0663 0.5 -0.75 0.433012701892 4.68 0.0656 crystal_2
1.6645 0.0547 0.5 -0.612372435696 -0.612372435696 4.68 0.0011 crystal_1
1.628 0.0537 0.5 -0.612372435696 0.612372435696 4.68 0.0011 crystal_1
1.6556 0.0543 0.5 -0.433012701892 -0.75 4.68 0.0012 crystal_1
1.6046 0.0529 0.5 -0.433012701892 0.75 4.68 0.0012 crystal_1
1.5869 0.0523 0.5 -0.224143868042 -0.836516303738 4.68 0.0012 crystal_1
1.5345 0.0505 0.5 -0.224143868042 0.836516303738 4.68 0.0012 crystal_1
1.5948 0.0524 0.5 0.0 -0.866025403784 4.68 0.0012 crystal_1
1.5354 0.0506 0.5 0.0 0.866025403784 4.68 0.0012 crystal_1
1.5859 0.0522 0.5 0.224143868042 -0.836516303738 4.68 0.0012 crystal_1
1.5215 0.0502 0.5 0.224143868042 0.836516303738 4.68 0.0012 crystal_1
1.6611 0.0546 0.5 0.433012701892 -0.75 4.68 0.0012 crystal_1
1.6436 0.0541 0.5 0.433012701892 0.75 4.68 0.0011 crystal_1
1.6729 0.0551 0.5 0.612372435696 -0.612372435696 4.68 0.0011 crystal_1
1.6308 0.0537 0.5 0.612372435696 0.612372435696 4.68 0.0011 crystal_1
1.6856 0.0654 0.5 0.75 -0.433012701892 4.68 0.0646 crystal_2
1.698 0.0657 0.5 0.75 0.433012701892 4.68 0.0651 crystal_2
1.7212 0.067 0.5 0.836516303738 -0.224143868042 4.68 0.066 crystal_2
1.6987 0.0659 0.5 0.836516303738 0.224143868042 4.68 0.0651 crystal_2
1.726 0.067 0.5 0.866025403784 0.0 4.68 0.0662 crystal_2
1.7606 0.0683 0.642787609687 -0.766044443119 0.0 4.68 0.0675 crystal_2
1.7501 0.0677 0.642787609687 -0.739942111694 -0.198266891274 4.68 0.0671 crystal_2
1.7115 0.0663 0.642787609687 -0.739942111694 0.198266891274 4.68 0.0656 crystal_2
1.712 0.0663 0.642787609687 -0.663413948169 -0.383022221559 4.68 0.0656 crystal_2
1.7302 0.067 0.642787609687 -0.663413948169 0.383022221559 4.68 0.0663 crystal_2
1.7067 0.0563 0.642787609687 -0.54167522042 -0.54167522042 4.68 0.0011 crystal_1
1.7695 0.0583 0.642787609687 -0.54167522042 0.54167522042 4.68 0.0011 crystal_1
1.6971 0.0558 0.642787609687 -0.383022221559 -0.663413948169 4.68 0.0011 crystal_1
1.6464 0.0542 0.642787609687 -0.383022221559 0.663413948169 4.68 0.0011 crystal_1
1.652 0.0543 0.642787609687 -0.198266891274 -0.739942111694 4.68 0.0011 crystal_1
1.6481 0.0543 0.642787609687 -0.198266891274 0.739942111694 4.68 0.0011 crystal_1
1.6592 0.0544 0.642787609687 -9.578e-09 -0.766044443119 4.68 0.0011 crystal_1
1.6505 0.0543 0.642787609687 0.0 0.766044443119 4.68 0.0011 crystal_1
1.6497 0.0543 0.642787609687 0.198266891274 -0.739942111694 4.68 0.0012 crystal_1
1.611 0.0529 0.642787609687 0.198266891274 0.739942111694 4.68 0.0012 crystal_1
1.6969 0.0558 0.642787609687 0.383022221559 -0.663413948169 4.68 0.0011 crystal_1
1.6467 0.0544 0.642787609687 0.383022221559 0.663413948169 4.68 0.0011 crystal_1
1.7224 0.0566 0.642787609687 0.54167522042 -0.54167522042 4.68 0.0011 crystal_1
1.7306 0.0569 0.642787609687 0.54167522042 0.54167522042 4.68 0.0011 crystal_1
1.7065 0.0662 0.642787609687 0.663413948169 -0.383022221559 4.68 0.0654 crystal_2
1.6985 0.0658 0.642787609687 0.663413948169 0.383022221559 4.68 0.0651 crystal_2
1.7723 0.0686 0.642787609687 0.739942111694 -0.198266891274 4.68 0.0679 crystal_2
1.753 0.068 0.642787609687 0.739942111694 0.198266891274 4.68 0.0672 crystal_2
1.7801 0.0691 0.642787609687 0.766044443119 0.0 4.68 0.0682 crystal_2
1.7772 0.0688 0.766044443119 -0.642787609687 0.0 4.68 0.0681 crystal_2
1.7622 0.0683 0.766044443119 -0.620885153015 -0.166365675343 4.68 0.0676 crystal_2
1.7553 0.068 0.766044443119 -0.620885153015 0.166365675343 4.68 0.0673 crystal_2
1.7355 0.0672 0.766044443119 -0.556670399226 -0.321393804843 4.68 0.0665 crystal_2
1.7511 0.0678 0.766044443119 -0.556670399226 0.321393804843 4.68 0.0671 crystal_2
1.7413 0.0572 0.766044443119 -0.454519477672 -0.454519477672 4.68 0.0011 crystal_1
1.7863 0.0587 0.766044443119 -0.454519477672 0.454519477672 4.68 0.0011 crystal_1
1.7427 0.0571 0.766044443119 -0.321393804843 -0.556670399226 4.68 0.0011 crystal_1
1.6743 0.0552 0.766044443119 -0.321393804843 0.556670399226 4.68 0.0011 crystal_1
1.6993 0.0559 0.766044443119 -0.166365675343 -0.620885153015 4.68 0.0011 crystal_1
1.7076 0.0562 0.766044443119 -0.166365675343 0.620885153015 4.68 0.0011 crystal_1
1.7044 0.0559 0.766044443119 0.0 -0.642787609687 4.68 0.0011 crystal_1
1.7169 0.0566 0.766044443119 0.0 0.642787609687 4.68 0.0011 crystal_1
1.7008 0.0559 0.766044443119 0.166365675343 -0.620885153015 4.68 0.0011 crystal_1
1.6785 0.0551 0.766044443119 0.166365675343 0.620885153015 4.68 0.0011 crystal_1
1.7341 0.057 0.766044443119 0.321393804843 -0.556670399226 4.68 0.0011 crystal_1
1.6765 0.0554 0.766044443119 0.321393804843 0.556670399226 4.68 0.0011 crystal_1
1.7572 0.0577 0.766044443119 0.454519477672 -0.454519477672 4.68 0.0011 crystal_1
1.7927 0.0588 0.766044443119 0.454519477672 0.454519477672 4.68 0.0011 crystal_1
1.7081 0.0662 0.766044443119 0.556670399226 -0.321393804843 4.68 0.0655 crystal_2
1.7423 0.0674 0.766044443119 0.556670399226 0.321393804843 4.68 0.0668 crystal_2
1.7667 0.0684 0.766044443119 0.620885153015 -0.166365675343 4.68 0.0677 crystal_2
1.7603 0.0682 0.766044443119 0.620885153015 0.166365675343 4.68 0.0675 crystal_2
1.795 0.0698 0.766044443119 0.642787609687 0.0 4.68 0.0688 crystal_2
1.785 0.0693 0.866025403784 -0.5 0.0 4.68 0.0684 crystal_2
1.7657 0.0684 0.866025403784 -0.482962913145 -0.129409522551 4.68 0.0677 crystal_2
1.7612 0.0681 0.866025403784 -0.482962913145 0.129409522551 4.68 0.0675 crystal_2
1.7483 0.0676 0.866025403784 -0.433012701892 -0.25 4.68 0.067 crystal_2
1.7737 0.0689 0.866025403784 -0.433012701892 0.25 4.68 0.068 crystal_2
1.7794 0.0585 0.866025403784 -0.353553390593 -0.353553390593 4.68 0.0011 crystal_1
1.8334 0.0602 0.866025403784 -0.353553390593 0.353553390593 4.68 0.001 crystal_1
1.8061 0.0594 0.866025403784 -0.25 -0.433012701892 4.68 0.0011 crystal_1
1.7548 0.0577 0.866025403784 -0.25 0.433012701892 4.68 0.0011 crystal_1
1.7787 0.0584 0.866025403784 -0.129409522551 -0.482962913145 4.68 0.0011 crystal_1
1.7668 0.0582 0.866025403784 -0.129409522551 0.482962913145 4.68 0.0011 crystal_1
1.7763 0.0582 0.866025403784 0.0 -0.5 4.68 0.0011 crystal_1
1.7684 0.0583 0.866025403784 0.0 0.5 4.68 0.0011 crystal_1
1.7802 0.0584 0.866025403784 0.129409522551 -0.482962913145 4.68 0.0011 crystal_1
1.7467 0.0574 0.866025403784 0.129409522551 0.482962913145 4.68 0.0011 crystal_1
1.7943 0.0589 0.866025403784 0.25 -0.433012701892 4.68 0.0011 crystal_1
1.7437 0.0573 0.866025403784 0.25 0.433012701892 4.68 0.0011 crystal_1
1.8039 0.0592 0.866025403784 0.353553390593 -0.353553390593 4.68 0.0011 crystal_1
1.8009 0.0592 0.866025403784 0.353553390593 0.353553390593 4.68 0.0011 crystal_1
1.7566 0.0682 0.866025403784 0.433012701892 -0.25 4.68 0.0673 crystal_2
1.7657 0.0686 0.866025403784 0.433012701892 0.25 4.68 0.0677 crystal_2
1.7835 0.0691 0.866025403784 0.482962913145 -0.129409522551 4.68 0.0684 crystal_2
1.7938 0.0696 0.866025403784 0.482962913145 0.129409522551 4.68 0.0688 crystal_2
1.807 0.0701 0.866025403784 0.5 0.0 4.68 0.0693 crystal_2
1.8096 0.07 0.939692620786 -0.342020143326 0.0 4.68 0.0694 crystal_2
1.7753 0.0688 0.939692620786 -0.330366089549 -0.088521326901 4.68 0.0681 crystal_2
1.7965 0.0696 0.939692620786 -0.330366089549 0.088521326901 4.68 0.0689 crystal_2
1.7778 0.0689 0.939692620786 -0.296198132726 -0.171010071663 4.68 0.0682 crystal_2
1.786 0.0692 0.939692620786 -0.296198132726 0.171010071663 4.68 0.0685 crystal_2
1.8072 0.0595 0.939692620786 -0.241844762648 -0.241844762648 4.68 0.0011 crystal_1
1.8747 0.0616 0.939692620786 -0.241844762648 0.241844762648 4.68 0.001 crystal_1
1.8543 0.0608 0.939692620786 -0.171010071663 -0.296198132726 4.68 0.0011 crystal_1
1.8118 0.0597 0.939692620786 -0.171010071663 0.296198132726 4.68 0.0011 crystal_1
1.8269 0.0599 0.939692620786 -0.088521326901 -0.330366089549 4.68 0.0011 crystal_1
1.8238 0.0599 0.939692620786 -0.088521326901 0.330366089549 4.68 0.001 crystal_1
1.8473 0.0607 0.939692620786 0.0 -0.342020143326 4.68 0.001 crystal_1
1.8383 0.0604 0.939692620786 0.0 0.342020143326 4.68 0.001 crystal_1
1.825 0.0598 0.939692620786 0.088521326901 -0.330366089549 4.68 0.0011 crystal_1
1.7993 0.0592 0.939692620786 0.088521326901 0.330366089549 4.68 0.0011 crystal_1
1.8289 0.0603 0.939692620786 0.171010071663 -0.296198132726 4.68 0.0011 crystal_1
1.8029 0.0594 0.939692620786 0.171010071663 0.296198132726 4.68 0.0011 crystal_1
1.8742 0.0616 0.939692620786 0.241844762648 -0.241844762648 4.68 0.001 crystal_1
1.8517 0.061 0.939692620786 0.241844762648 0.241844762648 4.68 0.001 crystal_1
1.7606 0.0683 0.939692620786 0.296198132726 -0.171010071663 4.68 0.0675 crystal_2
1.7978 0.0696 0.939692620786 0.296198132726 0.171010071663 4.68 0.0689 crystal_2
1.798 0.0697 0.939692620786 0.330366089549 -0.088521326901 4.68 0.0689 crystal_2
1.7656 0.0686 0.939692620786 0.330366089549 0.088521326901 4.68 0.0677 crystal_2
1.8007 0.07 0.939692620786 0.342020143326 0.0 4.68 0.069 crystal_2
1.8264 0.0708 0.984807753012 -0.173648177667 0.0 4.68 0.07 crystal_2
1.8028 0.0699 0.984807753012 -0.167731259497 -0.044943455528 4.68 0.0691 crystal_2
1.819 0.0704 0.984807753012 -0.167731259497 0.044943455528 4.68 0.0697 crystal_2
1.7818 0.069 0.984807753012 -0.15038373318 -0.086824088833 4.68 0.0683 crystal_2
1.799 0.0697 0.984807753012 -0.15038373318 0.086824088833 4.68 0.069 crystal_2
1.8439 0.0605 0.984807753012 -0.122787803969 -0.122787803969 4.68 0.001 crystal_1
1.902 0.0625 0.984807753012 -0.122787803969 0.122787803969 4.68 0.001 crystal_1
1.8711 0.0615 0.984807753012 -0.086824088833 -0.15038373318 4.68 0.001 crystal_1
1.8535 0.0612 0.984807753012 -0.086824088833 0.15038373318 4.68 0.001 crystal_1
1.8502 0.061 0.984807753012 -0.044943455528 -0.167731259497 4.68 0.001 crystal_1
1.8534 0.0611 0.984807753012 -0.044943455528 0.167731259497 4.68 0.001 crystal_1
1.8873 0.0619 0.984807753012 0.0 -0.173648177667 4.68 0.001 crystal_1
1.8583 0.061 0.984807753012 0.0 0.173648177667 4.68 0.001 crystal_1
1.8682 0.0615 0.984807753012 0.044943455528 -0.167731259497 4.68 0.001 crystal_1
1.8506 0.0609 0.984807753012 0.044943455528 0.167731259497 4.68 0.001 crystal_1
1.8442 0.0607 0.984807753012 0.086824088833 -0.15038373318 4.68 0.001 crystal_1
1.8196 0.0597 0.984807753012 0.086824088833 0.15038373318 4.68 0.001 crystal_1
1.8853 0.0618 0.984807753012 0.122787803969 -0.122787803969 4.68 0.001 crystal_1
1.876 0.0615 0.984807753012 0.122787803969 0.122787803969 4.68 0.001 crystal_1
1.8031 0.0698 0.984807753012 0.15038373318 -0.086824088833 4.68 0.0691 crystal_2
1.8007 0.0697 0.984807753012 0.15038373318 0.086824088833 4.68 0.069 crystal_2
1.8287 0.0708 0.984807753012 0.167731259497 -0.044943455528 4.68 0.0701 crystal_2
1.7913 0.0694 0.984807753012 0.167731259497 0.044943455528 4.68 0.0687 crystal_2
1.8364 0.0712 0.984807753012 0.173648177667 0.0 4.68 0.0704 crystal_2
1.9067 0.0625 1.0 0.0 0.0 4.68 0.001 crystal_1
