0.102 0.002 -1.0 0.0 0.0 0.57 0.0067 crystal_1
0.0999 0.0026 -0.984807753012 -0.173648177667 0.0 0.57 0.0077 crystal_2
0.099 0.0026 -0.984807753012 -0.167731259497 -0.044943455528 0.57 0.0078 crystal_2
0.098 0.0026 -0.984807753012 -0.167731259497 0.044943455528 0.57 0.0079 crystal_2
0.0984 0.0027 -0.984807753012 -0.15038373318 -0.086824088833 0.57 0.0078 crystal_2
0.104 0.0027 -0.984807753012 -0.15038373318 0.086824088833 0.57 0.0075 crystal_2
0.1007 0.0021 -0.984807753012 -0.122787803969 -0.122787803969 0.57 0.0068 crystal_1
0.1009 0.0022 -0.984807753012 -0.122787803969 0.122787803969 0.57 0.0068 crystal_1
0.1017 0.002 -0.984807753012 -0.086824088833 -0.15038373318 0.57 0.0067 crystal_1
0.1008 0.002 -0.984807753012 -0.086824088833 0.15038373318 0.57 0.0067 crystal_1
0.0991 0.002 -0.984807753012 -0.044943455528 -0.167731259497 0.57 0.007 crystal_1
0.1007 0.002 -0.984807753012 -0.044943455528 0.167731259497 0.57 0.0068 crystal_1
0.1012 0.002 -0.984807753012 0.0 0.173648177667 0.57 0.0067 crystal_1
0.0977 0.0019 -0.984807753012 1.4675e-08 -0.173648177667 0.57 0.007 crystal_1
0.1027 0.002 -0.984807753012 0.044943455528 -0.167731259497 0.57 0.0066 crystal_1
0.1006 0.0019 -0.984807753012 0.044943455528 0.167731259497 0.57 0.0068 crystal_1
0.1028 0.0021 -0.984807753012 0.086824088833 -0.15038373318 0.57 0.0067 crystal_1
0.1 0.002 -0.984807753012 0.086824088833 0.15038373318 0.57 0.0069 crystal_1
0.1021 0.002 -0.984807753012 0.122787803969 -0.122787803969 0.57 0.0067 crystal_1
0.0998 0.0022 -0.984807753012 0.122787803969 0.122787803969 0.57 0.0069 crystal_1
0.0999 0.0027 -0.984807753012 0.15038373318 -0.086824088833 0.57 0.0078 crystal_2
0.1023 0.0028 -0.984807753012 0.15038373318 0.086824088833 0.57 0.0076 crystal_2
0.1004 0.0027 -0.984807753012 0.167731259497 -0.044943455528 0.57 0.0077 crystal_2
0.0983 0.0026 -0.984807753012 0.167731259497 0.044943455528 0.57 0.0079 crystal_2
0.0993 0.0027 -0.984807753012 0.173648177667 0.0 0.57 0.0078 crystal_2
0.0956 0.0025 -0.939692620786 -0.342020143326 0.0 0.57 0.008 crystal_2
0.098 0.0026 -0.939692620786 -0.330366089549 -0.088521326901 0.57 0.0079 crystal_2
0.1019 0.0026 -0.939692620786 -0.330366089549 0.088521326901 0.57 0.0076 crystal_2
0.0976 0.0026 -0.939692620786 -0.296198132726 -0.171010071663 0.57 0.0079 crystal_2
0.1007 0.0027 -0.939692620786 -0.296198132726 0.171010071663 0.57 0.0077 crystal_2
0.0996 0.0021 -0.939692620786 -0.241844762648 -0.241844762648 0.57 0.0069 crystal_1
0.0997 0.002 -0.939692620786 -0.241844762648 0.241844762648 0.57 0.0068 crystal_1
0.0962 0.0021 -0.939692620786 -0.171010071663 -0.296198132726 0.57 0.0072 crystal_1
0.0979 0.002 -0.939692620786 -0.171010071663 0.296198132726 0.57 0.007 crystal_1
0.0982 0.002 -0.939692620786 -0.088521326901 -0.330366089549 0.57 0.007 crystal_1
0.1009 0.002 -0.939692620786 -0.088521326901 0.330366089549 0.57 0.0068 crystal_1
0.0977 0.0019 -0.939692620786 0.0 -0.342020143326 0.57 0.0071 crystal_1
0.1011 0.002 -0.939692620786 0.0 0.342020143326 0.57 0.0067 crystal_1
0.1006 0.002 -0.939692620786 0.088521326901 -0.330366089549 0.57 0.0068 crystal_1
0.0991 0.0019 -0.939692620786 0.088521326901 0.330366089549 0.57 0.007 crystal_1
0.0984 0.002 -0.939692620786 0.171010071663 -0.296198132726 0.57 0.007 crystal_1
0.0981 0.0021 -0.939692620786 0.171010071663 0.296198132726 0.57 0.0071 crystal_1
0.1014 0.0021 -0.939692620786 0.241844762648 -0.241844762648 0.57 0.0067 crystal_1
0.0984 0.002 -0.939692620786 0.241844762648 0.241844762648 0.57 0.007 crystal_1
0.1009 0.0027 -0.939692620786 0.296198132726 -0.171010071663 0.57 0.0076 crystal_2
0.099 0.0026 -0.939692620786 0.296198132726 0.171010071663 0.57 0.0078 crystal_2
0.0995 0.0027 -0.939692620786 0.330366089549 -0.088521326901 0.57 0.0078 crystal_2
0.1007 0.0027 -0.939692620786 0.330366089549 0.088521326901 0.57 0.0076 crystal_2
0.0992 0.0026 -0.939692620786 0.342020143326 0.0 0.57 0.0078 crystal_2
0.1002 0.0027 -0.866025403784 -0.5 0.0 0.57 0.0077 crystal_2
0.0994 0.0027 -0.866025403784 -0.482962913145 -0.129409522551 0.57 0.0078 crystal_2
0.1002 0.0026 -0.866025403784 -0.482962913145 0.129409522551 0.57 0.0077 crystal_2
0.0986 0.0026 -0.866025403784 -0.433012701892 -0.25 0.57 0.0078 crystal_2
0.1045 0.0027 -0.866025403784 -0.433012701892 0.25 0.57 0.0075 crystal_2
0.0966 0.002 -0.866025403784 -0.353553390593 -0.353553390593 0.57 0.0072 crystal_1
0.0953 0.002 -0.866025403784 -0.353553390593 0.353553390593 0.57 0.0073 crystal_1
0.0968 0.0019 -0.866025403784 -0.25 -0.433012701892 0.57 0.0071 crystal_1
0.0952 0.0021 -0.866025403784 -0.25 0.433012701892 0.57 0.0073 crystal_1
0.0929 0.0019 -0.866025403784 -0.129409522551 -0.482962913145 0.57 0.0075 crystal_1
0.0975 0.0021 -0.866025403784 -0.129409522551 0.482962913145 0.57 0.0071 crystal_1
0.0943 0.0021 -0.866025403784 0.0 0.5 0.57 0.0073 crystal_1
0.096 0.002 -0.866025403784 1.2905e-08 -0.5 0.57 0.0072 crystal_1
0.0983 0.0021 -0.866025403784 0.129409522551 -0.482962913145 0.57 0.007 crystal_1
0.0942 0.0019 -0.866025403784 0.129409522551 0.482962913145 0.57 0.0074 crystal_1
0.0978 0.0021 -0.866025403784 0.25 -0.433012701892 0.57 0.007 crystal_1
0.1003 0.002 -0.866025403784 0.25 0.433012701892 0.57 0.0068 crystal_1
0.1025 0.0022 -0.866025403784 0.353553390593 -0.353553390593 0.57 0.0066 crystal_1
0.0998 0.002 -0.866025403784 0.353553390593 0.353553390593 0.57 0.0069 crystal_1
0.0966 0.0026 -0.866025403784 0.433012701892 -0.25 0.57 0.008 crystal_2
0.0974 0.0026 -0.866025403784 0.433012701892 0.25 0.57 0.0079 crystal_2
0.0986 0.0027 -0.866025403784 0.482962913145 -0.129409522551 0.57 0.0078 crystal_2
0.0993 0.0027 -0.866025403784 0.482962913145 0.129409522551 0.57 0.0078 crystal_2
0.0983 0.0025 -0.866025403784 0.5 0.0 0.57 0.0078 crystal_2
0.0974 0.0025 -0.766044443119 -0.642787609687 0.0 0.57 0.0078 crystal_2
0.1009 0.0027 -0.766044443119 -0.620885153015 -0.166365675343 0.57 0.0076 crystal_2
0.101 0.0026 -0.766044443119 -0.620885153015 0.166365675343 0.57 0.0077 crystal_2
0.0962 0.0026 -0.766044443119 -0.556670399226 -0.321393804843 0.57 0.008 crystal_2
0.1003 0.0027 -0.766044443119 -0.556670399226 0.321393804843 0.57 0.0077 crystal_2
0.0978 0.0019 -0.766044443119 -0.454519477672 -0.454519477672 0.57 0.007 crystal_1
0.0976 0.002 -0.766044443119 -0.321393804843 -0.556670399226 0.57 0.007 crystal_1
0.0901 0.002 -0.766044443119 -0.166365675343 -0.620885153015 0.57 0.0077 crystal_1
0.0899 0.0018 -0.766044443119 0.0 -0.642787609687 0.57 0.0077 crystal_1
0.0921 0.0018 -0.766044443119 0.166365675343 -0.620885153015 0.57 0.0075 crystal_1
0.096 0.0021 -0.766044443119 0.321393804843 -0.556670399226 0.57 0.0072 crystal_1
0.0999 0.002 -0.766044443119 0.454519477672 -0.454519477672 0.57 0.0068 crystal_1
0.0977 0.0026 -0.642787609687 -0.766044443119 0.0 0.57 0.0078 crystal_2
0.0981 0.0026 -0.642787609687 -0.739942111694 -0.198266891274 0.57 0.0078 crystal_2
0.1027 0.0028 -0.642787609687 -0.739942111694 0.198266891274 0.57 0.0075 crystal_2
0.0986 0.0026 -0.642787609687 -0.663413948169 -0.383022221559 0.57 0.0077 crystal_2
0.0986 0.0027 -0.642787609687 -0.663413948169 0.383022221559 0.57 0.0078 crystal_2
0.0961 0.0021 -0.642787609687 -0.54167522042 -0.54167522042 0.57 0.0071 crystal_1
0.0904 0.0019 -0.642787609687 -0.54167522042 0.54167522042 0.57 0.0076 crystal_1
0.0928 0.002 -0.642787609687 -0.383022221559 -0.663413948169 0.57 0.0074 crystal_1
0.092 0.0019 -0.642787609687 -0.383022221559 0.663413948169 0.57 0.0075 crystal_1
0.0874 0.0018 -0.642787609687 -0.198266891274 -0.739942111694 0.57 0.008 crystal_1
0.0913 0.0019 -0.642787609687 -0.198266891274 0.739942111694 0.57 0.0076 crystal_1
0.0857 0.0019 -0.642787609687 0.0 -0.766044443119 0.57 0.0082 crystal_1
0.089 0.002 -0.642787609687 9.578e-09 0.766044443119 0.57 0.0078 crystal_1
0.0908 0.0019 -0.642787609687 0.198266891274 -0.739942111694 0.57 0.0076 crystal_1
0.0902 0.0018 -0.642787609687 0.198266891274 0.739942111694 0.57 0.0077 crystal_1
0.0914 0.002 -0.642787609687 0.383022221559 -0.663413948169 0.57 0.0075 crystal_1
0.0911 0.0019 -0.642787609687 0.383022221559 0.663413948169 0.57 0.0076 crystal_1
0.0968 0.002 -0.642787609687 0.54167522042 -0.54167522042 0.57 0.0071 crystal_1
0.0929 0.002 -0.642787609687 0.54167522042 0.54167522042 0.57 0.0073 crystal_1
0.0944 0.0025 -0.642787609687 0.663413948169 -0.383022221559 0.57 0.0081 crystal_2
0.0963 0.0025 -0.642787609687 0.663413948169 0.383022221559 0.57 0.0079 crystal_2
0.0971 0.0026 -0.642787609687 0.739942111694 -0.198266891274 0.57 0.0079 crystal_2
0.0993 0.0026 -0.642787609687 0.739942111694 0.198266891274 0.57 0.0077 crystal_2
0.0972 0.0026 -0.642787609687 0.766044443119 0.0 0.57 0.0078 crystal_2
0.0978 0.0027 -0.342020143326 -0.939692620786 0.0 0.57 0.0078 crystal_2
0.0953 0.0026 -0.342020143326 -0.90767337119 -0.243210346802 0.57 0.0079 crystal_2
0.0971 0.0027 -0.342020143326 -0.90767337119 0.243210346802 0.57 0.0078 crystal_2
0.0933 0.0025 -0.342020143326 -0.813797681349 -0.469846310393 0.57 0.0081 crystal_2
0.0931 0.0027 -0.342020143326 -0.813797681349 0.469846310393 0.57 0.0081 crystal_2
0.0882 0.0018 -0.342020143326 -0.664463024389 -0.664463024389 0.57 0.0078 crystal_1
0.0894 0.0019 -0.342020143326 -0.664463024389 0.664463024389 0.57 0.0077 crystal_1
0.0847 0.0018 -0.342020143326 -0.469846310393 -0.813797681349 0.57 0.0081 crystal_1
0.0862 0.0018 -0.342020143326 -0.469846310393 0.813797681349 0.57 0.008 crystal_1
0.0805 0.0017 -0.342020143326 -0.243210346802 -0.90767337119 0.57 0.0086 crystal_1
0.0843 0.0017 -0.342020143326 -0.243210346802 0.90767337119 0.57 0.0082 crystal_1
0.0812 0.0018 -0.342020143326 -0.0 -0.939692620786 0.57 0.0086 crystal_1
0.0824 0.0017 -0.342020143326 0.0 0.939692620786 0.57 0.0085 crystal_1
0.0801 0.0018 -0.342020143326 0.243210346802 -0.90767337119 0.57 0.0086 crystal_1
0.085 0.0017 -0.342020143326 0.243210346802 0.90767337119 0.57 0.0081 crystal_1
0.0841 0.0019 -0.342020143326 0.469846310393 -0.813797681349 0.57 0.0082 crystal_1
0.0886 0.0018 -0.342020143326 0.469846310393 0.813797681349 0.57 0.0077 crystal_1
0.0879 0.0019 -0.342020143326 0.664463024389 -0.664463024389 0.57 0.0078 crystal_1
0.0876 0.002 -0.342020143326 0.664463024389 0.664463024389 0.57 0.0079 crystal_1
0.0942 0.0026 -0.342020143326 0.813797681349 -0.469846310393 0.57 0.008 crystal_2
0.0951 0.0025 -0.342020143326 0.813797681349 0.469846310393 0.57 0.008 crystal_2
0.0965 0.0026 -0.342020143326 0.90767337119 -0.243210346802 0.57 0.0079 crystal_2
0.0962 0.0026 -0.342020143326 0.90767337119 0.243210346802 0.57 0.0079 crystal_2
0.1001 0.0026 -0.342020143326 0.939692620786 0.0 0.57 0.0077 crystal_2
0.0989 0.0026 0.0 -1.0 0.0 0.57 0.0077 crystal_2
0.099 0.0026 0.0 -0.965925826289 -0.258819045103 0.57 0.0076 crystal_2
0.0982 0.0025 0.0 -0.965925826289 0.258819045103 0.57 0.0077 crystal_2
0.0931 0.0026 0.0 -0.866025403784 -0.5 0.57 0.0081 crystal_2
0.0946 0.0025 0.0 -0.866025403784 0.5 0.57 0.008 crystal_2
0.0865 0.0018 0.0 -0.707106781187 -0.707106781187 0.57 0.0079 crystal_1
0.087 0.0019 0.0 -0.707106781187 0.707106781187 0.57 0.0079 crystal_1
0.0826 0.0019 0.0 -0.5 -0.866025403784 0.57 0.0084 crystal_1
0.0827 0.0017 0.0 -0.5 0.866025403784 0.57 0.0084 crystal_1
0.0804 0.0017 0.0 -0.258819045103 -0.965925826289 0.57 0.0087 crystal_1
0.0811 0.0017 0.0 -0.258819045103 0.965925826289 0.57 0.0086 crystal_1
0.0813 0.0017 0.0 0.0 -1.0 0.57 0.0086 crystal_1
0.0813 0.0017 -0.0 0.0 1.0 0.57 0.0086 crystal_1
0.0811 0.0017 0.0 0.258819045103 -0.965925826289 0.57 0.0086 crystal_1
0.0804 0.0017 0.0 0.258819045103 0.965925826289 0.57 0.0087 crystal_1
0.0827 0.0017 0.0 0.5 -0.866025403784 0.57 0.0084 crystal_1
0.0826 0.0019 0.0 0.5 0.866025403784 0.57 0.0084 crystal_1
0.087 0.0019 0.0 0.707106781187 -0.707106781187 0.57 0.0079 crystal_1
0.0865 0.0018 0.0 0.707106781187 0.707106781187 0.57 0.0079 crystal_1
0.0946 0.0025 0.0 0.866025403784 -0.5 0.57 0.008 crystal_2
0.0931 0.0026 0.0 0.866025403784 0.5 0.57 0.0081 crystal_2
0.0982 0.0025 0.0 0.965925826289 -0.258819045103 0.57 0.0077 crystal_2
0.099 0.0026 0.0 0.965925826289 0.258819045103 0.57 0.0076 crystal_2
0.0989 0.0026 0.0 1.0 0.0 0.57 0.0077 crystal_2
0.1001 0.0026 0.342020143326 -0.939692620786 0.0 0.57 0.0077 crystal_2
0.0962 0.0026 0.342020143326 -0.90767337119 -0.243210346802 0.57 0.0079 crystal_2
0.0965 0.0026 0.342020143326 -0.90767337119 0.243210346802 0.57 0.0079 crystal_2
0.0951 0.0025 0.342020143326 -0.813797681349 -0.469846310393 0.57 0.008 crystal_2
0.0942 0.0026 0.342020143326 -0.813797681349 0.469846310393 0.57 0.008 crystal_2
0.0876 0.002 0.342020143326 -0.664463024389 -0.664463024389 0.57 0.0079 crystal_1
0.095 0.0019 0.342020143326 -0.664463024389 0.664463024389 0.57 0.0071 crystal_1
0.0886 0.0018 0.342020143326 -0.469846310393 -0.813797681349 0.57 0.0077 crystal_1
0.0891 0.0018 0.342020143326 -0.469846310393 0.813797681349 0.57 0.0076 crystal_1
0.085 0.0017 0.342020143326 -0.243210346802 -0.90767337119 0.57 0.0081 crystal_1
0.0856 0.0018 0.342020143326 -0.243210346802 0.90767337119 0.57 0.0081 crystal_1
0.0824 0.0017 0.342020143326 0.0 -0.939692620786 0.57 0.0085 crystal_1
0.0819 0.0017 0.342020143326 0.0 0.939692620786 0.57 0.0084 crystal_1
0.0843 0.0017 0.342020143326 0.243210346802 -0.90767337119 0.57 0.0082 crystal_1
0.0842 0.0017 0.342020143326 0.243210346802 0.90767337119 0.57 0.0081 crystal_1
0.0862 0.0018 0.342020143326 0.469846310393 -0.813797681349 0.57 0.008 crystal_1
0.0898 0.0018 0.342020143326 0.469846310393 0.813797681349 0.57 0.0076 crystal_1
0.0894 0.0019 0.342020143326 0.664463024389 -0.664463024389 0.57 0.0077 crystal_1
0.0938 0.0019 0.342020143326 0.664463024389 0.664463024389 0.57 0.0072 crystal_1
0.0962 0.0027 0.342020143326 0.813797681349 -0.469846310393 0.57 0.0079 crystal_2
0.0961 0.0026 0.342020143326 0.813797681349 0.469846310393 0.57 0.0078 crystal_2
0.0998 0.0026 0.342020143326 0.90767337119 -0.243210346802 0.57 0.0076 crystal_2
0.0972 0.0026 0.342020143326 0.90767337119 0.243210346802 0.57 0.0079 crystal_2
0.0985 0.0027 0.342020143326 0.939692620786 0.0 0.57 0.0078 crystal_2
0.0972 0.0026 0.642787609687 -0.766044443119 0.0 0.57 0.0078 crystal_2
0.0993 0.0026 0.642787609687 -0.739942111694 -0.198266891274 0.57 0.0077 crystal_2
0.0971 0.0026 0.642787609687 -0.739942111694 0.198266891274 0.57 0.0079 crystal_2
0.0963 0.0025 0.642787609687 -0.663413948169 -0.383022221559 0.57 0.0079 crystal_2
0.0944 0.0025 0.642787609687 -0.663413948169 0.383022221559 0.57 0.0081 crystal_2
0.0929 0.002 0.642787609687 -0.54167522042 -0.54167522042 0.57 0.0073 crystal_1
0.0968 0.002 0.642787609687 -0.54167522042 0.54167522042 0.57 0.0071 crystal_1
0.0911 0.0019 0.642787609687 -0.383022221559 -0.663413948169 0.57 0.0076 crystal_1
0.0914 0.002 0.642787609687 -0.383022221559 0.663413948169 0.57 0.0075 crystal_1
0.0902 0.0018 0.642787609687 -0.198266891274 -0.739942111694 0.57 0.0077 crystal_1
0.0908 0.0019 0.642787609687 -0.198266891274 0.739942111694 0.57 0.0076 crystal_1
0.089 0.002 0.642787609687 -9.578e-09 -0.766044443119 0.57 0.0078 crystal_1
0.0857 0.0019 0.642787609687 0.0 0.766044443119 0.57 0.0082 crystal_1
0.0913 0.0019 0.642787609687 0.198266891274 -0.739942111694 0.57 0.0076 crystal_1
0.0874 0.0018 0.642787609687 0.198266891274 0.739942111694 0.57 0.008 crystal_1
0.092 0.0019 0.642787609687 0.383022221559 -0.663413948169 0.57 0.0075 crystal_1
0.0928 0.002 0.642787609687 0.383022221559 0.663413948169 0.57 0.0074 crystal_1
0.0904 0.0019 0.642787609687 0.54167522042 -0.54167522042 0.57 0.0076 crystal_1
0.0961 0.0021 0.642787609687 0.54167522042 0.54167522042 0.57 0.0071 crystal_1
0.0986 0.0027 0.642787609687 0.663413948169 -0.383022221559 0.57 0.0078 crystal_2
0.0986 0.0026 0.642787609687 0.663413948169 0.383022221559 0.57 0.0077 crystal_2
0.1027 0.0028 0.642787609687 0.739942111694 -0.198266891274 0.57 0.0075 crystal_2
0.0981 0.0026 0.642787609687 0.739942111694 0.198266891274 0.57 0.0078 crystal_2
0.0977 0.0026 0.642787609687 0.766044443119 0.0 0.57 0.0078 crystal_2
0.0999 0.002 0.766044443119 -0.454519477672 0.454519477672 0.57 0.0068 crystal_1
0.096 0.0021 0.766044443119 -0.321393804843 0.556670399226 0.57 0.0072 crystal_1
0.0921 0.0018 0.766044443119 -0.166365675343 0.620885153015 0.57 0.0075 crystal_1
0.0899 0.0018 0.766044443119 0.0 0.642787609687 0.57 0.0077 crystal_1
0.0901 0.002 0.766044443119 0.166365675343 0.620885153015 0.57 0.0077 crystal_1
0.0976 0.002 0.766044443119 0.321393804843 0.556670399226 0.57 0.007 crystal_1
0.0978 0.0019 0.766044443119 0.454519477672 0.454519477672 0.57 0.007 crystal_1
0.1003 0.0027 0.766044443119 0.556670399226 -0.321393804843 0.57 0.0077 crystal_2
0.0962 0.0026 0.766044443119 0.556670399226 0.321393804843 0.57 0.008 crystal_2
0.101 0.0026 0.766044443119 0.620885153015 -0.166365675343 0.57 0.0077 crystal_2
0.1009 0.0027 0.766044443119 0.620885153015 0.166365675343 0.57 0.0076 crystal_2
0.0974 0.0025 0.766044443119 0.642787609687 0.0 0.57 0.0078 crystal_2
0.0983 0.0025 0.866025403784 -0.5 0.0 0.57 0.0078 crystal_2
0.0993 0.0027 0.866025403784 -0.482962913145 -0.129409522551 0.57 0.0078 crystal_2
0.0986 0.0027 0.866025403784 -0.482962913145 0.129409522551 0.57 0.0078 crystal_2
0.0974 0.0026 0.866025403784 -0.433012701892 -0.25 0.57 0.0079 crystal_2
0.0966 0.0026 0.866025403784 -0.433012701892 0.25 0.57 0.008 crystal_2
0.0998 0.002 0.866025403784 -0.353553390593 -0.353553390593 0.57 0.0069 crystal_1
0.1025 0.0022 0.866025403784 -0.353553390593 0.353553390593 0.57 0.0066 crystal_1
0.1003 0.002 0.866025403784 -0.25 -0.433012701892 0.57 0.0068 crystal_1
0.0978 0.0021 0.866025403784 -0.25 0.433012701892 0.57 0.007 crystal_1
0.0942 0.0019 0.866025403784 -0.129409522551 -0.482962913145 0.57 0.0074 crystal_1
0.0983 0.0021 0.866025403784 -0.129409522551 0.482962913145 0.57 0.007 crystal_1
0.096 0.002 0.866025403784 -1.2905e-08 0.5 0.57 0.0072 crystal_1
0.0943 0.0021 0.866025403784 0.0 -0.5 0.57 0.0073 crystal_1
0.0975 0.0021 0.866025403784 0.129409522551 -0.482962913145 0.57 0.0071 crystal_1
0.0929 0.0019 0.866025403784 0.129409522551 0.482962913145 0.57 0.0075 crystal_1
0.0952 0.0021 0.866025403784 0.25 -0.433012701892 0.57 0.0073 crystal_1
0.0968 0.0019 0.866025403784 0.25 0.433012701892 0.57 0.0071 crystal_1
0.0953 0.002 0.866025403784 0.353553390593 -0.353553390593 0.57 0.0073 crystal_1
0.0966 0.002 0.866025403784 0.353553390593 0.353553390593 0.57 0.0072 crystal_1
0.1045 0.0027 0.866025403784 0.433012701892 -0.25 0.57 0.0075 crystal_2
0.0986 0.0026 0.866025403784 0.433012701892 0.25 0.57 0.0078 crystal_2
0.1002 0.0026 0.866025403784 0.482962913145 -0.129409522551 0.57 0.0077 crystal_2
0.0994 0.0027 0.866025403784 0.482962913145 0.129409522551 0.57 0.0078 crystal_2
0.1002 0.0027 0.866025403784 0.5 0.0 0.57 0.0077 crystal_2
0.0992 0.0026 0.939692620786 -0.342020143326 0.0 0.57 0.0078 crystal_2
0.1007 0.0027 0.939692620786 -0.330366089549 -0.088521326901 0.57 0.0076 crystal_2
0.0995 0.0027 0.939692620786 -0.330366089549 0.088521326901 0.57 0.0078 crystal_2
0.099 0.0026 0.939692620786 -0.296198132726 -0.171010071663 0.57 0.0078 crystal_2
0.1009 0.0027 0.939692620786 -0.296198132726 0.171010071663 0.57 0.0076 crystal_2
0.0984 0.002 0.939692620786 -0.241844762648 -0.241844762648 0.57 0.007 crystal_1
0.1014 0.0021 0.939692620786 -0.241844762648 0.241844762648 0.57 0.0067 crystal_1
0.0981 0.0021 0.939692620786 -0.171010071663 -0.296198132726 0.57 0.0071 crystal_1
0.0984 0.002 0.939692620786 -0.171010071663 0.296198132726 0.57 0.007 crystal_1
0.0991 0.0019 0.939692620786 -0.088521326901 -0.330366089549 0.57 0.007 crystal_1
0.1006 0.002 0.939692620786 -0.088521326901 0.330366089549 0.57 0.0068 crystal_1
0.1011 0.002 0.939692620786 0.0 -0.342020143326 0.57 0.0067 crystal_1
0.0977 0.0019 0.939692620786 0.0 0.342020143326 0.57 0.0071 crystal_1
0.1009 0.002 0.939692620786 0.088521326901 -0.330366089549 0.57 0.0068 crystal_1
0.0982 0.002 0.939692620786 0.088521326901 0.330366089549 0.57 0.007 crystal_1
0.0979 0.002 0.939692620786 0.171010071663 -0.296198132726 0.57 0.007 crystal_1
0.0962 0.0021 0.939692620786 0.171010071663 0.296198132726 0.57 0.0072 crystal_1
0.0997 0.002 0.939692620786 0.241844762648 -0.241844762648 0.57 0.0068 crystal_1
0.0996 0.0021 0.939692620786 0.241844762648 0.241844762648 0.57 0.0069 crystal_1
0.1007 0.0027 0.939692620786 0.296198132726 -0.171010071663 0.57 0.0077 crystal_2
0.0976 0.0026 0.939692620786 0.296198132726 0.171010071663 0.57 0.0079 crystal_2
0.1019 0.0026 0.939692620786 0.330366089549 -0.088521326901 0.57 0.0076 crystal_2
0.098 0.0026 0.939692620786 0.330366089549 0.088521326901 0.57 0.0079 crystal_2
0.0956 0.0025 0.939692620786 0.342020143326 0.0 0.57 0.008 crystal_2
0.0993 0.0027 0.984807753012 -0.173648177667 0.0 0.57 0.0078 crystal_2
0.0983 0.0026 0.984807753012 -0.167731259497 -0.044943455528 0.57 0.0079 crystal_2
0.1004 0.0027 0.984807753012 -0.167731259497 0.044943455528 0.57 0.0077 crystal_2
0.1023 0.0028 0.984807753012 -0.15038373318 -0.086824088833 0.57 0.0076 crystal_2
0.0999 0.0027 0.984807753012 -0.15038373318 0.086824088833 0.57 0.0078 crystal_2
0.0998 0.0022 0.984807753012 -0.122787803969 -0.122787803969 0.57 0.0069 crystal_1
0.1021 0.002 0.984807753012 -0.122787803969 0.122787803969 0.57 0.0067 crystal_1
0.1 0.002 0.984807753012 -0.086824088833 -0.15038373318 0.57 0.0069 crystal_1
0.1028 0.0021 0.984807753012 -0.086824088833 0.15038373318 0.57 0.0067 crystal_1
0.1006 0.0019 0.984807753012 -0.044943455528 -0.167731259497 0.57 0.0068 crystal_1
0.1027 0.002 0.984807753012 -0.044943455528 0.167731259497 0.57 0.0066 crystal_1
0.0977 0.0019 0.984807753012 -1.4675e-08 0.173648177667 0.57 0.007 crystal_1
0.1012 0.002 0.984807753012 0.0 -0.173648177667 0.57 0.0067 crystal_1
0.1007 0.002 0.984807753012 0.044943455528 -0.167731259497 0.57 0.0068 crystal_1
0.0991 0.002 0.984807753012 0.044943455528 0.167731259497 0.57 0.007 crystal_1
0.1008 0.002 0.984807753012 0.086824088833 -0.15038373318 0.57 0.0067 crystal_1
0.1017 0.002 0.984807753012 0.086824088833 0.15038373318 0.57 0.0067 crystal_1
0.1009 0.0022 0.984807753012 0.122787803969 -0.122787803969 0.57 0.0068 crystal_1
0.1007 0.0021 0.984807753012 0.122787803969 0.122787803969 0.57 0.0068 crystal_1
0.104 0.0027 0.984807753012 0.15038373318 -0.086824088833 0.57 0.0075 crystal_2
0.0984 0.0027 0.984807753012 0.15038373318 0.086824088833 0.57 0.0078 crystal_2
0.098 0.0026 0.984807753012 0.167731259497 -0.044943455528 0.57 0.0079 crystal_2
0.099 0.0026 0.984807753012 0.167731259497 0.044943455528 0.57 0.0078 crystal_2
0.0999 0.0026 0.984807753012 0.173648177667 0.0 0.57 0.0077 crystal_2
0.102 0.002 1.0 0.0 0.0 0.57 0.0067 crystal_1
