3.1079 0.1015 -1.0 0.0 0.0 6.65 0.0012 crystal_1
2.9992 0.1156 -0.984807753012 -0.173648177667 0.0 6.65 0.115 crystal_2
2.9512 0.114 -0.984807753012 -0.167731259497 -0.044943455528 6.65 0.1131 crystal_2
2.9872 0.1151 -0.984807753012 -0.167731259497 0.044943455528 6.65 0.1145 crystal_2
2.9397 0.1134 -0.984807753012 -0.15038373318 -0.086824088833 6.65 0.1127 crystal_2
2.9359 0.1134 -0.984807753012 -0.15038373318 0.086824088833 6.65 0.1125 crystal_2
3.0606 0.0999 -0.984807753012 -0.122787803969 -0.122787803969 6.65 0.0012 crystal_1
3.0876 0.1009 -0.984807753012 -0.122787803969 0.122787803969 6.65 0.0012 crystal_1
3.0512 0.0995 -0.984807753012 -0.086824088833 -0.15038373318 6.65 0.0012 crystal_1
3.0713 0.1003 -0.984807753012 -0.086824088833 0.15038373318 6.65 0.0012 crystal_1
3.0356 0.0992 -0.984807753012 -0.044943455528 -0.167731259497 6.65 0.0012 crystal_1
3.0697 0.1002 -0.984807753012 -0.044943455528 0.167731259497 6.65 0.0012 crystal_1
3.0794 0.1006 -0.984807753012 0.0 -0.173648177667 6.65 0.0012 crystal_1
3.0552 0.0998 -0.984807753012 0.0 0.173648177667 6.65 0.0012 crystal_1
3.0318 0.0992 -0.984807753012 0.044943455528 -0.167731259497 6.65 0.0012 crystal_1
3.0311 0.099 -0.984807753012 0.044943455528 0.167731259497 6.65 0.0012 crystal_1
3.0353 0.0991 -0.984807753012 0.086824088833 -0.15038373318 6.65 0.0012 crystal_1
2.9975 0.0981 -0.984807753012 0.086824088833 0.15038373318 6.65 0.0012 crystal_1
3.0871 0.1007 -0.984807753012 0.122787803969 -0.122787803969 6.65 0.0012 crystal_1
3.029 0.0987 -0.984807753012 0.122787803969 0.122787803969 6.65 0.0012 crystal_1
2.954 0.1139 -0.984807753012 0.15038373318 -0.086824088833 6.65 0.1132 crystal_2
2.9441 0.1135 -0.984807753012 0.15038373318 0.086824088833 6.65 0.1128 crystal_2
2.958 0.114 -0.984807753012 0.167731259497 -0.044943455528 6.65 0.1134 crystal_2
2.95 0.1136 -0.984807753012 0.167731259497 0.044943455528 6.65 0.1131 crystal_2
2.9708 0.1146 -0.984807753012 0.173648177667 0.0 6.65 0.1139 crystal_2
2.9906 0.1152 -0.939692620786 -0.342020143326 0.0 6.65 0.1146 crystal_2
2.9315 0.113 -0.939692620786 -0.330366089549 -0.088521326901 6.65 0.1124 crystal_2
2.9502 0.1138 -0.939692620786 -0.330366089549 0.088521326901 6.65 0.1131 crystal_2
2.9301 0.1131 -0.939692620786 -0.296198132726 -0.171010071663 6.65 0.1123 crystal_2
2.9134 0.1125 -0.939692620786 -0.296198132726 0.171010071663 6.65 0.1117 crystal_2
3.0316 0.0988 -0.939692620786 -0.241844762648 -0.241844762648 6.65 0.0012 crystal_1
3.018 0.0988 -0.939692620786 -0.241844762648 0.241844762648 6.65 0.0012 crystal_1
2.9252 0.096 -0.939692620786 -0.171010071663 -0.296198132726 6.65 0.0013 crystal_1
2.9868 0.0978 -0.939692620786 -0.171010071663 0.296198132726 6.65 0.0012 crystal_1
2.9599 0.0966 -0.939692620786 -0.088521326901 -0.330366089549 6.65 0.0012 crystal_1
2.9955 0.0978 -0.939692620786 -0.088521326901 0.330366089549 6.65 0.0012 crystal_1
3.0133 0.0984 -0.939692620786 0.0 -0.342020143326 6.65 0.0012 crystal_1
3.0136 0.0982 -0.939692620786 0.0 0.342020143326 6.65 0.0012 crystal_1
2.9675 0.0972 -0.939692620786 0.088521326901 -0.330366089549 6.65 0.0012 crystal_1
2.9552 0.0964 -0.939692620786 0.088521326901 0.330366089549 6.65 0.0013 crystal_1
2.9313 0.096 -0.939692620786 0.171010071663 -0.296198132726 6.65 0.0013 crystal_1
2.9567 0.0966 -0.939692620786 0.171010071663 0.296198132726 6.65 0.0013 crystal_1
3.0527 0.0997 -0.939692620786 0.241844762648 -0.241844762648 6.65 0.0012 crystal_1
2.9949 0.0978 -0.939692620786 0.241844762648 0.241844762648 6.65 0.0012 crystal_1
2.9281 0.1129 -0.939692620786 0.296198132726 -0.171010071663 6.65 0.1122 crystal_2
2.9451 0.1134 -0.939692620786 0.296198132726 0.171010071663 6.65 0.1129 crystal_2
2.9212 0.1126 -0.939692620786 0.330366089549 -0.088521326901 6.65 0.112 crystal_2
2.9227 0.1127 -0.939692620786 0.330366089549 0.088521326901 6.65 0.112 crystal_2
2.9521 0.1139 -0.939692620786 0.342020143326 0.0 6.65 0.1132 crystal_2
2.9251 0.1128 -0.866025403784 -0.5 0.0 6.65 0.1121 crystal_2
2.8695 0.1108 -0.866025403784 -0.482962913145 -0.129409522551 6.65 0.11 crystal_2
2.8755 0.1109 -0.866025403784 -0.482962913145 0.129409522551 6.65 0.1102 crystal_2
2.8987 0.1117 -0.866025403784 -0.433012701892 -0.25 6.65 0.1111 crystal_2
2.8304 0.1093 -0.866025403784 -0.433012701892 0.25 6.65 0.1085 crystal_2
2.8655 0.0936 -0.866025403784 -0.353553390593 -0.353553390593 6.65 0.0013 crystal_1
2.961 0.0967 -0.866025403784 -0.353553390593 0.353553390593 6.65 0.0013 crystal_1
2.8759 0.094 -0.866025403784 -0.25 -0.433012701892 6.65 0.0013 crystal_1
2.9224 0.0953 -0.866025403784 -0.25 0.433012701892 6.65 0.0013 crystal_1
2.8301 0.0925 -0.866025403784 -0.129409522551 -0.482962913145 6.65 0.0013 crystal_1
2.9118 0.0952 -0.866025403784 -0.129409522551 0.482962913145 6.65 0.0013 crystal_1
2.9271 0.0955 -0.866025403784 0.0 0.5 6.65 0.0013 crystal_1
2.8844 0.0943 -0.866025403784 1.2905e-08 -0.5 6.65 0.0013 crystal_1
2.8254 0.0924 -0.866025403784 0.129409522551 -0.482962913145 6.65 0.0013 crystal_1
2.8699 0.094 -0.866025403784 0.129409522551 0.482962913145 6.65 0.0013 crystal_1
2.868 0.0942 -0.866025403784 0.25 -0.433012701892 6.65 0.0013 crystal_1
2.9355 0.0958 -0.866025403784 0.25 0.433012701892 6.65 0.0013 crystal_1
2.8758 0.094 -0.866025403784 0.353553390593 -0.353553390593 6.65 0.0013 crystal_1
2.9468 0.0962 -0.866025403784 0.353553390593 0.353553390593 6.65 0.0013 crystal_1
2.919 0.1124 -0.866025403784 0.433012701892 -0.25 6.65 0.1119 crystal_2
2.8588 0.1102 -0.866025403784 0.433012701892 0.25 6.65 0.1096 crystal_2
2.9164 0.1125 -0.866025403784 0.482962913145 -0.129409522551 6.65 0.1118 crystal_2
2.9264 0.1129 -0.866025403784 0.482962913145 0.129409522551 6.65 0.1122 crystal_2
2.9522 0.1138 -0.866025403784 0.5 0.0 6.65 0.1132 crystal_2
2.863 0.1105 -0.766044443119 -0.642787609687 0.0 6.65 0.1097 crystal_2
2.8506 0.1099 -0.766044443119 -0.620885153015 -0.166365675343 6.65 0.1093 crystal_2
2.8587 0.1102 -0.766044443119 -0.620885153015 0.166365675343 6.65 0.1096 crystal_2
2.8519 0.1099 -0.766044443119 -0.556670399226 -0.321393804843 6.65 0.1093 crystal_2
2.8216 0.109 -0.766044443119 -0.556670399226 0.321393804843 6.65 0.1082 crystal_2
2.8018 0.0917 -0.766044443119 -0.454519477672 -0.454519477672 6.65 0.0013 crystal_1
2.8895 0.0944 -0.766044443119 -0.454519477672 0.454519477672 6.65 0.0013 crystal_1
2.7922 0.0913 -0.766044443119 -0.321393804843 -0.556670399226 6.65 0.0013 crystal_1
2.8458 0.0929 -0.766044443119 -0.321393804843 0.556670399226 6.65 0.0013 crystal_1
2.7326 0.0895 -0.766044443119 -0.166365675343 -0.620885153015 6.65 0.0013 crystal_1
2.8095 0.0917 -0.766044443119 -0.166365675343 0.620885153015 6.65 0.0013 crystal_1
2.7588 0.0903 -0.766044443119 -0.0 -0.642787609687 6.65 0.0013 crystal_1
2.8295 0.0922 -0.766044443119 1.1415e-08 0.642787609687 6.65 0.0013 crystal_1
2.6996 0.0883 -0.766044443119 0.166365675343 -0.620885153015 6.65 0.0014 crystal_1
2.8248 0.0923 -0.766044443119 0.166365675343 0.620885153015 6.65 0.0013 crystal_1
2.8081 0.0919 -0.766044443119 0.321393804843 -0.556670399226 6.65 0.0013 crystal_1
2.8579 0.0933 -0.766044443119 0.321393804843 0.556670399226 6.65 0.0013 crystal_1
2.7982 0.0916 -0.766044443119 0.454519477672 -0.454519477672 6.65 0.0013 crystal_1
2.8612 0.0934 -0.766044443119 0.454519477672 0.454519477672 6.65 0.0013 crystal_1
2.8663 0.1105 -0.766044443119 0.556670399226 -0.321393804843 6.65 0.1099 crystal_2
2.8284 0.109 -0.766044443119 0.556670399226 0.321393804843 6.65 0.1084 crystal_2
2.8584 0.1104 -0.766044443119 0.620885153015 -0.166365675343 6.65 0.1096 crystal_2
2.8841 0.1113 -0.766044443119 0.620885153015 0.166365675343 6.65 0.1106 crystal_2
2.9393 0.1134 -0.766044443119 0.642787609687 0.0 6.65 0.1127 crystal_2
2.874 0.1108 -0.642787609687 -0.766044443119 0.0 6.65 0.1102 crystal_2
2.8272 0.1092 -0.642787609687 -0.739942111694 -0.198266891274 6.65 0.1084 crystal_2
2.8229 0.1092 -0.642787609687 -0.739942111694 0.198266891274 6.65 0.1082 crystal_2
2.8272 0.109 -0.642787609687 -0.663413948169 -0.383022221559 6.65 0.1084 crystal_2
2.8192 0.1087 -0.642787609687 -0.663413948169 0.383022221559 6.65 0.1081 crystal_2
2.7618 0.0904 -0.642787609687 -0.54167522042 -0.54167522042 6.65 0.0013 crystal_1
2.8352 0.0926 -0.642787609687 -0.54167522042 0.54167522042 6.65 0.0013 crystal_1
2.7483 0.0899 -0.642787609687 -0.383022221559 -0.663413948169 6.65 0.0013 crystal_1
2.7932 0.0912 -0.642787609687 -0.383022221559 0.663413948169 6.65 0.0013 crystal_1
2.6373 0.0864 -0.642787609687 -0.198266891274 -0.739942111694 6.65 0.0014 crystal_1
2.7218 0.0891 -0.642787609687 -0.198266891274 0.739942111694 6.65 0.0014 crystal_1
2.6455 0.0865 -0.642787609687 -9.578e-09 -0.766044443119 6.65 0.0014 crystal_1
2.7639 0.0902 -0.642787609687 0.0 0.766044443119 6.65 0.0013 crystal_1
2.6209 0.0857 -0.642787609687 0.198266891274 -0.739942111694 6.65 0.0014 crystal_1
2.7382 0.0894 -0.642787609687 0.198266891274 0.739942111694 6.65 0.0014 crystal_1
2.7288 0.0892 -0.642787609687 0.383022221559 -0.663413948169 6.65 0.0013 crystal_1
2.7977 0.0914 -0.642787609687 0.383022221559 0.663413948169 6.65 0.0013 crystal_1
2.7577 0.0905 -0.642787609687 0.54167522042 -0.54167522042 6.65 0.0013 crystal_1
2.7895 0.0913 -0.642787609687 0.54167522042 0.54167522042 6.65 0.0013 crystal_1
2.8237 0.1088 -0.642787609687 0.663413948169 -0.383022221559 6.65 0.1082 crystal_2
2.8179 0.1087 -0.642787609687 0.663413948169 0.383022221559 6.65 0.108 crystal_2
2.839 0.1097 -0.642787609687 0.739942111694 -0.198266891274 6.65 0.1088 crystal_2
2.8724 0.1108 -0.642787609687 0.739942111694 0.198266891274 6.65 0.1101 crystal_2
2.8691 0.1108 -0.642787609687 0.766044443119 0.0 6.65 0.11 crystal_2
2.838 0.1095 -0.5 -0.866025403784 0.0 6.65 0.1088 crystal_2
2.8073 0.1082 -0.5 -0.836516303738 -0.224143868042 6.65 0.1076 crystal_2
2.8124 0.1085 -0.5 -0.836516303738 0.224143868042 6.65 0.1078 crystal_2
2.8055 0.1083 -0.5 -0.75 -0.433012701892 6.65 0.1075 crystal_2
2.7677 0.1067 -0.5 -0.75 0.433012701892 6.65 0.1061 crystal_2
2.6957 0.0881 -0.5 -0.612372435696 -0.612372435696 6.65 0.0013 crystal_1
2.7629 0.0904 -0.5 -0.612372435696 0.612372435696 6.65 0.0013 crystal_1
2.6678 0.0871 -0.5 -0.433012701892 -0.75 6.65 0.0014 crystal_1
2.7426 0.0894 -0.5 -0.433012701892 0.75 6.65 0.0013 crystal_1
2.5528 0.0833 -0.5 -0.224143868042 -0.836516303738 6.65 0.0014 crystal_1
2.6221 0.0857 -0.5 -0.224143868042 0.836516303738 6.65 0.0014 crystal_1
2.5601 0.0836 -0.5 -0.0 -0.866025403784 6.65 0.0014 crystal_1
2.6438 0.0863 -0.5 7.451e-09 0.866025403784 6.65 0.0014 crystal_1
2.5267 0.0826 -0.5 0.224143868042 -0.836516303738 6.65 0.0014 crystal_1
2.6133 0.0854 -0.5 0.224143868042 0.836516303738 6.65 0.0014 crystal_1
2.6385 0.0862 -0.5 0.433012701892 -0.75 6.65 0.0014 crystal_1
2.7588 0.0901 -0.5 0.433012701892 0.75 6.65 0.0013 crystal_1
2.7007 0.0883 -0.5 0.612372435696 -0.612372435696 6.65 0.0013 crystal_1
2.7648 0.0902 -0.5 0.612372435696 0.612372435696 6.65 0.0013 crystal_1
2.8201 0.1088 -0.5 0.75 -0.433012701892 6.65 0.1081 crystal_2
2.7799 0.1071 -0.5 0.75 0.433012701892 6.65 0.1066 crystal_2
2.7774 0.1072 -0.5 0.836516303738 -0.224143868042 6.65 0.1065 crystal_2
2.8262 0.109 -0.5 0.836516303738 0.224143868042 6.65 0.1083 crystal_2
2.8877 0.1113 -0.5 0.866025403784 0.0 6.65 0.1107 crystal_2
2.8405 0.1096 -0.342020143326 -0.939692620786 0.0 6.65 0.1089 crystal_2
2.7933 0.1077 -0.342020143326 -0.90767337119 -0.243210346802 6.65 0.1071 crystal_2
2.7951 0.1078 -0.342020143326 -0.90767337119 0.243210346802 6.65 0.1071 crystal_2
2.7815 0.1074 -0.342020143326 -0.813797681349 -0.469846310393 6.65 0.1066 crystal_2
2.7368 0.1052 -0.342020143326 -0.813797681349 0.469846310393 6.65 0.1049 crystal_2
2.6806 0.0876 -0.342020143326 -0.664463024389 -0.664463024389 6.65 0.0014 crystal_1
2.7263 0.089 -0.342020143326 -0.664463024389 0.664463024389 6.65 0.0013 crystal_1
2.6482 0.0864 -0.342020143326 -0.469846310393 -0.813797681349 6.65 0.0014 crystal_1
2.6598 0.0869 -0.342020143326 -0.469846310393 0.813797681349 6.65 0.0014 crystal_1
2.4745 0.0809 -0.342020143326 -0.243210346802 -0.90767337119 6.65 0.0014 crystal_1
2.5332 0.0828 -0.342020143326 -0.243210346802 0.90767337119 6.65 0.0014 crystal_1
2.4542 0.0803 -0.342020143326 -0.0 -0.939692620786 6.65 0.0014 crystal_1
2.5572 0.0834 -0.342020143326 0.0 0.939692620786 6.65 0.0014 crystal_1
2.48 0.0812 -0.342020143326 0.243210346802 -0.90767337119 6.65 0.0014 crystal_1
2.5536 0.0835 -0.342020143326 0.243210346802 0.90767337119 6.65 0.0014 crystal_1
2.6078 0.0851 -0.342020143326 0.469846310393 -0.813797681349 6.65 0.0014 crystal_1
2.6923 0.0879 -0.342020143326 0.469846310393 0.813797681349 6.65 0.0014 crystal_1
2.6586 0.0869 -0.342020143326 0.664463024389 -0.664463024389 6.65 0.0014 crystal_1
2.7236 0.089 -0.342020143326 0.664463024389 0.664463024389 6.65 0.0013 crystal_1
2.7844 0.1073 -0.342020143326 0.813797681349 -0.469846310393 6.65 0.1067 crystal_2
2.7628 0.1065 -0.342020143326 0.813797681349 0.469846310393 6.65 0.1059 crystal_2
2.8162 0.1087 -0.342020143326 0.90767337119 -0.243210346802 6.65 0.1079 crystal_2
2.8639 0.1105 -0.342020143326 0.90767337119 0.243210346802 6.65 0.1098 crystal_2
2.8533 0.1101 -0.342020143326 0.939692620786 0.0 6.65 0.1094 crystal_2
2.8265 0.1089 -0.173648177667 -0.984807753012 0.0 6.65 0.1083 crystal_2
2.8034 0.108 -0.173648177667 -0.951251242564 -0.254887002244 6.65 0.1075 crystal_2
2.8 0.108 -0.173648177667 -0.951251242564 0.254887002244 6.65 0.1073 crystal_2
2.78 0.1071 -0.173648177667 -0.852868531952 -0.492403876506 6.65 0.1066 crystal_2
2.7407 0.1058 -0.173648177667 -0.852868531952 0.492403876506 6.65 0.1051 crystal_2
2.6246 0.0858 -0.173648177667 -0.69636424032 -0.69636424032 6.65 0.0014 crystal_1
2.6927 0.0879 -0.173648177667 -0.69636424032 0.69636424032 6.65 0.0013 crystal_1
2.6215 0.0856 -0.173648177667 -0.492403876506 -0.852868531952 6.65 0.0014 crystal_1
2.6206 0.0858 -0.173648177667 -0.492403876506 0.852868531952 6.65 0.0014 crystal_1
2.4682 0.0808 -0.173648177667 -0.254887002244 -0.951251242564 6.65 0.0014 crystal_1
2.496 0.0816 -0.173648177667 -0.254887002244 0.951251242564 6.65 0.0014 crystal_1
2.4259 0.0794 -0.173648177667 -0.0 -0.984807753012 6.65 0.0014 crystal_1
2.4866 0.0811 -0.173648177667 2.588e-09 0.984807753012 6.65 0.0014 crystal_1
2.4639 0.0806 -0.173648177667 0.254887002244 -0.951251242564 6.65 0.0014 crystal_1
2.4879 0.0813 -0.173648177667 0.254887002244 0.951251242564 6.65 0.0014 crystal_1
2.6004 0.085 -0.173648177667 0.492403876506 -0.852868531952 6.65 0.0014 crystal_1
2.6304 0.0859 -0.173648177667 0.492403876506 0.852868531952 6.65 0.0014 crystal_1
2.6473 0.0869 -0.173648177667 0.69636424032 -0.69636424032 6.65 0.0014 crystal_1
2.6716 0.0873 -0.173648177667 0.69636424032 0.69636424032 6.65 0.0014 crystal_1
2.7653 0.1066 -0.173648177667 0.852868531952 -0.492403876506 6.65 0.106 crystal_2
2.7589 0.1064 -0.173648177667 0.852868531952 0.492403876506 6.65 0.1058 crystal_2
2.8204 0.1087 -0.173648177667 0.951251242564 -0.254887002244 6.65 0.1081 crystal_2
2.8352 0.1093 -0.173648177667 0.951251242564 0.254887002244 6.65 0.1087 crystal_2
2.8399 0.1095 -0.173648177667 0.984807753012 0.0 6.65 0.1089 crystal_2
2.8385 0.1095 0.0 -1.0 0.0 6.65 0.1088 crystal_2
2.7974 0.1079 0.0 -0.965925826289 -0.258819045103 6.65 0.1072 crystal_2
2.8136 0.1085 0.0 -0.965925826289 0.258819045103 6.65 0.1078 crystal_2
2.7604 0.1063 0.0 -0.866025403784 -0.5 6.65 0.1058 crystal_2
2.7385 0.1058 0.0 -0.866025403784 0.5 6.65 0.105 crystal_2
2.6337 0.086 0.0 -0.707106781187 -0.707106781187 6.65 0.0014 crystal_1
2.6905 0.0878 0.0 -0.707106781187 0.707106781187 6.65 0.0014 crystal_1
2.5894 0.0847 0.0 -0.5 -0.866025403784 6.65 0.0014 crystal_1
2.6023 0.0849 0.0 -0.5 0.866025403784 6.65 0.0014 crystal_1
2.4408 0.0799 0.0 -0.258819045103 -0.965925826289 6.65 0.0014 crystal_1
2.4531 0.0802 0.0 -0.258819045103 0.965925826289 6.65 0.0014 crystal_1
2.453 0.0802 0.0 0.0 -1.0 6.65 0.0014 crystal_1
2.453 0.0802 0.0 0.0 1.0 6.65 0.0014 crystal_1
2.4531 0.0802 0.0 0.258819045103 -0.965925826289 6.65 0.0014 crystal_1
2.4408 0.0799 0.0 0.258819045103 0.965925826289 6.65 0.0014 crystal_1
2.6023 0.0849 0.0 0.5 -0.866025403784 6.65 0.0014 crystal_1
2.5894 0.0847 0.0 0.5 0.866025403784 6.65 0.0014 crystal_1
2.6905 0.0878 0.0 0.707106781187 -0.707106781187 6.65 0.0014 crystal_1
2.6337 0.086 0.0 0.707106781187 0.707106781187 6.65 0.0014 crystal_1
2.7385 0.1058 0.0 0.866025403784 -0.5 6.65 0.105 crystal_2
2.7604 0.1063 0.0 0.866025403784 0.5 6.65 0.1058 crystal_2
2.8136 0.1085 0.0 0.965925826289 -0.258819045103 6.65 0.1078 crystal_2
2.7974 0.1079 0.0 0.965925826289 0.258819045103 6.65 0.1072 crystal_2
2.8385 0.1095 0.0 1.0 0.0 6.65 0.1088 crystal_2
2.8399 0.1095 0.173648177667 -0.984807753012 0.0 6.65 0.1089 crystal_2
2.8352 0.1093 0.173648177667 -0.951251242564 -0.254887002244 6.65 0.1087 crystal_2
2.8204 0.1087 0.173648177667 -0.951251242564 0.254887002244 6.65 0.1081 crystal_2
2.7589 0.1064 0.173648177667 -0.852868531952 -0.492403876506 6.65 0.1058 crystal_2
2.7653 0.1066 0.173648177667 -0.852868531952 0.492403876506 6.65 0.106 crystal_2
2.6716 0.0873 0.173648177667 -0.69636424032 -0.69636424032 6.65 0.0014 crystal_1
2.6473 0.0869 0.173648177667 -0.69636424032 0.69636424032 6.65 0.0014 crystal_1
2.6304 0.0859 0.173648177667 -0.492403876506 -0.852868531952 6.65 0.0014 crystal_1
2.6004 0.085 0.173648177667 -0.492403876506 0.852868531952 6.65 0.0014 crystal_1
2.4879 0.0813 0.173648177667 -0.254887002244 -0.951251242564 6.65 0.0014 crystal_1
2.4639 0.0806 0.173648177667 -0.254887002244 0.951251242564 6.65 0.0014 crystal_1
2.4866 0.0811 0.173648177667 -2.588e-09 -0.984807753012 6.65 0.0014 crystal_1
2.4259 0.0794 0.173648177667 0.0 0.984807753012 6.65 0.0014 crystal_1
2.496 0.0816 0.173648177667 0.254887002244 -0.951251242564 6.65 0.0014 crystal_1
2.4682 0.0808 0.173648177667 0.254887002244 0.951251242564 6.65 0.0014 crystal_1
2.6206 0.0858 0.173648177667 0.492403876506 -0.852868531952 6.65 0.0014 crystal_1
2.6215 0.0856 0.173648177667 0.492403876506 0.852868531952 6.65 0.0014 crystal_1
2.6927 0.0879 0.173648177667 0.69636424032 -0.69636424032 6.65 0.0013 crystal_1
2.6246 0.0858 0.173648177667 0.69636424032 0.69636424032 6.65 0.0014 crystal_1
2.7407 0.1058 0.173648177667 0.852868531952 -0.492403876506 6.65 0.1051 crystal_2
2.78 0.1071 0.173648177667 0.852868531952 0.492403876506 6.65 0.1066 crystal_2
2.8 0.108 0.173648177667 0.951251242564 -0.254887002244 6.65 0.1073 crystal_2
2.8034 0.108 0.173648177667 0.951251242564 0.254887002244 6.65 0.1075 crystal_2
2.8265 0.1089 0.173648177667 0.984807753012 0.0 6.65 0.1083 crystal_2
2.8533 0.1101 0.342020143326 -0.939692620786 0.0 6.65 0.1094 crystal_2
2.8639 0.1105 0.342020143326 -0.90767337119 -0.243210346802 6.65 0.1098 crystal_2
2.8162 0.1087 0.342020143326 -0.90767337119 0.243210346802 6.65 0.1079 crystal_2
2.7628 0.1065 0.342020143326 -0.813797681349 -0.469846310393 6.65 0.1059 crystal_2
2.7844 0.1073 0.342020143326 -0.813797681349 0.469846310393 6.65 0.1067 crystal_2
2.7236 0.089 0.342020143326 -0.664463024389 -0.664463024389 6.65 0.0013 crystal_1
2.6586 0.0869 0.342020143326 -0.664463024389 0.664463024389 6.65 0.0014 crystal_1
2.6923 0.0879 0.342020143326 -0.469846310393 -0.813797681349 6.65 0.0014 crystal_1
2.6078 0.0851 0.342020143326 -0.469846310393 0.813797681349 6.65 0.0014 crystal_1
2.5536 0.0835 0.342020143326 -0.243210346802 -0.90767337119 6.65 0.0014 crystal_1
2.48 0.0812 0.342020143326 -0.243210346802 0.90767337119 6.65 0.0014 crystal_1
2.5572 0.0834 0.342020143326 0.0 -0.939692620786 6.65 0.0014 crystal_1
2.4542 0.0803 0.342020143326 0.0 0.939692620786 6.65 0.0014 crystal_1
2.5332 0.0828 0.342020143326 0.243210346802 -0.90767337119 6.65 0.0014 crystal_1
2.4745 0.0809 0.342020143326 0.243210346802 0.90767337119 6.65 0.0014 crystal_1
2.6598 0.0869 0.342020143326 0.469846310393 -0.813797681349 6.65 0.0014 crystal_1
2.6482 0.0864 0.342020143326 0.469846310393 0.813797681349 6.65 0.0014 crystal_1
2.7263 0.089 0.342020143326 0.664463024389 -0.664463024389 6.65 0.0013 crystal_1
2.6806 0.0876 0.342020143326 0.664463024389 0.664463024389 6.65 0.0014 crystal_1
2.7368 0.1052 0.342020143326 0.813797681349 -0.469846310393 6.65 0.1049 crystal_2
2.7815 0.1074 0.342020143326 0.813797681349 0.469846310393 6.65 0.1066 crystal_2
2.7951 0.1078 0.342020143326 0.90767337119 -0.243210346802 6.65 0.1071 crystal_2
2.7933 0.1077 0.342020143326 0.90767337119 0.243210346802 6.65 0.1071 crystal_2
2.8405 0.1096 0.342020143326 0.939692620786 0.0 6.65 0.1089 crystal_2
2.8877 0.1113 0.5 -0.866025403784 0.0 6.65 0.1107 crystal_2
2.8262 0.109 0.5 -0.836516303738 -0.224143868042 6.65 0.1083 crystal_2
2.7774 0.1072 0.5 -0.836516303738 0.224143868042 6.65 0.1065 crystal_2
2.7799 0.1071 0.5 -0.75 -0.433012701892 6.65 0.1066 crystal_2
2.8201 0.1088 0.5 -0.75 0.433012701892 6.65 0.1081 crystal_2
2.7648 0.0902 0.5 -0.612372435696 -0.612372435696 6.65 0.0013 crystal_1
2.7007 0.0883 0.5 -0.612372435696 0.612372435696 6.65 0.0013 crystal_1
2.7588 0.0901 0.5 -0.433012701892 -0.75 6.65 0.0013 crystal_1
2.6385 0.0862 0.5 -0.433012701892 0.75 6.65 0.0014 crystal_1
2.6133 0.0854 0.5 -0.224143868042 -0.836516303738 6.65 0.0014 crystal_1
2.5267 0.0826 0.5 -0.224143868042 0.836516303738 6.65 0.0014 crystal_1
2.6438 0.0863 0.5 -7.451e-09 -0.866025403784 6.65 0.0014 crystal_1
2.5601 0.0836 0.5 0.0 0.866025403784 6.65 0.0014 crystal_1
2.6221 0.0857 0.5 0.224143868042 -0.836516303738 6.65 0.0014 crystal_1
2.5528 0.0833 0.5 0.224143868042 0.836516303738 6.65 0.0014 crystal_1
2.7426 0.0894 0.5 0.433012701892 -0.75 6.65 0.0013 crystal_1
2.6678 0.0871 0.5 0.433012701892 0.75 6.65 0.0014 crystal_1
2.7629 0.0904 0.5 0.612372435696 -0.612372435696 6.65 0.0013 crystal_1
2.6957 0.0881 0.5 0.612372435696 0.612372435696 6.65 0.0013 crystal_1
2.7677 0.1067 0.5 0.75 -0.433012701892 6.65 0.1061 crystal_2
2.8055 0.1083 0.5 0.75 0.433012701892 6.65 0.1075 crystal_2
2.8124 0.1085 0.5 0.836516303738 -0.224143868042 6.65 0.1078 crystal_2
2.8073 0.1082 0.5 0.836516303738 0.224143868042 6.65 0.1076 crystal_2
2.838 0.1095 0.5 0.866025403784 0.0 6.65 0.1088 crystal_2
2.8691 0.1108 0.642787609687 -0.766044443119 0.0 6.65 0.11 crystal_2
2.8724 0.1108 0.642787609687 -0.739942111694 -0.198266891274 6.65 0.1101 crystal_2
2.839 0.1097 0.642787609687 -0.739942111694 0.198266891274 6.65 0.1088 crystal_2
2.8179 0.1087 0.642787609687 -0.663413948169 -0.383022221559 6.65 0.108 crystal_2
2.8237 0.1088 0.642787609687 -0.663413948169 0.383022221559 6.65 0.1082 crystal_2
2.7895 0.0913 0.642787609687 -0.54167522042 -0.54167522042 6.65 0.0013 crystal_1
2.7577 0.0905 0.642787609687 -0.54167522042 0.54167522042 6.65 0.0013 crystal_1
2.7977 0.0914 0.642787609687 -0.383022221559 -0.663413948169 6.65 0.0013 crystal_1
2.7288 0.0892 0.642787609687 -0.383022221559 0.663413948169 6.65 0.0013 crystal_1
2.7382 0.0894 0.642787609687 -0.198266891274 -0.739942111694 6.65 0.0014 crystal_1
2.6209 0.0857 0.642787609687 -0.198266891274 0.739942111694 6.65 0.0014 crystal_1
2.7639 0.0902 0.642787609687 0.0 -0.766044443119 6.65 0.0013 crystal_1
2.6455 0.0865 0.642787609687 9.578e-09 0.766044443119 6.65 0.0014 crystal_1
2.7218 0.0891 0.642787609687 0.198266891274 -0.739942111694 6.65 0.0014 crystal_1
2.6373 0.0864 0.642787609687 0.198266891274 0.739942111694 6.65 0.0014 crystal_1
2.7932 0.0912 0.642787609687 0.383022221559 -0.663413948169 6.65 0.0013 crystal_1
2.7483 0.0899 0.642787609687 0.383022221559 0.663413948169 6.65 0.0013 crystal_1
2.8352 0.0926 0.642787609687 0.54167522042 -0.54167522042 6.65 0.0013 crystal_1
2.7618 0.0904 0.642787609687 0.54167522042 0.54167522042 6.65 0.0013 crystal_1
2.8192 0.1087 0.642787609687 0.663413948169 -0.383022221559 6.65 0.1081 crystal_2
2.8272 0.109 0.642787609687 0.663413948169 0.383022221559 6.65 0.1084 crystal_2
2.8229 0.1092 0.642787609687 0.739942111694 -0.198266891274 6.65 0.1082 crystal_2
2.8272 0.1092 0.642787609687 0.739942111694 0.198266891274 6.65 0.1084 crystal_2
2.874 0.1108 0.642787609687 0.766044443119 0.0 6.65 0.1102 crystal_2
2.9393 0.1134 0.766044443119 -0.642787609687 0.0 6.65 0.1127 crystal_2
2.8841 0.1113 0.766044443119 -0.620885153015 -0.166365675343 6.65 0.1106 crystal_2
2.8584 0.1104 0.766044443119 -0.620885153015 0.166365675343 6.65 0.1096 crystal_2
2.8284 0.109 0.766044443119 -0.556670399226 -0.321393804843 6.65 0.1084 crystal_2
2.8663 0.1105 0.766044443119 -0.556670399226 0.321393804843 6.65 0.1099 crystal_2
2.8612 0.0934 0.766044443119 -0.454519477672 -0.454519477672 6.65 0.0013 crystal_1
2.9394 0.096 0.766044443119 -0.454519477672 0.454519477672 6.65 0.0013 crystal_1
2.8579 0.0933 0.766044443119 -0.321393804843 -0.556670399226 6.65 0.0013 crystal_1
2.7424 0.0901 0.766044443119 -0.321393804843 0.556670399226 6.65 0.0013 crystal_1
2.8248 0.0923 0.766044443119 -0.166365675343 -0.620885153015 6.65 0.0013 crystal_1
2.7973 0.0916 0.766044443119 -0.166365675343 0.620885153015 6.65 0.0013 crystal_1
2.8295 0.0922 0.766044443119 -1.1415e-08 -0.642787609687 6.65 0.0013 crystal_1
2.8061 0.0916 0.766044443119 0.0 0.642787609687 6.65 0.0013 crystal_1
2.8095 0.0917 0.766044443119 0.166365675343 -0.620885153015 6.65 0.0013 crystal_1
2.758 0.0902 0.766044443119 0.166365675343 0.620885153015 6.65 0.0013 crystal_1
2.8458 0.0929 0.766044443119 0.321393804843 -0.556670399226 6.65 0.0013 crystal_1
2.7589 0.0907 0.766044443119 0.321393804843 0.556670399226 6.65 0.0013 crystal_1
2.8895 0.0944 0.766044443119 0.454519477672 -0.454519477672 6.65 0.0013 crystal_1
2.9031 0.0947 0.766044443119 0.454519477672 0.454519477672 6.65 0.0013 crystal_1
2.8281 0.109 0.766044443119 0.556670399226 -0.321393804843 6.65 0.1084 crystal_2
2.8616 0.1104 0.766044443119 0.556670399226 0.321393804843 6.65 0.1097 crystal_2
2.8938 0.1115 0.766044443119 0.620885153015 -0.166365675343 6.65 0.1109 crystal_2
2.8658 0.1105 0.766044443119 0.620885153015 0.166365675343 6.65 0.1098 crystal_2
2.9558 0.1141 0.766044443119 0.642787609687 0.0 6.65 0.1133 crystal_2
2.9522 0.1138 0.866025403784 -0.5 0.0 6.65 0.1132 crystal_2
2.9264 0.1129 0.866025403784 -0.482962913145 -0.129409522551 6.65 0.1122 crystal_2
2.9164 0.1125 0.866025403784 -0.482962913145 0.129409522551 6.65 0.1118 crystal_2
2.8588 0.1102 0.866025403784 -0.433012701892 -0.25 6.65 0.1096 crystal_2
2.919 0.1124 0.866025403784 -0.433012701892 0.25 6.65 0.1119 crystal_2
2.9468 0.0962 0.866025403784 -0.353553390593 -0.353553390593 6.65 0.0013 crystal_1
2.9983 0.0978 0.866025403784 -0.353553390593 0.353553390593 6.65 0.0012 crystal_1
2.9355 0.0958 0.866025403784 -0.25 -0.433012701892 6.65 0.0013 crystal_1
2.8621 0.0937 0.866025403784 -0.25 0.433012701892 6.65 0.0013 crystal_1
2.8699 0.094 0.866025403784 -0.129409522551 -0.482962913145 6.65 0.0013 crystal_1
2.9042 0.0948 0.866025403784 -0.129409522551 0.482962913145 6.65 0.0013 crystal_1
2.8844 0.0943 0.866025403784 -1.2905e-08 0.5 6.65 0.0013 crystal_1
2.9271 0.0955 0.866025403784 0.0 -0.5 6.65 0.0013 crystal_1
2.9118 0.0952 0.866025403784 0.129409522551 -0.482962913145 6.65 0.0013 crystal_1
2.8626 0.0937 0.866025403784 0.129409522551 0.482962913145 6.65 0.0013 crystal_1
2.9224 0.0953 0.866025403784 0.25 -0.433012701892 6.65 0.0013 crystal_1
2.8692 0.0939 0.866025403784 0.25 0.433012701892 6.65 0.0013 crystal_1
2.961 0.0967 0.866025403784 0.353553390593 -0.353553390593 6.65 0.0013 crystal_1
2.9449 0.0962 0.866025403784 0.353553390593 0.353553390593 6.65 0.0013 crystal_1
2.8586 0.1104 0.866025403784 0.433012701892 -0.25 6.65 0.1096 crystal_2
2.8645 0.1107 0.866025403784 0.433012701892 0.25 6.65 0.1098 crystal_2
2.9175 0.1125 0.866025403784 0.482962913145 -0.129409522551 6.65 0.1118 crystal_2
2.9224 0.1127 0.866025403784 0.482962913145 0.129409522551 6.65 0.112 crystal_2
2.9521 0.1139 0.866025403784 0.5 0.0 6.65 0.1132 crystal_2
2.9521 0.1139 0.939692620786 -0.342020143326 0.0 6.65 0.1132 crystal_2
2.9227 0.1127 0.939692620786 -0.330366089549 -0.088521326901 6.65 0.112 crystal_2
2.9212 0.1126 0.939692620786 -0.330366089549 0.088521326901 6.65 0.112 crystal_2
2.9451 0.1134 0.939692620786 -0.296198132726 -0.171010071663 6.65 0.1129 crystal_2
2.9281 0.1129 0.939692620786 -0.296198132726 0.171010071663 6.65 0.1122 crystal_2
2.9949 0.0978 0.939692620786 -0.241844762648 -0.241844762648 6.65 0.0012 crystal_1
3.0527 0.0997 0.939692620786 -0.241844762648 0.241844762648 6.65 0.0012 crystal_1
2.9567 0.0966 0.939692620786 -0.171010071663 -0.296198132726 6.65 0.0013 crystal_1
2.9313 0.096 0.939692620786 -0.171010071663 0.296198132726 6.65 0.0013 crystal_1
2.9552 0.0964 0.939692620786 -0.088521326901 -0.330366089549 6.65 0.0013 crystal_1
2.9675 0.0972 0.939692620786 -0.088521326901 0.330366089549 6.65 0.0012 crystal_1
3.0136 0.0982 0.939692620786 0.0 -0.342020143326 6.65 0.0012 crystal_1
3.0133 0.0984 0.939692620786 0.0 0.342020143326 6.65 0.0012 crystal_1
2.9955 0.0978 0.939692620786 0.088521326901 -0.330366089549 6.65 0.0012 crystal_1
2.9599 0.0966 0.939692620786 0.088521326901 0.330366089549 6.65 0.0012 crystal_1
2.9868 0.0978 0.939692620786 0.171010071663 -0.296198132726 6.65 0.0012 crystal_1
2.9252 0.096 0.939692620786 0.171010071663 0.296198132726 6.65 0.0013 crystal_1
3.018 0.0988 0.939692620786 0.241844762648 -0.241844762648 6.65 0.0012 crystal_1
3.0316 0.0988 0.939692620786 0.241844762648 0.241844762648 6.65 0.0012 crystal_1
2.9134 0.1125 0.939692620786 0.296198132726 -0.171010071663 6.65 0.1117 crystal_2
2.9301 0.1131 0.939692620786 0.296198132726 0.171010071663 6.65 0.1123 crystal_2
2.9502 0.1138 0.939692620786 0.330366089549 -0.088521326901 6.65 0.1131 crystal_2
2.9315 0.113 0.939692620786 0.330366089549 0.088521326901 6.65 0.1124 crystal_2
2.9906 0.1152 0.939692620786 0.342020143326 0.0 6.65 0.1146 crystal_2
2.9708 0.1146 0.984807753012 -0.173648177667 0.0 6.65 0.1139 crystal_2
2.95 0.1136 0.984807753012 -0.167731259497 -0.044943455528 6.65 0.1131 crystal_2
2.958 0.114 0.984807753012 -0.167731259497 0.044943455528 6.65 0.1134 crystal_2
2.9441 0.1135 0.984807753012 -0.15038373318 -0.086824088833 6.65 0.1128 crystal_2
2.954 0.1139 0.984807753012 -0.15038373318 0.086824088833 6.65 0.1132 crystal_2
3.029 0.0987 0.984807753012 -0.122787803969 -0.122787803969 6.65 0.0012 crystal_1
3.0871 0.1007 0.984807753012 -0.122787803969 0.122787803969 6.65 0.0012 crystal_1
2.9975 0.0981 0.984807753012 -0.086824088833 -0.15038373318 6.65 0.0012 crystal_1
3.0353 0.0991 0.984807753012 -0.086824088833 0.15038373318 6.65 0.0012 crystal_1
3.0311 0.099 0.984807753012 -0.044943455528 -0.167731259497 6.65 0.0012 crystal_1
3.0318 0.0992 0.984807753012 -0.044943455528 0.167731259497 6.65 0.0012 crystal_1
3.0552 0.0998 0.984807753012 0.0 -0.173648177667 6.65 0.0012 crystal_1
3.0794 0.1006 0.984807753012 0.0 0.173648177667 6.65 0.0012 crystal_1
3.0697 0.1002 0.984807753012 0.044943455528 -0.167731259497 6.65 0.0012 crystal_1
3.0356 0.0992 0.984807753012 0.044943455528 0.167731259497 6.65 0.0012 crystal_1
3.0713 0.1003 0.984807753012 0.086824088833 -0.15038373318 6.65 0.0012 crystal_1
3.0512 0.0995 0.984807753012 0.086824088833 0.15038373318 6.65 0.0012 crystal_1
3.0876 0.1009 0.984807753012 0.122787803969 -0.122787803969 6.65 0.0012 crystal_1
3.0606 0.0999 0.984807753012 0.122787803969 0.122787803969 6.65 0.0012 crystal_1
2.9359 0.1134 0.984807753012 0.15038373318 -0.086824088833 6.65 0.1125 crystal_2
2.9397 0.1134 0.984807753012 0.15038373318 0.086824088833 6.65 0.1127 crystal_2
2.9872 0.1151 0.984807753012 0.167731259497 -0.044943455528 6.65 0.1145 crystal_2
2.9512 0.114 0.984807753012 0.167731259497 0.044943455528 6.65 0.1131 crystal_2
2.9992 0.1156 0.984807753012 0.173648177667 0.0 6.65 0.115 crystal_2
3.1079 0.1015 1.0 0.0 0.0 6.65 0.0012 crystal_1
