4.3278 0.1407 -1.0 0.0 0.0 8.5 0.0013 crystal_1
4.1832 0.1611 -0.984807753012 -0.173648177667 0.0 8.5 0.1603 crystal_2
4.1406 0.1593 -0.984807753012 -0.167731259497 -0.044943455528 8.5 0.1587 crystal_2
4.1625 0.1601 -0.984807753012 -0.167731259497 0.044943455528 8.5 0.1595 crystal_2
4.1284 0.1589 -0.984807753012 -0.15038373318 -0.086824088833 8.5 0.1582 crystal_2
4.1116 0.1582 -0.984807753012 -0.15038373318 0.086824088833 8.5 0.1576 crystal_2
4.2581 0.1385 -0.984807753012 -0.122787803969 -0.122787803969 8.5 0.0013 crystal_1
4.2708 0.1392 -0.984807753012 -0.122787803969 0.122787803969 8.5 0.0013 crystal_1
4.2516 0.1383 -0.984807753012 -0.086824088833 -0.15038373318 8.5 0.0013 crystal_1
4.2275 0.1376 -0.984807753012 -0.086824088833 0.15038373318 8.5 0.0013 crystal_1
4.2141 0.1372 -0.984807753012 -0.044943455528 -0.167731259497 8.5 0.0013 crystal_1
4.2495 0.1383 -0.984807753012 -0.044943455528 0.167731259497 8.5 0.0013 crystal_1
4.2865 0.1398 -0.984807753012 0.0 -0.173648177667 8.5 0.0013 crystal_1
4.3126 0.1403 -0.984807753012 0.0 0.173648177667 8.5 0.0013 crystal_1
4.2531 0.1385 -0.984807753012 0.044943455528 -0.167731259497 8.5 0.0013 crystal_1
4.2364 0.1378 -0.984807753012 0.044943455528 0.167731259497 8.5 0.0013 crystal_1
4.2362 0.1379 -0.984807753012 0.086824088833 -0.15038373318 8.5 0.0013 crystal_1
4.2371 0.1379 -0.984807753012 0.086824088833 0.15038373318 8.5 0.0013 crystal_1
4.2999 0.14 -0.984807753012 0.122787803969 -0.122787803969 8.5 0.0013 crystal_1
4.2474 0.1383 -0.984807753012 0.122787803969 0.122787803969 8.5 0.0013 crystal_1
4.1041 0.158 -0.984807753012 0.15038373318 -0.086824088833 8.5 0.1573 crystal_2
4.1274 0.1588 -0.984807753012 0.15038373318 0.086824088833 8.5 0.1582 crystal_2
4.1109 0.1582 -0.984807753012 0.167731259497 -0.044943455528 8.5 0.1576 crystal_2
4.1429 0.1595 -0.984807753012 0.167731259497 0.044943455528 8.5 0.1588 crystal_2
4.175 0.1607 -0.984807753012 0.173648177667 0.0 8.5 0.16 crystal_2
4.1267 0.1588 -0.939692620786 -0.342020143326 0.0 8.5 0.1582 crystal_2
4.087 0.1573 -0.939692620786 -0.330366089549 -0.088521326901 8.5 0.1567 crystal_2
4.0557 0.1562 -0.939692620786 -0.330366089549 0.088521326901 8.5 0.1555 crystal_2
4.0935 0.1577 -0.939692620786 -0.296198132726 -0.171010071663 8.5 0.1569 crystal_2
4.0366 0.1556 -0.939692620786 -0.296198132726 0.171010071663 8.5 0.1547 crystal_2
4.1478 0.1351 -0.939692620786 -0.241844762648 -0.241844762648 8.5 0.0013 crystal_1
4.2478 0.1383 -0.939692620786 -0.241844762648 0.241844762648 8.5 0.0013 crystal_1
4.1486 0.1353 -0.939692620786 -0.171010071663 -0.296198132726 8.5 0.0014 crystal_1
4.1762 0.136 -0.939692620786 -0.171010071663 0.296198132726 8.5 0.0014 crystal_1
4.1014 0.1339 -0.939692620786 -0.088521326901 -0.330366089549 8.5 0.0014 crystal_1
4.139 0.1348 -0.939692620786 -0.088521326901 0.330366089549 8.5 0.0014 crystal_1
4.2167 0.1372 -0.939692620786 0.0 0.342020143326 8.5 0.0014 crystal_1
4.2313 0.1379 -0.939692620786 1.4003e-08 -0.342020143326 8.5 0.0013 crystal_1
4.0601 0.1325 -0.939692620786 0.088521326901 -0.330366089549 8.5 0.0014 crystal_1
4.1419 0.135 -0.939692620786 0.088521326901 0.330366089549 8.5 0.0014 crystal_1
4.1065 0.1338 -0.939692620786 0.171010071663 -0.296198132726 8.5 0.0014 crystal_1
4.1734 0.1358 -0.939692620786 0.171010071663 0.296198132726 8.5 0.0014 crystal_1
4.1342 0.1346 -0.939692620786 0.241844762648 -0.241844762648 8.5 0.0014 crystal_1
4.1726 0.1359 -0.939692620786 0.241844762648 0.241844762648 8.5 0.0014 crystal_1
4.0731 0.1567 -0.939692620786 0.296198132726 -0.171010071663 8.5 0.1561 crystal_2
4.1206 0.1585 -0.939692620786 0.296198132726 0.171010071663 8.5 0.1579 crystal_2
4.0571 0.1562 -0.939692620786 0.330366089549 -0.088521326901 8.5 0.1555 crystal_2
4.1343 0.1591 -0.939692620786 0.330366089549 0.088521326901 8.5 0.1585 crystal_2
4.1564 0.16 -0.939692620786 0.342020143326 0.0 8.5 0.1593 crystal_2
4.0948 0.1575 -0.866025403784 -0.5 0.0 8.5 0.157 crystal_2
3.9943 0.1539 -0.866025403784 -0.482962913145 -0.129409522551 8.5 0.1531 crystal_2
3.9912 0.1537 -0.866025403784 -0.482962913145 0.129409522551 8.5 0.153 crystal_2
4.0657 0.1565 -0.866025403784 -0.433012701892 -0.25 8.5 0.1558 crystal_2
4.0218 0.1549 -0.866025403784 -0.433012701892 0.25 8.5 0.1542 crystal_2
4.097 0.1334 -0.866025403784 -0.353553390593 -0.353553390593 8.5 0.0014 crystal_1
4.1808 0.136 -0.866025403784 -0.353553390593 0.353553390593 8.5 0.0014 crystal_1
4.0579 0.1322 -0.866025403784 -0.25 -0.433012701892 8.5 0.0014 crystal_1
4.0648 0.1327 -0.866025403784 -0.25 0.433012701892 8.5 0.0014 crystal_1
3.9754 0.1296 -0.866025403784 -0.129409522551 -0.482962913145 8.5 0.0014 crystal_1
4.0659 0.1323 -0.866025403784 -0.129409522551 0.482962913145 8.5 0.0014 crystal_1
4.006 0.1308 -0.866025403784 -0.0 -0.5 8.5 0.0014 crystal_1
4.123 0.1342 -0.866025403784 0.0 0.5 8.5 0.0014 crystal_1
3.9624 0.1294 -0.866025403784 0.129409522551 -0.482962913145 8.5 0.0014 crystal_1
4.0563 0.1321 -0.866025403784 0.129409522551 0.482962913145 8.5 0.0014 crystal_1
4.0412 0.1317 -0.866025403784 0.25 -0.433012701892 8.5 0.0014 crystal_1
4.0806 0.1329 -0.866025403784 0.25 0.433012701892 8.5 0.0014 crystal_1
4.0644 0.1327 -0.866025403784 0.353553390593 -0.353553390593 8.5 0.0014 crystal_1
4.1009 0.1335 -0.866025403784 0.353553390593 0.353553390593 8.5 0.0014 crystal_1
4.0172 0.1547 -0.866025403784 0.433012701892 -0.25 8.5 0.154 crystal_2
4.0081 0.1543 -0.866025403784 0.433012701892 0.25 8.5 0.1536 crystal_2
4.0292 0.1552 -0.866025403784 0.482962913145 -0.129409522551 8.5 0.1544 crystal_2
4.0785 0.1569 -0.866025403784 0.482962913145 0.129409522551 8.5 0.1563 crystal_2
4.1263 0.1589 -0.866025403784 0.5 0.0 8.5 0.1582 crystal_2
4.0559 0.1561 -0.766044443119 -0.642787609687 0.0 8.5 0.1555 crystal_2
3.9715 0.1528 -0.766044443119 -0.620885153015 -0.166365675343 8.5 0.1522 crystal_2
3.9724 0.153 -0.766044443119 -0.620885153015 0.166365675343 8.5 0.1523 crystal_2
3.9833 0.1533 -0.766044443119 -0.556670399226 -0.321393804843 8.5 0.1527 crystal_2
3.8988 0.1502 -0.766044443119 -0.556670399226 0.321393804843 8.5 0.1494 crystal_2
3.964 0.1291 -0.766044443119 -0.454519477672 -0.454519477672 8.5 0.0014 crystal_1
4.0781 0.1332 -0.766044443119 -0.454519477672 0.454519477672 8.5 0.0014 crystal_1
3.8958 0.127 -0.766044443119 -0.321393804843 -0.556670399226 8.5 0.0014 crystal_1
3.9888 0.1298 -0.766044443119 -0.321393804843 0.556670399226 8.5 0.0014 crystal_1
3.8337 0.1252 -0.766044443119 -0.166365675343 -0.620885153015 8.5 0.0015 crystal_1
3.9783 0.1295 -0.766044443119 -0.166365675343 0.620885153015 8.5 0.0014 crystal_1
3.9085 0.1274 -0.766044443119 -1.1415e-08 -0.642787609687 8.5 0.0014 crystal_1
4.023 0.1308 -0.766044443119 1.1415e-08 0.642787609687 8.5 0.0014 crystal_1
3.8311 0.125 -0.766044443119 0.166365675343 -0.620885153015 8.5 0.0015 crystal_1
3.9566 0.1288 -0.766044443119 0.166365675343 0.620885153015 8.5 0.0014 crystal_1
3.9238 0.1279 -0.766044443119 0.321393804843 -0.556670399226 8.5 0.0014 crystal_1
3.9853 0.1296 -0.766044443119 0.321393804843 0.556670399226 8.5 0.0014 crystal_1
3.9928 0.1301 -0.766044443119 0.454519477672 -0.454519477672 8.5 0.0014 crystal_1
4.0408 0.1317 -0.766044443119 0.454519477672 0.454519477672 8.5 0.0014 crystal_1
3.9931 0.1537 -0.766044443119 0.556670399226 -0.321393804843 8.5 0.1531 crystal_2
3.9606 0.1523 -0.766044443119 0.556670399226 0.321393804843 8.5 0.1518 crystal_2
4.0 0.154 -0.766044443119 0.620885153015 -0.166365675343 8.5 0.1533 crystal_2
4.0458 0.1558 -0.766044443119 0.620885153015 0.166365675343 8.5 0.1551 crystal_2
4.11 0.1583 -0.766044443119 0.642787609687 0.0 8.5 0.1575 crystal_2
4.0261 0.1551 -0.642787609687 -0.766044443119 0.0 8.5 0.1543 crystal_2
3.9556 0.1523 -0.642787609687 -0.739942111694 -0.198266891274 8.5 0.1516 crystal_2
3.9561 0.1523 -0.642787609687 -0.739942111694 0.198266891274 8.5 0.1516 crystal_2
3.9803 0.1532 -0.642787609687 -0.663413948169 -0.383022221559 8.5 0.1526 crystal_2
3.9031 0.1503 -0.642787609687 -0.663413948169 0.383022221559 8.5 0.1496 crystal_2
3.8909 0.1268 -0.642787609687 -0.54167522042 -0.54167522042 8.5 0.0014 crystal_1
3.9891 0.1301 -0.642787609687 -0.54167522042 0.54167522042 8.5 0.0014 crystal_1
3.8563 0.1256 -0.642787609687 -0.383022221559 -0.663413948169 8.5 0.0015 crystal_1
3.9232 0.1278 -0.642787609687 -0.383022221559 0.663413948169 8.5 0.0015 crystal_1
3.7211 0.1217 -0.642787609687 -0.198266891274 -0.739942111694 8.5 0.0015 crystal_1
3.8508 0.1253 -0.642787609687 -0.198266891274 0.739942111694 8.5 0.0015 crystal_1
3.7538 0.1223 -0.642787609687 -0.0 -0.766044443119 8.5 0.0015 crystal_1
3.8697 0.1259 -0.642787609687 0.0 0.766044443119 8.5 0.0015 crystal_1
3.7127 0.121 -0.642787609687 0.198266891274 -0.739942111694 8.5 0.0015 crystal_1
3.8407 0.1252 -0.642787609687 0.198266891274 0.739942111694 8.5 0.0015 crystal_1
3.845 0.1254 -0.642787609687 0.383022221559 -0.663413948169 8.5 0.0015 crystal_1
3.9151 0.1276 -0.642787609687 0.383022221559 0.663413948169 8.5 0.0015 crystal_1
3.9124 0.1274 -0.642787609687 0.54167522042 -0.54167522042 8.5 0.0014 crystal_1
3.9592 0.1288 -0.642787609687 0.54167522042 0.54167522042 8.5 0.0014 crystal_1
3.9582 0.1524 -0.642787609687 0.663413948169 -0.383022221559 8.5 0.1517 crystal_2
3.9198 0.1508 -0.642787609687 0.663413948169 0.383022221559 8.5 0.1502 crystal_2
3.985 0.1535 -0.642787609687 0.739942111694 -0.198266891274 8.5 0.1527 crystal_2
3.9943 0.1539 -0.642787609687 0.739942111694 0.198266891274 8.5 0.1531 crystal_2
4.0442 0.1556 -0.642787609687 0.766044443119 0.0 8.5 0.155 crystal_2
4.032 0.1551 -0.5 -0.866025403784 0.0 8.5 0.1545 crystal_2
3.9323 0.1514 -0.5 -0.836516303738 -0.224143868042 8.5 0.1507 crystal_2
3.9191 0.1509 -0.5 -0.836516303738 0.224143868042 8.5 0.1502 crystal_2
3.9204 0.1509 -0.5 -0.75 -0.433012701892 8.5 0.1503 crystal_2
3.8727 0.1488 -0.5 -0.75 0.433012701892 8.5 0.1484 crystal_2
3.8429 0.1254 -0.5 -0.612372435696 -0.612372435696 8.5 0.0015 crystal_1
3.9474 0.1288 -0.5 -0.612372435696 0.612372435696 8.5 0.0014 crystal_1
3.7774 0.1231 -0.5 -0.433012701892 -0.75 8.5 0.0015 crystal_1
3.8352 0.125 -0.5 -0.433012701892 0.75 8.5 0.0015 crystal_1
3.6136 0.1179 -0.5 -0.224143868042 -0.836516303738 8.5 0.0015 crystal_1
3.7189 0.1212 -0.5 -0.224143868042 0.836516303738 8.5 0.0015 crystal_1
3.6165 0.118 -0.5 -0.0 -0.866025403784 8.5 0.0015 crystal_1
3.7366 0.1216 -0.5 0.0 0.866025403784 8.5 0.0015 crystal_1
3.6172 0.1178 -0.5 0.224143868042 -0.836516303738 8.5 0.0015 crystal_1
3.7104 0.1211 -0.5 0.224143868042 0.836516303738 8.5 0.0015 crystal_1
3.7614 0.1226 -0.5 0.433012701892 -0.75 8.5 0.0015 crystal_1
3.8344 0.1249 -0.5 0.433012701892 0.75 8.5 0.0015 crystal_1
3.8507 0.1254 -0.5 0.612372435696 -0.612372435696 8.5 0.0015 crystal_1
3.894 0.1268 -0.5 0.612372435696 0.612372435696 8.5 0.0015 crystal_1
3.9158 0.1506 -0.5 0.75 -0.433012701892 8.5 0.1501 crystal_2
3.874 0.1491 -0.5 0.75 0.433012701892 8.5 0.1485 crystal_2
3.9773 0.153 -0.5 0.836516303738 -0.224143868042 8.5 0.1524 crystal_2
3.9976 0.1539 -0.5 0.836516303738 0.224143868042 8.5 0.1532 crystal_2
4.0146 0.1547 -0.5 0.866025403784 0.0 8.5 0.1539 crystal_2
4.0132 0.1544 -0.342020143326 -0.939692620786 0.0 8.5 0.1538 crystal_2
3.9358 0.1515 -0.342020143326 -0.90767337119 -0.243210346802 8.5 0.1509 crystal_2
3.9283 0.1513 -0.342020143326 -0.90767337119 0.243210346802 8.5 0.1506 crystal_2
3.9101 0.1505 -0.342020143326 -0.813797681349 -0.469846310393 8.5 0.1499 crystal_2
3.8701 0.149 -0.342020143326 -0.813797681349 0.469846310393 8.5 0.1483 crystal_2
3.8087 0.1241 -0.342020143326 -0.664463024389 -0.664463024389 8.5 0.0015 crystal_1
3.8821 0.1264 -0.342020143326 -0.664463024389 0.664463024389 8.5 0.0014 crystal_1
3.6929 0.1204 -0.342020143326 -0.469846310393 -0.813797681349 8.5 0.0015 crystal_1
3.7371 0.1218 -0.342020143326 -0.469846310393 0.813797681349 8.5 0.0015 crystal_1
3.5146 0.1145 -0.342020143326 -0.243210346802 -0.90767337119 8.5 0.0016 crystal_1
3.6419 0.1187 -0.342020143326 -0.243210346802 0.90767337119 8.5 0.0015 crystal_1
3.5256 0.1149 -0.342020143326 -0.0 -0.939692620786 8.5 0.0015 crystal_1
3.6208 0.1179 -0.342020143326 5.096e-09 0.939692620786 8.5 0.0015 crystal_1
3.5527 0.1159 -0.342020143326 0.243210346802 -0.90767337119 8.5 0.0015 crystal_1
3.6243 0.1181 -0.342020143326 0.243210346802 0.90767337119 8.5 0.0015 crystal_1
3.6883 0.1205 -0.342020143326 0.469846310393 -0.813797681349 8.5 0.0015 crystal_1
3.7587 0.1225 -0.342020143326 0.469846310393 0.813797681349 8.5 0.0015 crystal_1
3.8092 0.1241 -0.342020143326 0.664463024389 -0.664463024389 8.5 0.0015 crystal_1
3.8383 0.125 -0.342020143326 0.664463024389 0.664463024389 8.5 0.0015 crystal_1
3.895 0.1499 -0.342020143326 0.813797681349 -0.469846310393 8.5 0.1493 crystal_2
3.8521 0.1482 -0.342020143326 0.813797681349 0.469846310393 8.5 0.1477 crystal_2
3.9185 0.1509 -0.342020143326 0.90767337119 -0.243210346802 8.5 0.1502 crystal_2
3.9482 0.152 -0.342020143326 0.90767337119 0.243210346802 8.5 0.1513 crystal_2
4.012 0.1545 -0.342020143326 0.939692620786 0.0 8.5 0.1538 crystal_2
3.9704 0.1529 -0.173648177667 -0.984807753012 0.0 8.5 0.1522 crystal_2
3.9202 0.151 -0.173648177667 -0.951251242564 -0.254887002244 8.5 0.1503 crystal_2
3.8942 0.1501 -0.173648177667 -0.951251242564 0.254887002244 8.5 0.1493 crystal_2
3.8815 0.1494 -0.173648177667 -0.852868531952 -0.492403876506 8.5 0.1488 crystal_2
3.8277 0.1473 -0.173648177667 -0.852868531952 0.492403876506 8.5 0.1467 crystal_2
3.7386 0.1219 -0.173648177667 -0.69636424032 -0.69636424032 8.5 0.0015 crystal_1
3.8246 0.1247 -0.173648177667 -0.69636424032 0.69636424032 8.5 0.0015 crystal_1
3.6895 0.1203 -0.173648177667 -0.492403876506 -0.852868531952 8.5 0.0015 crystal_1
3.6966 0.1204 -0.173648177667 -0.492403876506 0.852868531952 8.5 0.0015 crystal_1
3.5006 0.1141 -0.173648177667 -0.254887002244 -0.951251242564 8.5 0.0016 crystal_1
3.5279 0.115 -0.173648177667 -0.254887002244 0.951251242564 8.5 0.0016 crystal_1
3.5052 0.1141 -0.173648177667 -0.0 -0.984807753012 8.5 0.0015 crystal_1
3.5154 0.1144 -0.173648177667 0.0 0.984807753012 8.5 0.0015 crystal_1
3.504 0.1144 -0.173648177667 0.254887002244 -0.951251242564 8.5 0.0016 crystal_1
3.4975 0.114 -0.173648177667 0.254887002244 0.951251242564 8.5 0.0016 crystal_1
3.6553 0.1192 -0.173648177667 0.492403876506 -0.852868531952 8.5 0.0015 crystal_1
3.7231 0.1212 -0.173648177667 0.492403876506 0.852868531952 8.5 0.0015 crystal_1
3.7955 0.1237 -0.173648177667 0.69636424032 -0.69636424032 8.5 0.0015 crystal_1
3.7989 0.1237 -0.173648177667 0.69636424032 0.69636424032 8.5 0.0015 crystal_1
3.851 0.1483 -0.173648177667 0.852868531952 -0.492403876506 8.5 0.1476 crystal_2
3.863 0.1487 -0.173648177667 0.852868531952 0.492403876506 8.5 0.1481 crystal_2
3.9253 0.151 -0.173648177667 0.951251242564 -0.254887002244 8.5 0.1505 crystal_2
3.9586 0.1523 -0.173648177667 0.951251242564 0.254887002244 8.5 0.1517 crystal_2
3.9973 0.1538 -0.173648177667 0.984807753012 0.0 8.5 0.1532 crystal_2
3.4869 0.1136 -1.1327e-08 9.682e-09 1.0 8.5 0.0016 crystal_1
3.9952 0.1538 0.0 -1.0 0.0 8.5 0.1531 crystal_2
3.9167 0.1507 0.0 -0.965925826289 -0.258819045103 8.5 0.1501 crystal_2
3.8971 0.15 0.0 -0.965925826289 0.258819045103 8.5 0.1494 crystal_2
3.8576 0.1486 0.0 -0.866025403784 -0.5 8.5 0.1479 crystal_2
3.8718 0.1491 0.0 -0.866025403784 0.5 8.5 0.1484 crystal_2
3.7697 0.1228 0.0 -0.707106781187 -0.707106781187 8.5 0.0015 crystal_1
3.8008 0.1238 0.0 -0.707106781187 0.707106781187 8.5 0.0015 crystal_1
3.6683 0.1195 0.0 -0.5 -0.866025403784 8.5 0.0015 crystal_1
3.6514 0.1192 0.0 -0.5 0.866025403784 8.5 0.0015 crystal_1
3.4676 0.1128 0.0 -0.258819045103 -0.965925826289 8.5 0.0016 crystal_1
3.4876 0.1137 0.0 -0.258819045103 0.965925826289 8.5 0.0016 crystal_1
3.4876 0.1137 0.0 0.258819045103 -0.965925826289 8.5 0.0016 crystal_1
3.4676 0.1128 0.0 0.258819045103 0.965925826289 8.5 0.0016 crystal_1
3.6514 0.1192 0.0 0.5 -0.866025403784 8.5 0.0015 crystal_1
3.6683 0.1195 0.0 0.5 0.866025403784 8.5 0.0015 crystal_1
3.8008 0.1238 0.0 0.707106781187 -0.707106781187 8.5 0.0015 crystal_1
3.7697 0.1228 0.0 0.707106781187 0.707106781187 8.5 0.0015 crystal_1
3.8718 0.1491 0.0 0.866025403784 -0.5 8.5 0.1484 crystal_2
3.8576 0.1486 0.0 0.866025403784 0.5 8.5 0.1479 crystal_2
3.8971 0.15 0.0 0.965925826289 -0.258819045103 8.5 0.1494 crystal_2
3.9167 0.1507 0.0 0.965925826289 0.258819045103 8.5 0.1501 crystal_2
3.9952 0.1538 0.0 1.0 0.0 8.5 0.1531 crystal_2
3.4869 0.1136 1.1327e-08 -9.682e-09 -1.0 8.5 0.0016 crystal_1
3.9973 0.1538 0.173648177667 -0.984807753012 0.0 8.5 0.1532 crystal_2
3.9586 0.1523 0.173648177667 -0.951251242564 -0.254887002244 8.5 0.1517 crystal_2
3.9253 0.151 0.173648177667 -0.951251242564 0.254887002244 8.5 0.1505 crystal_2
3.863 0.1487 0.173648177667 -0.852868531952 -0.492403876506 8.5 0.1481 crystal_2
3.851 0.1483 0.173648177667 -0.852868531952 0.492403876506 8.5 0.1476 crystal_2
3.7989 0.1237 0.173648177667 -0.69636424032 -0.69636424032 8.5 0.0015 crystal_1
3.7955 0.1237 0.173648177667 -0.69636424032 0.69636424032 8.5 0.0015 crystal_1
3.7231 0.1212 0.173648177667 -0.492403876506 -0.852868531952 8.5 0.0015 crystal_1
3.6553 0.1192 0.173648177667 -0.492403876506 0.852868531952 8.5 0.0015 crystal_1
3.4975 0.114 0.173648177667 -0.254887002244 -0.951251242564 8.5 0.0016 crystal_1
3.504 0.1144 0.173648177667 -0.254887002244 0.951251242564 8.5 0.0016 crystal_1
3.5154 0.1144 0.173648177667 0.0 -0.984807753012 8.5 0.0015 crystal_1
3.5052 0.1141 0.173648177667 0.0 0.984807753012 8.5 0.0015 crystal_1
3.5279 0.115 0.173648177667 0.254887002244 -0.951251242564 8.5 0.0016 crystal_1
3.5006 0.1141 0.173648177667 0.254887002244 0.951251242564 8.5 0.0016 crystal_1
3.6966 0.1204 0.173648177667 0.492403876506 -0.852868531952 8.5 0.0015 crystal_1
3.6895 0.1203 0.173648177667 0.492403876506 0.852868531952 8.5 0.0015 crystal_1
3.8246 0.1247 0.173648177667 0.69636424032 -0.69636424032 8.5 0.0015 crystal_1
3.7386 0.1219 0.173648177667 0.69636424032 0.69636424032 8.5 0.0015 crystal_1
3.8277 0.1473 0.173648177667 0.852868531952 -0.492403876506 8.5 0.1467 crystal_2
3.8815 0.1494 0.173648177667 0.852868531952 0.492403876506 8.5 0.1488 crystal_2
3.8942 0.1501 0.173648177667 0.951251242564 -0.254887002244 8.5 0.1493 crystal_2
3.9202 0.151 0.173648177667 0.951251242564 0.254887002244 8.5 0.1503 crystal_2
3.9704 0.1529 0.173648177667 0.984807753012 0.0 8.5 0.1522 crystal_2
4.012 0.1545 0.342020143326 -0.939692620786 0.0 8.5 0.1538 crystal_2
3.9482 0.152 0.342020143326 -0.90767337119 -0.243210346802 8.5 0.1513 crystal_2
3.9185 0.1509 0.342020143326 -0.90767337119 0.243210346802 8.5 0.1502 crystal_2
3.8521 0.1482 0.342020143326 -0.813797681349 -0.469846310393 8.5 0.1477 crystal_2
3.895 0.1499 0.342020143326 -0.813797681349 0.469846310393 8.5 0.1493 crystal_2
3.8383 0.125 0.342020143326 -0.664463024389 -0.664463024389 8.5 0.0015 crystal_1
3.8092 0.1241 0.342020143326 -0.664463024389 0.664463024389 8.5 0.0015 crystal_1
3.7587 0.1225 0.342020143326 -0.469846310393 -0.813797681349 8.5 0.0015 crystal_1
3.6883 0.1205 0.342020143326 -0.469846310393 0.813797681349 8.5 0.0015 crystal_1
3.6243 0.1181 0.342020143326 -0.243210346802 -0.90767337119 8.5 0.0015 crystal_1
3.5527 0.1159 0.342020143326 -0.243210346802 0.90767337119 8.5 0.0015 crystal_1
3.6208 0.1179 0.342020143326 -5.096e-09 -0.939692620786 8.5 0.0015 crystal_1
3.5256 0.1149 0.342020143326 0.0 0.939692620786 8.5 0.0015 crystal_1
3.6419 0.1187 0.342020143326 0.243210346802 -0.90767337119 8.5 0.0015 crystal_1
3.5146 0.1145 0.342020143326 0.243210346802 0.90767337119 8.5 0.0016 crystal_1
3.7371 0.1218 0.342020143326 0.469846310393 -0.813797681349 8.5 0.0015 crystal_1
3.6929 0.1204 0.342020143326 0.469846310393 0.813797681349 8.5 0.0015 crystal_1
3.8821 0.1264 0.342020143326 0.664463024389 -0.664463024389 8.5 0.0014 crystal_1
3.8087 0.1241 0.342020143326 0.664463024389 0.664463024389 8.5 0.0015 crystal_1
3.8701 0.149 0.342020143326 0.813797681349 -0.469846310393 8.5 0.1483 crystal_2
3.9101 0.1505 0.342020143326 0.813797681349 0.469846310393 8.5 0.1499 crystal_2
3.9283 0.1513 0.342020143326 0.90767337119 -0.243210346802 8.5 0.1506 crystal_2
3.9358 0.1515 0.342020143326 0.90767337119 0.243210346802 8.5 0.1509 crystal_2
4.0132 0.1544 0.342020143326 0.939692620786 0.0 8.5 0.1538 crystal_2
4.0146 0.1547 0.5 -0.866025403784 0.0 8.5 0.1539 crystal_2
3.9976 0.1539 0.5 -0.836516303738 -0.224143868042 8.5 0.1532 crystal_2
3.9773 0.153 0.5 -0.836516303738 0.224143868042 8.5 0.1524 crystal_2
3.874 0.1491 0.5 -0.75 -0.433012701892 8.5 0.1485 crystal_2
3.9158 0.1506 0.5 -0.75 0.433012701892 8.5 0.1501 crystal_2
3.894 0.1268 0.5 -0.612372435696 -0.612372435696 8.5 0.0015 crystal_1
3.8507 0.1254 0.5 -0.612372435696 0.612372435696 8.5 0.0015 crystal_1
3.8344 0.1249 0.5 -0.433012701892 -0.75 8.5 0.0015 crystal_1
3.7614 0.1226 0.5 -0.433012701892 0.75 8.5 0.0015 crystal_1
3.7104 0.1211 0.5 -0.224143868042 -0.836516303738 8.5 0.0015 crystal_1
3.6172 0.1178 0.5 -0.224143868042 0.836516303738 8.5 0.0015 crystal_1
3.7366 0.1216 0.5 0.0 -0.866025403784 8.5 0.0015 crystal_1
3.6165 0.118 0.5 0.0 0.866025403784 8.5 0.0015 crystal_1
3.7189 0.1212 0.5 0.224143868042 -0.836516303738 8.5 0.0015 crystal_1
3.6136 0.1179 0.5 0.224143868042 0.836516303738 8.5 0.0015 crystal_1
3.8352 0.125 0.5 0.433012701892 -0.75 8.5 0.0015 crystal_1
3.7774 0.1231 0.5 0.433012701892 0.75 8.5 0.0015 crystal_1
3.9474 0.1288 0.5 0.612372435696 -0.612372435696 8.5 0.0014 crystal_1
3.8429 0.1254 0.5 0.612372435696 0.612372435696 8.5 0.0015 crystal_1
3.8727 0.1488 0.5 0.75 -0.433012701892 8.5 0.1484 crystal_2
3.9204 0.1509 0.5 0.75 0.433012701892 8.5 0.1503 crystal_2
3.9191 0.1509 0.5 0.836516303738 -0.224143868042 8.5 0.1502 crystal_2
3.9323 0.1514 0.5 0.836516303738 0.224143868042 8.5 0.1507 crystal_2
4.032 0.1551 0.5 0.866025403784 0.0 8.5 0.1545 crystal_2
4.0442 0.1556 0.642787609687 -0.766044443119 0.0 8.5 0.155 crystal_2
3.9943 0.1539 0.642787609687 -0.739942111694 -0.198266891274 8.5 0.1531 crystal_2
3.985 0.1535 0.642787609687 -0.739942111694 0.198266891274 8.5 0.1527 crystal_2
3.9198 0.1508 0.642787609687 -0.663413948169 -0.383022221559 8.5 0.1502 crystal_2
3.9582 0.1524 0.642787609687 -0.663413948169 0.383022221559 8.5 0.1517 crystal_2
3.9592 0.1288 0.642787609687 -0.54167522042 -0.54167522042 8.5 0.0014 crystal_1
3.9124 0.1274 0.642787609687 -0.54167522042 0.54167522042 8.5 0.0014 crystal_1
3.9151 0.1276 0.642787609687 -0.383022221559 -0.663413948169 8.5 0.0015 crystal_1
3.845 0.1254 0.642787609687 -0.383022221559 0.663413948169 8.5 0.0015 crystal_1
3.8407 0.1252 0.642787609687 -0.198266891274 -0.739942111694 8.5 0.0015 crystal_1
3.7127 0.121 0.642787609687 -0.198266891274 0.739942111694 8.5 0.0015 crystal_1
3.8697 0.1259 0.642787609687 0.0 -0.766044443119 8.5 0.0015 crystal_1
3.7538 0.1223 0.642787609687 0.0 0.766044443119 8.5 0.0015 crystal_1
3.8508 0.1253 0.642787609687 0.198266891274 -0.739942111694 8.5 0.0015 crystal_1
3.7211 0.1217 0.642787609687 0.198266891274 0.739942111694 8.5 0.0015 crystal_1
3.9232 0.1278 0.642787609687 0.383022221559 -0.663413948169 8.5 0.0015 crystal_1
3.8563 0.1256 0.642787609687 0.383022221559 0.663413948169 8.5 0.0015 crystal_1
3.9891 0.1301 0.642787609687 0.54167522042 -0.54167522042 8.5 0.0014 crystal_1
3.8909 0.1268 0.642787609687 0.54167522042 0.54167522042 8.5 0.0014 crystal_1
3.9031 0.1503 0.642787609687 0.663413948169 -0.383022221559 8.5 0.1496 crystal_2
3.9803 0.1532 0.642787609687 0.663413948169 0.383022221559 8.5 0.1526 crystal_2
3.9561 0.1523 0.642787609687 0.739942111694 -0.198266891274 8.5 0.1516 crystal_2
3.9556 0.1523 0.642787609687 0.739942111694 0.198266891274 8.5 0.1516 crystal_2
4.0261 0.1551 0.642787609687 0.766044443119 0.0 8.5 0.1543 crystal_2
4.11 0.1583 0.766044443119 -0.642787609687 0.0 8.5 0.1575 crystal_2
4.0458 0.1558 0.766044443119 -0.620885153015 -0.166365675343 8.5 0.1551 crystal_2
4.0 0.154 0.766044443119 -0.620885153015 0.166365675343 8.5 0.1533 crystal_2
3.9606 0.1523 0.766044443119 -0.556670399226 -0.321393804843 8.5 0.1518 crystal_2
3.9931 0.1537 0.766044443119 -0.556670399226 0.321393804843 8.5 0.1531 crystal_2
4.0408 0.1317 0.766044443119 -0.454519477672 -0.454519477672 8.5 0.0014 crystal_1
3.9928 0.1301 0.766044443119 -0.454519477672 0.454519477672 8.5 0.0014 crystal_1
3.9853 0.1296 0.766044443119 -0.321393804843 -0.556670399226 8.5 0.0014 crystal_1
3.9238 0.1279 0.766044443119 -0.321393804843 0.556670399226 8.5 0.0014 crystal_1
3.9566 0.1288 0.766044443119 -0.166365675343 -0.620885153015 8.5 0.0014 crystal_1
3.8311 0.125 0.766044443119 -0.166365675343 0.620885153015 8.5 0.0015 crystal_1
4.023 0.1308 0.766044443119 -1.1415e-08 -0.642787609687 8.5 0.0014 crystal_1
3.9085 0.1274 0.766044443119 1.1415e-08 0.642787609687 8.5 0.0014 crystal_1
3.9783 0.1295 0.766044443119 0.166365675343 -0.620885153015 8.5 0.0014 crystal_1
3.8337 0.1252 0.766044443119 0.166365675343 0.620885153015 8.5 0.0015 crystal_1
3.9888 0.1298 0.766044443119 0.321393804843 -0.556670399226 8.5 0.0014 crystal_1
3.8958 0.127 0.766044443119 0.321393804843 0.556670399226 8.5 0.0014 crystal_1
4.0781 0.1332 0.766044443119 0.454519477672 -0.454519477672 8.5 0.0014 crystal_1
3.964 0.1291 0.766044443119 0.454519477672 0.454519477672 8.5 0.0014 crystal_1
3.8988 0.1502 0.766044443119 0.556670399226 -0.321393804843 8.5 0.1494 crystal_2
3.9833 0.1533 0.766044443119 0.556670399226 0.321393804843 8.5 0.1527 crystal_2
3.9724 0.153 0.766044443119 0.620885153015 -0.166365675343 8.5 0.1523 crystal_2
3.9715 0.1528 0.766044443119 0.620885153015 0.166365675343 8.5 0.1522 crystal_2
4.0559 0.1561 0.766044443119 0.642787609687 0.0 8.5 0.1555 crystal_2
4.1263 0.1589 0.866025403784 -0.5 0.0 8.5 0.1582 crystal_2
4.0785 0.1569 0.866025403784 -0.482962913145 -0.129409522551 8.5 0.1563 crystal_2
4.0292 0.1552 0.866025403784 -0.482962913145 0.129409522551 8.5 0.1544 crystal_2
4.0081 0.1543 0.866025403784 -0.433012701892 -0.25 8.5 0.1536 crystal_2
4.0172 0.1547 0.866025403784 -0.433012701892 0.25 8.5 0.154 crystal_2
4.1009 0.1335 0.866025403784 -0.353553390593 -0.353553390593 8.5 0.0014 crystal_1
4.1262 0.1347 0.866025403784 -0.353553390593 0.353553390593 8.5 0.0014 crystal_1
4.0806 0.1329 0.866025403784 -0.25 -0.433012701892 8.5 0.0014 crystal_1
4.0874 0.1333 0.866025403784 -0.25 0.433012701892 8.5 0.0014 crystal_1
4.0563 0.1321 0.866025403784 -0.129409522551 -0.482962913145 8.5 0.0014 crystal_1
4.0304 0.1315 0.866025403784 -0.129409522551 0.482962913145 8.5 0.0014 crystal_1
4.123 0.1342 0.866025403784 0.0 -0.5 8.5 0.0014 crystal_1
4.1397 0.1348 0.866025403784 0.0 0.5 8.5 0.0014 crystal_1
4.0659 0.1323 0.866025403784 0.129409522551 -0.482962913145 8.5 0.0014 crystal_1
4.0024 0.1303 0.866025403784 0.129409522551 0.482962913145 8.5 0.0014 crystal_1
4.0648 0.1327 0.866025403784 0.25 -0.433012701892 8.5 0.0014 crystal_1
4.0266 0.1311 0.866025403784 0.25 0.433012701892 8.5 0.0014 crystal_1
4.1808 0.136 0.866025403784 0.353553390593 -0.353553390593 8.5 0.0014 crystal_1
4.1275 0.1343 0.866025403784 0.353553390593 0.353553390593 8.5 0.0014 crystal_1
4.0012 0.1542 0.866025403784 0.433012701892 -0.25 8.5 0.1534 crystal_2
4.0517 0.1559 0.866025403784 0.433012701892 0.25 8.5 0.1553 crystal_2
4.0695 0.1568 0.866025403784 0.482962913145 -0.129409522551 8.5 0.156 crystal_2
4.084 0.1571 0.866025403784 0.482962913145 0.129409522551 8.5 0.1565 crystal_2
4.1461 0.1595 0.866025403784 0.5 0.0 8.5 0.1589 crystal_2
4.1564 0.16 0.939692620786 -0.342020143326 0.0 8.5 0.1593 crystal_2
4.1343 0.1591 0.939692620786 -0.330366089549 -0.088521326901 8.5 0.1585 crystal_2
4.0571 0.1562 0.939692620786 -0.330366089549 0.088521326901 8.5 0.1555 crystal_2
4.1206 0.1585 0.939692620786 -0.296198132726 -0.171010071663 8.5 0.1579 crystal_2
4.0731 0.1567 0.939692620786 -0.296198132726 0.171010071663 8.5 0.1561 crystal_2
4.1726 0.1359 0.939692620786 -0.241844762648 -0.241844762648 8.5 0.0014 crystal_1
4.2654 0.1391 0.939692620786 -0.241844762648 0.241844762648 8.5 0.0013 crystal_1
4.1734 0.1358 0.939692620786 -0.171010071663 -0.296198132726 8.5 0.0014 crystal_1
4.1647 0.1357 0.939692620786 -0.171010071663 0.296198132726 8.5 0.0014 crystal_1
4.1419 0.135 0.939692620786 -0.088521326901 -0.330366089549 8.5 0.0014 crystal_1
4.1534 0.1355 0.939692620786 -0.088521326901 0.330366089549 8.5 0.0014 crystal_1
4.2313 0.1379 0.939692620786 -1.4003e-08 0.342020143326 8.5 0.0013 crystal_1
4.2167 0.1372 0.939692620786 0.0 -0.342020143326 8.5 0.0014 crystal_1
4.139 0.1348 0.939692620786 0.088521326901 -0.330366089549 8.5 0.0014 crystal_1
4.1557 0.1355 0.939692620786 0.088521326901 0.330366089549 8.5 0.0014 crystal_1
4.1762 0.136 0.939692620786 0.171010071663 -0.296198132726 8.5 0.0014 crystal_1
4.105 0.1338 0.939692620786 0.171010071663 0.296198132726 8.5 0.0014 crystal_1
4.2478 0.1383 0.939692620786 0.241844762648 -0.241844762648 8.5 0.0013 crystal_1
4.1981 0.1368 0.939692620786 0.241844762648 0.241844762648 8.5 0.0013 crystal_1
4.0772 0.157 0.939692620786 0.296198132726 -0.171010071663 8.5 0.1563 crystal_2
4.1022 0.158 0.939692620786 0.296198132726 0.171010071663 8.5 0.1572 crystal_2
4.094 0.1576 0.939692620786 0.330366089549 -0.088521326901 8.5 0.1569 crystal_2
4.0987 0.1579 0.939692620786 0.330366089549 0.088521326901 8.5 0.1571 crystal_2
4.1447 0.1594 0.939692620786 0.342020143326 0.0 8.5 0.1589 crystal_2
4.175 0.1607 0.984807753012 -0.173648177667 0.0 8.5 0.16 crystal_2
4.1429 0.1595 0.984807753012 -0.167731259497 -0.044943455528 8.5 0.1588 crystal_2
4.1109 0.1582 0.984807753012 -0.167731259497 0.044943455528 8.5 0.1576 crystal_2
4.1274 0.1588 0.984807753012 -0.15038373318 -0.086824088833 8.5 0.1582 crystal_2
4.1041 0.158 0.984807753012 -0.15038373318 0.086824088833 8.5 0.1573 crystal_2
4.2474 0.1383 0.984807753012 -0.122787803969 -0.122787803969 8.5 0.0013 crystal_1
4.2999 0.14 0.984807753012 -0.122787803969 0.122787803969 8.5 0.0013 crystal_1
4.2371 0.1379 0.984807753012 -0.086824088833 -0.15038373318 8.5 0.0013 crystal_1
4.2362 0.1379 0.984807753012 -0.086824088833 0.15038373318 8.5 0.0013 crystal_1
4.2364 0.1378 0.984807753012 -0.044943455528 -0.167731259497 8.5 0.0013 crystal_1
4.2531 0.1385 0.984807753012 -0.044943455528 0.167731259497 8.5 0.0013 crystal_1
4.3126 0.1403 0.984807753012 0.0 -0.173648177667 8.5 0.0013 crystal_1
4.2865 0.1398 0.984807753012 0.0 0.173648177667 8.5 0.0013 crystal_1
4.2495 0.1383 0.984807753012 0.044943455528 -0.167731259497 8.5 0.0013 crystal_1
4.2141 0.1372 0.984807753012 0.044943455528 0.167731259497 8.5 0.0013 crystal_1
4.2275 0.1376 0.984807753012 0.086824088833 -0.15038373318 8.5 0.0013 crystal_1
4.2516 0.1383 0.984807753012 0.086824088833 0.15038373318 8.5 0.0013 crystal_1
4.2708 0.1392 0.984807753012 0.122787803969 -0.122787803969 8.5 0.0013 crystal_1
4.2581 0.1385 0.984807753012 0.122787803969 0.122787803969 8.5 0.0013 crystal_1
4.1116 0.1582 0.984807753012 0.15038373318 -0.086824088833 8.5 0.1576 crystal_2
4.1284 0.1589 0.984807753012 0.15038373318 0.086824088833 8.5 0.1582 crystal_2
4.1625 0.1601 0.984807753012 0.167731259497 -0.044943455528 8.5 0.1595 crystal_2
4.1406 0.1593 0.984807753012 0.167731259497 0.044943455528 8.5 0.1587 crystal_2
4.1832 0.1611 0.984807753012 0.173648177667 0.0 8.5 0.1603 crystal_2
4.3278 0.1407 1.0 0.0 0.0 8.5 0.0013 crystal_1
