0.3692 -1.000000000000 0.000000000000 0.000000000000
0.3691 -0.996194698092 -0.087155742748 0.000000000000
0.3691 -0.996194698092 -0.084185982829 -0.022557566113
0.3691 -0.996194698092 -0.084185982829 0.022557566113
0.3691 -0.996194698092 -0.075479087305 -0.043577871374
0.3691 -0.996194698092 -0.075479087305 0.043577871374
0.3691 -0.996194698092 -0.061628416716 -0.061628416716
0.3691 -0.996194698092 -0.061628416716 0.061628416716
0.3690 -0.996194698092 -0.043577871374 -0.075479087305
0.3691 -0.996194698092 -0.043577871374 0.075479087305
0.3691 -0.996194698092 -0.022557566113 -0.084185982829
0.3691 -0.996194698092 -0.022557566113 0.084185982829
0.3691 -0.996194698092 0.000000000000 -0.087155742748
0.3691 -0.996194698092 0.000000014844 0.087155742748
0.3691 -0.996194698092 0.022557566113 -0.084185982829
0.3691 -0.996194698092 0.022557566113 0.084185982829
0.3691 -0.996194698092 0.043577871374 -0.075479087305
0.3690 -0.996194698092 0.043577871374 0.075479087305
0.3691 -0.996194698092 0.061628416716 -0.061628416716
0.3691 -0.996194698092 0.061628416716 0.061628416716
0.3691 -0.996194698092 0.075479087305 -0.043577871374
0.3691 -0.996194698092 0.075479087305 0.043577871374
0.3691 -0.996194698092 0.084185982829 -0.022557566113
0.3691 -0.996194698092 0.084185982829 0.022557566113
0.3691 -0.996194698092 0.087155742748 0.000000000000
0.3689 -0.984807753012 -0.173648177667 0.000000000000
0.3688 -0.984807753012 -0.167731259497 -0.044943455528
0.3689 -0.984807753012 -0.167731259497 0.044943455528
0.3687 -0.984807753012 -0.150383733180 -0.086824088833
0.3688 -0.984807753012 -0.150383733180 0.086824088833
0.3687 -0.984807753012 -0.122787803969 -0.122787803969
0.3688 -0.984807753012 -0.122787803969 0.122787803969
0.3687 -0.984807753012 -0.086824088833 -0.150383733180
0.3688 -0.984807753012 -0.086824088833 0.150383733180
0.3687 -0.984807753012 -0.044943455528 -0.167731259497
0.3688 -0.984807753012 -0.044943455528 0.167731259497
0.3687 -0.984807753012 0.000000000000 -0.173648177667
0.3687 -0.984807753012 0.000000000000 0.173648177667
0.3688 -0.984807753012 0.044943455528 -0.167731259497
0.3687 -0.984807753012 0.044943455528 0.167731259497
0.3688 -0.984807753012 0.086824088833 -0.150383733180
0.3687 -0.984807753012 0.086824088833 0.150383733180
0.3688 -0.984807753012 0.122787803969 -0.122787803969
0.3687 -0.984807753012 0.122787803969 0.122787803969
0.3688 -0.984807753012 0.150383733180 -0.086824088833
0.3687 -0.984807753012 0.150383733180 0.086824088833
0.3689 -0.984807753012 0.167731259497 -0.044943455528
0.3688 -0.984807753012 0.167731259497 0.044943455528
0.3689 -0.984807753012 0.173648177667 0.000000000000
0.3685 -0.965925826289 -0.258819045103 0.000000000000
0.3683 -0.965925826289 -0.250000000000 -0.066987298108
0.3685 -0.965925826289 -0.250000000000 0.066987298108
0.3682 -0.965925826289 -0.224143868042 -0.129409522551
0.3683 -0.965925826289 -0.224143868042 0.129409522551
0.3682 -0.965925826289 -0.183012701892 -0.183012701892
0.3683 -0.965925826289 -0.183012701892 0.183012701892
0.3681 -0.965925826289 -0.129409522551 -0.224143868042
0.3683 -0.965925826289 -0.129409522551 0.224143868042
0.3681 -0.965925826289 -0.066987298108 -0.250000000000
0.3684 -0.965925826289 -0.066987298108 0.250000000000
0.3682 -0.965925826289 0.000000000000 -0.258819045103
0.3682 -0.965925826289 0.000000014393 0.258819045103
0.3684 -0.965925826289 0.066987298108 -0.250000000000
0.3681 -0.965925826289 0.066987298108 0.250000000000
0.3683 -0.965925826289 0.129409522551 -0.224143868042
0.3681 -0.965925826289 0.129409522551 0.224143868042
0.3683 -0.965925826289 0.183012701892 -0.183012701892
0.3682 -0.965925826289 0.183012701892 0.183012701892
0.3683 -0.965925826289 0.224143868042 -0.129409522551
0.3682 -0.965925826289 0.224143868042 0.129409522551
0.3685 -0.965925826289 0.250000000000 -0.066987298108
0.3683 -0.965925826289 0.250000000000 0.066987298108
0.3685 -0.965925826289 0.258819045103 0.000000000000
0.3680 -0.939692620786 -0.342020143326 0.000000000000
0.3677 -0.939692620786 -0.330366089549 -0.088521326901
0.3680 -0.939692620786 -0.330366089549 0.088521326901
0.3675 -0.939692620786 -0.296198132726 -0.171010071663
0.3677 -0.939692620786 -0.296198132726 0.171010071663
0.3675 -0.939692620786 -0.241844762648 -0.241844762648
0.3676 -0.939692620786 -0.241844762648 0.241844762648
0.3672 -0.939692620786 -0.171010071663 -0.296198132726
0.3676 -0.939692620786 -0.171010071663 0.296198132726
0.3674 -0.939692620786 -0.088521326901 -0.330366089549
0.3678 -0.939692620786 -0.088521326901 0.330366089549
0.3675 -0.939692620786 0.000000000000 -0.342020143326
0.3675 -0.939692620786 0.000000000000 0.342020143326
0.3678 -0.939692620786 0.088521326901 -0.330366089549
0.3674 -0.939692620786 0.088521326901 0.330366089549
0.3676 -0.939692620786 0.171010071663 -0.296198132726
0.3672 -0.939692620786 0.171010071663 0.296198132726
0.3676 -0.939692620786 0.241844762648 -0.241844762648
0.3675 -0.939692620786 0.241844762648 0.241844762648
0.3677 -0.939692620786 0.296198132726 -0.171010071663
0.3675 -0.939692620786 0.296198132726 0.171010071663
0.3680 -0.939692620786 0.330366089549 -0.088521326901
0.3677 -0.939692620786 0.330366089549 0.088521326901
0.3680 -0.939692620786 0.342020143326 0.000000000000
0.3674 -0.906307787037 -0.422618261741 0.000000000000
0.3670 -0.906307787037 -0.408217893677 -0.109381654947
0.3674 -0.906307787037 -0.408217893677 0.109381654947
0.3666 -0.906307787037 -0.365998150771 -0.211309130870
0.3669 -0.906307787037 -0.365998150771 0.211309130870
0.3667 -0.906307787037 -0.298836238730 -0.298836238730
0.3668 -0.906307787037 -0.298836238730 0.298836238730
0.3662 -0.906307787037 -0.211309130870 -0.365998150771
0.3667 -0.906307787037 -0.211309130870 0.365998150771
0.3664 -0.906307787037 -0.109381654947 -0.408217893677
0.3671 -0.906307787037 -0.109381654947 0.408217893677
0.3667 -0.906307787037 -0.000000000000 -0.422618261741
0.3667 -0.906307787037 0.000000000000 0.422618261741
0.3671 -0.906307787037 0.109381654947 -0.408217893677
0.3664 -0.906307787037 0.109381654947 0.408217893677
0.3668 -0.906307787037 0.211309130870 -0.365998150771
0.3662 -0.906307787037 0.211309130870 0.365998150771
0.3668 -0.906307787037 0.298836238730 -0.298836238730
0.3666 -0.906307787037 0.298836238730 0.298836238730
0.3669 -0.906307787037 0.365998150771 -0.211309130870
0.3666 -0.906307787037 0.365998150771 0.211309130870
0.3674 -0.906307787037 0.408217893677 -0.109381654947
0.3670 -0.906307787037 0.408217893677 0.109381654947
0.3675 -0.906307787037 0.422618261741 0.000000000000
0.3667 -0.866025403784 -0.500000000000 0.000000000000
0.3661 -0.866025403784 -0.482962913145 -0.129409522551
0.3667 -0.866025403784 -0.482962913145 0.129409522551
0.3656 -0.866025403784 -0.433012701892 -0.250000000000
0.3659 -0.866025403784 -0.433012701892 0.250000000000
0.3657 -0.866025403784 -0.353553390593 -0.353553390593
0.3659 -0.866025403784 -0.353553390593 0.353553390593
0.3650 -0.866025403784 -0.250000000000 -0.433012701892
0.3658 -0.866025403784 -0.250000000000 0.433012701892
0.3653 -0.866025403784 -0.129409522551 -0.482962913145
0.3663 -0.866025403784 -0.129409522551 0.482962913145
0.3657 -0.866025403784 -0.000000012905 -0.500000000000
0.3657 -0.866025403784 0.000000000000 0.500000000000
0.3663 -0.866025403784 0.129409522551 -0.482962913145
0.3653 -0.866025403784 0.129409522551 0.482962913145
0.3658 -0.866025403784 0.250000000000 -0.433012701892
0.3650 -0.866025403784 0.250000000000 0.433012701892
0.3658 -0.866025403784 0.353553390593 -0.353553390593
0.3656 -0.866025403784 0.353553390593 0.353553390593
0.3659 -0.866025403784 0.433012701892 -0.250000000000
0.3656 -0.866025403784 0.433012701892 0.250000000000
0.3667 -0.866025403784 0.482962913145 -0.129409522551
0.3661 -0.866025403784 0.482962913145 0.129409522551
0.3668 -0.866025403784 0.500000000000 0.000000000000
0.3660 -0.819152044289 -0.573576436351 0.000000000000
0.3651 -0.819152044289 -0.554032293222 -0.148452505550
0.3659 -0.819152044289 -0.554032293222 0.148452505550
0.3645 -0.819152044289 -0.496731764892 -0.286788218176
0.3649 -0.819152044289 -0.496731764892 0.286788218176
0.3646 -0.819152044289 -0.405579787673 -0.405579787673
0.3648 -0.819152044289 -0.405579787673 0.405579787673
0.3637 -0.819152044289 -0.286788218176 -0.496731764892
0.3647 -0.819152044289 -0.286788218176 0.496731764892
0.3641 -0.819152044289 -0.148452505550 -0.554032293222
0.3654 -0.819152044289 -0.148452505550 0.554032293222
0.3646 -0.819152044289 -0.000000000000 -0.573576436351
0.3646 -0.819152044289 0.000000000000 0.573576436351
0.3654 -0.819152044289 0.148452505550 -0.554032293222
0.3641 -0.819152044289 0.148452505550 0.554032293222
0.3647 -0.819152044289 0.286788218176 -0.496731764892
0.3637 -0.819152044289 0.286788218176 0.496731764892
0.3648 -0.819152044289 0.405579787673 -0.405579787673
0.3645 -0.819152044289 0.405579787673 0.405579787673
0.3649 -0.819152044289 0.496731764892 -0.286788218176
0.3645 -0.819152044289 0.496731764892 0.286788218176
0.3659 -0.819152044289 0.554032293222 -0.148452505550
0.3651 -0.819152044289 0.554032293222 0.148452505550
0.3660 -0.819152044289 0.573576436351 0.000000000000
0.3652 -0.766044443119 -0.642787609687 0.000000000000
0.3641 -0.766044443119 -0.620885153015 -0.166365675343
0.3651 -0.766044443119 -0.620885153015 0.166365675343
0.3633 -0.766044443119 -0.556670399226 -0.321393804843
0.3638 -0.766044443119 -0.556670399226 0.321393804843
0.3634 -0.766044443119 -0.454519477672 -0.454519477672
0.3637 -0.766044443119 -0.454519477672 0.454519477672
0.3623 -0.766044443119 -0.321393804843 -0.556670399226
0.3636 -0.766044443119 -0.321393804843 0.556670399226
0.3628 -0.766044443119 -0.166365675343 -0.620885153015
0.3645 -0.766044443119 -0.166365675343 0.620885153015
0.3634 -0.766044443119 -0.000000000000 -0.642787609687
0.3634 -0.766044443119 0.000000000000 0.642787609687
0.3645 -0.766044443119 0.166365675343 -0.620885153015
0.3628 -0.766044443119 0.166365675343 0.620885153015
0.3636 -0.766044443119 0.321393804843 -0.556670399226
0.3623 -0.766044443119 0.321393804843 0.556670399226
0.3637 -0.766044443119 0.454519477672 -0.454519477672
0.3633 -0.766044443119 0.454519477672 0.454519477672
0.3638 -0.766044443119 0.556670399226 -0.321393804843
0.3633 -0.766044443119 0.556670399226 0.321393804843
0.3651 -0.766044443119 0.620885153015 -0.166365675343
0.3641 -0.766044443119 0.620885153015 0.166365675343
0.3652 -0.766044443119 0.642787609687 0.000000000000
0.3643 -0.707106781187 -0.707106781187 0.000000000000
0.3630 -0.707106781187 -0.683012701892 -0.183012701892
0.3642 -0.707106781187 -0.683012701892 0.183012701892
0.3621 -0.707106781187 -0.612372435696 -0.353553390593
0.3627 -0.707106781187 -0.612372435696 0.353553390593
0.3621 -0.707106781187 -0.500000000000 -0.500000000000
0.3626 -0.707106781187 -0.500000000000 0.500000000000
0.3609 -0.707106781187 -0.353553390593 -0.612372435696
0.3624 -0.707106781187 -0.353553390593 0.612372435696
0.3615 -0.707106781187 -0.183012701892 -0.683012701892
0.3635 -0.707106781187 -0.183012701892 0.683012701892
0.3622 -0.707106781187 -0.000000000000 -0.707106781187
0.3622 -0.707106781187 0.000000000000 0.707106781187
0.3635 -0.707106781187 0.183012701892 -0.683012701892
0.3614 -0.707106781187 0.183012701892 0.683012701892
0.3624 -0.707106781187 0.353553390593 -0.612372435696
0.3609 -0.707106781187 0.353553390593 0.612372435696
0.3625 -0.707106781187 0.500000000000 -0.500000000000
0.3621 -0.707106781187 0.500000000000 0.500000000000
0.3627 -0.707106781187 0.612372435696 -0.353553390593
0.3621 -0.707106781187 0.612372435696 0.353553390593
0.3642 -0.707106781187 0.683012701892 -0.183012701892
0.3630 -0.707106781187 0.683012701892 0.183012701892
0.3643 -0.707106781187 0.707106781187 0.000000000000
0.3635 -0.642787609687 -0.766044443119 0.000000000000
0.3619 -0.642787609687 -0.739942111694 -0.198266891274
0.3633 -0.642787609687 -0.739942111694 0.198266891274
0.3608 -0.642787609687 -0.663413948169 -0.383022221559
0.3616 -0.642787609687 -0.663413948169 0.383022221559
0.3609 -0.642787609687 -0.541675220420 -0.541675220420
0.3614 -0.642787609687 -0.541675220420 0.541675220420
0.3595 -0.642787609687 -0.383022221559 -0.663413948169
0.3612 -0.642787609687 -0.383022221559 0.663413948169
0.3601 -0.642787609687 -0.198266891274 -0.739942111694
0.3625 -0.642787609687 -0.198266891274 0.739942111694
0.3609 -0.642787609687 -0.000000000000 -0.766044443119
0.3609 -0.642787609687 0.000000009578 0.766044443119
0.3625 -0.642787609687 0.198266891274 -0.739942111694
0.3601 -0.642787609687 0.198266891274 0.739942111694
0.3612 -0.642787609687 0.383022221559 -0.663413948169
0.3594 -0.642787609687 0.383022221559 0.663413948169
0.3614 -0.642787609687 0.541675220420 -0.541675220420
0.3609 -0.642787609687 0.541675220420 0.541675220420
0.3616 -0.642787609687 0.663413948169 -0.383022221559
0.3609 -0.642787609687 0.663413948169 0.383022221559
0.3633 -0.642787609687 0.739942111694 -0.198266891274
0.3619 -0.642787609687 0.739942111694 0.198266891274
0.3635 -0.642787609687 0.766044443119 0.000000000000
0.3627 -0.573576436351 -0.819152044289 0.000000000000
0.3609 -0.573576436351 -0.791240115236 -0.212012149897
0.3625 -0.573576436351 -0.791240115236 0.212012149897
0.3596 -0.573576436351 -0.709406479916 -0.409576022144
0.3605 -0.573576436351 -0.709406479916 0.409576022144
0.3597 -0.573576436351 -0.579227965340 -0.579227965340
0.3603 -0.573576436351 -0.579227965340 0.579227965340
0.3581 -0.573576436351 -0.409576022144 -0.709406479916
0.3601 -0.573576436351 -0.409576022144 0.709406479916
0.3588 -0.573576436351 -0.212012149897 -0.791240115236
0.3615 -0.573576436351 -0.212012149897 0.791240115236
0.3598 -0.573576436351 -0.000000008547 -0.819152044289
0.3598 -0.573576436351 0.000000000000 0.819152044289
0.3615 -0.573576436351 0.212012149897 -0.791240115236
0.3588 -0.573576436351 0.212012149897 0.791240115236
0.3601 -0.573576436351 0.409576022144 -0.709406479916
0.3581 -0.573576436351 0.409576022144 0.709406479916
0.3603 -0.573576436351 0.579227965340 -0.579227965340
0.3597 -0.573576436351 0.579227965340 0.579227965340
0.3605 -0.573576436351 0.709406479916 -0.409576022144
0.3597 -0.573576436351 0.709406479916 0.409576022144
0.3625 -0.573576436351 0.791240115236 -0.212012149897
0.3609 -0.573576436351 0.791240115236 0.212012149897
0.3627 -0.573576436351 0.819152044289 0.000000000000
0.3619 -0.500000000000 -0.866025403784 0.000000000000
0.3599 -0.500000000000 -0.836516303738 -0.224143868042
0.3617 -0.500000000000 -0.836516303738 0.224143868042
0.3585 -0.500000000000 -0.750000000000 -0.433012701892
0.3595 -0.500000000000 -0.750000000000 0.433012701892
0.3586 -0.500000000000 -0.612372435696 -0.612372435696
0.3593 -0.500000000000 -0.612372435696 0.612372435696
0.3568 -0.500000000000 -0.433012701892 -0.750000000000
0.3590 -0.500000000000 -0.433012701892 0.750000000000
0.3576 -0.500000000000 -0.224143868042 -0.836516303738
0.3606 -0.500000000000 -0.224143868042 0.836516303738
0.3587 -0.500000000000 -0.000000000000 -0.866025403784
0.3586 -0.500000000000 0.000000000000 0.866025403784
0.3606 -0.500000000000 0.224143868042 -0.836516303738
0.3576 -0.500000000000 0.224143868042 0.836516303738
0.3590 -0.500000000000 0.433012701892 -0.750000000000
0.3568 -0.500000000000 0.433012701892 0.750000000000
0.3592 -0.500000000000 0.612372435696 -0.612372435696
0.3586 -0.500000000000 0.612372435696 0.612372435696
0.3595 -0.500000000000 0.750000000000 -0.433012701892
0.3585 -0.500000000000 0.750000000000 0.433012701892
0.3617 -0.500000000000 0.836516303738 -0.224143868042
0.3599 -0.500000000000 0.836516303738 0.224143868042
0.3619 -0.500000000000 0.866025403784 0.000000000000
0.3612 -0.422618261741 -0.906307787037 0.000000000000
0.3591 -0.422618261741 -0.875426098066 -0.234569716010
0.3610 -0.422618261741 -0.875426098066 0.234569716010
0.3575 -0.422618261741 -0.784885567221 -0.453153893518
0.3585 -0.422618261741 -0.784885567221 0.453153893518
0.3576 -0.422618261741 -0.640856382056 -0.640856382056
0.3583 -0.422618261741 -0.640856382056 0.640856382056
0.3556 -0.422618261741 -0.453153893518 -0.784885567221
0.3580 -0.422618261741 -0.453153893518 0.784885567221
0.3565 -0.422618261741 -0.234569716010 -0.875426098066
0.3598 -0.422618261741 -0.234569716010 0.875426098066
0.3576 -0.422618261741 -0.000000000000 -0.906307787037
0.3576 -0.422618261741 0.000000000000 0.906307787037
0.3598 -0.422618261741 0.234569716010 -0.875426098066
0.3565 -0.422618261741 0.234569716010 0.875426098066
0.3580 -0.422618261741 0.453153893518 -0.784885567221
0.3556 -0.422618261741 0.453153893518 0.784885567221
0.3583 -0.422618261741 0.640856382056 -0.640856382056
0.3576 -0.422618261741 0.640856382056 0.640856382056
0.3585 -0.422618261741 0.784885567221 -0.453153893518
0.3575 -0.422618261741 0.784885567221 0.453153893518
0.3610 -0.422618261741 0.875426098066 -0.234569716010
0.3590 -0.422618261741 0.875426098066 0.234569716010
0.3612 -0.422618261741 0.906307787037 0.000000000000
0.3606 -0.342020143326 -0.939692620786 0.000000000000
0.3583 -0.342020143326 -0.907673371190 -0.243210346802
0.3604 -0.342020143326 -0.907673371190 0.243210346802
0.3566 -0.342020143326 -0.813797681349 -0.469846310393
0.3577 -0.342020143326 -0.813797681349 0.469846310393
0.3567 -0.342020143326 -0.664463024389 -0.664463024389
0.3575 -0.342020143326 -0.664463024389 0.664463024389
0.3546 -0.342020143326 -0.469846310393 -0.813797681349
0.3572 -0.342020143326 -0.469846310393 0.813797681349
0.3555 -0.342020143326 -0.243210346802 -0.907673371190
0.3591 -0.342020143326 -0.243210346802 0.907673371190
0.3568 -0.342020143326 -0.000000000000 -0.939692620786
0.3568 -0.342020143326 0.000000000000 0.939692620786
0.3591 -0.342020143326 0.243210346802 -0.907673371190
0.3555 -0.342020143326 0.243210346802 0.907673371190
0.3572 -0.342020143326 0.469846310393 -0.813797681349
0.3546 -0.342020143326 0.469846310393 0.813797681349
0.3575 -0.342020143326 0.664463024389 -0.664463024389
0.3567 -0.342020143326 0.664463024389 0.664463024389
0.3577 -0.342020143326 0.813797681349 -0.469846310393
0.3566 -0.342020143326 0.813797681349 0.469846310393
0.3604 -0.342020143326 0.907673371190 -0.243210346802
0.3583 -0.342020143326 0.907673371190 0.243210346802
0.3606 -0.342020143326 0.939692620786 0.000000000000
0.3601 -0.258819045103 -0.965925826289 0.000000000000
0.3577 -0.258819045103 -0.933012701892 -0.250000000000
0.3599 -0.258819045103 -0.933012701892 0.250000000000
0.3559 -0.258819045103 -0.836516303738 -0.482962913145
0.3571 -0.258819045103 -0.836516303738 0.482962913145
0.3560 -0.258819045103 -0.683012701892 -0.683012701892
0.3568 -0.258819045103 -0.683012701892 0.683012701892
0.3537 -0.258819045103 -0.482962913145 -0.836516303738
0.3565 -0.258819045103 -0.482962913145 0.836516303738
0.3548 -0.258819045103 -0.250000000000 -0.933012701892
0.3585 -0.258819045103 -0.250000000000 0.933012701892
0.3561 -0.258819045103 -0.000000000000 -0.965925826289
0.3561 -0.258819045103 0.000000000000 0.965925826289
0.3586 -0.258819045103 0.250000000000 -0.933012701892
0.3548 -0.258819045103 0.250000000000 0.933012701892
0.3565 -0.258819045103 0.482962913145 -0.836516303738
0.3537 -0.258819045103 0.482962913145 0.836516303738
0.3568 -0.258819045103 0.683012701892 -0.683012701892
0.3560 -0.258819045103 0.683012701892 0.683012701892
0.3571 -0.258819045103 0.836516303738 -0.482962913145
0.3559 -0.258819045103 0.836516303738 0.482962913145
0.3599 -0.258819045103 0.933012701892 -0.250000000000
0.3577 -0.258819045103 0.933012701892 0.250000000000
0.3601 -0.258819045103 0.965925826289 0.000000000000
0.3598 -0.173648177667 -0.984807753012 0.000000000000
0.3572 -0.173648177667 -0.951251242564 -0.254887002244
0.3595 -0.173648177667 -0.951251242564 0.254887002244
0.3554 -0.173648177667 -0.852868531952 -0.492403876506
0.3566 -0.173648177667 -0.852868531952 0.492403876506
0.3555 -0.173648177667 -0.696364240320 -0.696364240320
0.3563 -0.173648177667 -0.696364240320 0.696364240320
0.3531 -0.173648177667 -0.492403876506 -0.852868531952
0.3560 -0.173648177667 -0.492403876506 0.852868531952
0.3542 -0.173648177667 -0.254887002244 -0.951251242564
0.3581 -0.173648177667 -0.254887002244 0.951251242564
0.3556 -0.173648177667 -0.000000002588 -0.984807753012
0.3556 -0.173648177667 0.000000002588 0.984807753012
0.3581 -0.173648177667 0.254887002244 -0.951251242564
0.3542 -0.173648177667 0.254887002244 0.951251242564
0.3560 -0.173648177667 0.492403876506 -0.852868531952
0.3531 -0.173648177667 0.492403876506 0.852868531952
0.3563 -0.173648177667 0.696364240320 -0.696364240320
0.3555 -0.173648177667 0.696364240320 0.696364240320
0.3566 -0.173648177667 0.852868531952 -0.492403876506
0.3554 -0.173648177667 0.852868531952 0.492403876506
0.3595 -0.173648177667 0.951251242564 -0.254887002244
0.3572 -0.173648177667 0.951251242564 0.254887002244
0.3598 -0.173648177667 0.984807753012 0.000000000000
0.3596 -0.087155742748 -0.996194698092 0.000000000000
0.3569 -0.087155742748 -0.962250186899 -0.257834160496
0.3593 -0.087155742748 -0.962250186899 0.257834160496
0.3551 -0.087155742748 -0.862729915663 -0.498097349046
0.3563 -0.087155742748 -0.862729915663 0.498097349046
0.3552 -0.087155742748 -0.704416026403 -0.704416026403
0.3560 -0.087155742748 -0.704416026403 0.704416026403
0.3527 -0.087155742748 -0.498097349046 -0.862729915663
0.3557 -0.087155742748 -0.498097349046 0.862729915663
0.3538 -0.087155742748 -0.257834160496 -0.962250186899
0.3579 -0.087155742748 -0.257834160496 0.962250186899
0.3553 -0.087155742748 -0.000000000000 -0.996194698092
0.3553 -0.087155742748 0.000000000000 0.996194698092
0.3579 -0.087155742748 0.257834160496 -0.962250186899
0.3538 -0.087155742748 0.257834160496 0.962250186899
0.3557 -0.087155742748 0.498097349046 -0.862729915663
0.3527 -0.087155742748 0.498097349046 0.862729915663
0.3560 -0.087155742748 0.704416026403 -0.704416026403
0.3552 -0.087155742748 0.704416026403 0.704416026403
0.3563 -0.087155742748 0.862729915663 -0.498097349046
0.3551 -0.087155742748 0.862729915663 0.498097349046
0.3593 -0.087155742748 0.962250186899 -0.257834160496
0.3569 -0.087155742748 0.962250186899 0.257834160496
0.3596 -0.087155742748 0.996194698092 0.000000000000
0.3595 0.000000000000 -1.000000000000 0.000000000000
0.3568 0.000000000000 -0.965925826289 -0.258819045103
0.3592 0.000000000000 -0.965925826289 0.258819045103
0.3550 0.000000000000 -0.866025403784 -0.500000000000
0.3562 0.000000000000 -0.866025403784 0.500000000000
0.3551 0.000000000000 -0.707106781187 -0.707106781187
0.3559 0.000000000000 -0.707106781187 0.707106781187
0.3526 0.000000000000 -0.500000000000 -0.866025403784
0.3556 0.000000000000 -0.500000000000 0.866025403784
0.3537 0.000000000000 -0.258819045103 -0.965925826289
0.3578 0.000000000000 -0.258819045103 0.965925826289
0.3551 0.000000000000 0.000000000000 -1.000000000000
0.3551 -0.000000000000 0.000000000000 1.000000000000
0.3578 0.000000000000 0.258819045103 -0.965925826289
0.3537 0.000000000000 0.258819045103 0.965925826289
0.3556 0.000000000000 0.500000000000 -0.866025403784
0.3526 0.000000000000 0.500000000000 0.866025403784
0.3559 0.000000000000 0.707106781187 -0.707106781187
0.3551 0.000000000000 0.707106781187 0.707106781187
0.3562 0.000000000000 0.866025403784 -0.500000000000
0.3550 0.000000000000 0.866025403784 0.500000000000
0.3592 0.000000000000 0.965925826289 -0.258819045103
0.3568 0.000000000000 0.965925826289 0.258819045103
0.3595 0.000000000000 1.000000000000 0.000000000000
0.3596 0.087155742748 -0.996194698092 0.000000000000
0.3569 0.087155742748 -0.962250186899 -0.257834160496
0.3593 0.087155742748 -0.962250186899 0.257834160496
0.3551 0.087155742748 -0.862729915663 -0.498097349046
0.3563 0.087155742748 -0.862729915663 0.498097349046
0.3552 0.087155742748 -0.704416026403 -0.704416026403
0.3560 0.087155742748 -0.704416026403 0.704416026403
0.3527 0.087155742748 -0.498097349046 -0.862729915663
0.3557 0.087155742748 -0.498097349046 0.862729915663
0.3538 0.087155742748 -0.257834160496 -0.962250186899
0.3579 0.087155742748 -0.257834160496 0.962250186899
0.3553 0.087155742748 0.000000000000 -0.996194698092
0.3553 0.087155742748 0.000000000000 0.996194698092
0.3579 0.087155742748 0.257834160496 -0.962250186899
0.3538 0.087155742748 0.257834160496 0.962250186899
0.3557 0.087155742748 0.498097349046 -0.862729915663
0.3527 0.087155742748 0.498097349046 0.862729915663
0.3560 0.087155742748 0.704416026403 -0.704416026403
0.3552 0.087155742748 0.704416026403 0.704416026403
0.3563 0.087155742748 0.862729915663 -0.498097349046
0.3551 0.087155742748 0.862729915663 0.498097349046
0.3593 0.087155742748 0.962250186899 -0.257834160496
0.3569 0.087155742748 0.962250186899 0.257834160496
0.3596 0.087155742748 0.996194698092 0.000000000000
0.3598 0.173648177667 -0.984807753012 0.000000000000
0.3572 0.173648177667 -0.951251242564 -0.254887002244
0.3595 0.173648177667 -0.951251242564 0.254887002244
0.3554 0.173648177667 -0.852868531952 -0.492403876506
0.3566 0.173648177667 -0.852868531952 0.492403876506
0.3555 0.173648177667 -0.696364240320 -0.696364240320
0.3563 0.173648177667 -0.696364240320 0.696364240320
0.3531 0.173648177667 -0.492403876506 -0.852868531952
0.3560 0.173648177667 -0.492403876506 0.852868531952
0.3542 0.173648177667 -0.254887002244 -0.951251242564
0.3581 0.173648177667 -0.254887002244 0.951251242564
0.3556 0.173648177667 -0.000000002588 -0.984807753012
0.3556 0.173648177667 0.000000002588 0.984807753012
0.3581 0.173648177667 0.254887002244 -0.951251242564
0.3542 0.173648177667 0.254887002244 0.951251242564
0.3560 0.173648177667 0.492403876506 -0.852868531952
0.3531 0.173648177667 0.492403876506 0.852868531952
0.3563 0.173648177667 0.696364240320 -0.696364240320
0.3555 0.173648177667 0.696364240320 0.696364240320
0.3566 0.173648177667 0.852868531952 -0.492403876506
0.3554 0.173648177667 0.852868531952 0.492403876506
0.3595 0.173648177667 0.951251242564 -0.254887002244
0.3572 0.173648177667 0.951251242564 0.254887002244
0.3598 0.173648177667 0.984807753012 0.000000000000
0.3601 0.258819045103 -0.965925826289 0.000000000000
0.3577 0.258819045103 -0.933012701892 -0.250000000000
0.3599 0.258819045103 -0.933012701892 0.250000000000
0.3559 0.258819045103 -0.836516303738 -0.482962913145
0.3571 0.258819045103 -0.836516303738 0.482962913145
0.3560 0.258819045103 -0.683012701892 -0.683012701892
0.3568 0.258819045103 -0.683012701892 0.683012701892
0.3537 0.258819045103 -0.482962913145 -0.836516303738
0.3565 0.258819045103 -0.482962913145 0.836516303738
0.3548 0.258819045103 -0.250000000000 -0.933012701892
0.3586 0.258819045103 -0.250000000000 0.933012701892
0.3561 0.258819045103 0.000000000000 -0.965925826289
0.3561 0.258819045103 0.000000000000 0.965925826289
0.3585 0.258819045103 0.250000000000 -0.933012701892
0.3548 0.258819045103 0.250000000000 0.933012701892
0.3565 0.258819045103 0.482962913145 -0.836516303738
0.3537 0.258819045103 0.482962913145 0.836516303738
0.3568 0.258819045103 0.683012701892 -0.683012701892
0.3560 0.258819045103 0.683012701892 0.683012701892
0.3571 0.258819045103 0.836516303738 -0.482962913145
0.3559 0.258819045103 0.836516303738 0.482962913145
0.3599 0.258819045103 0.933012701892 -0.250000000000
0.3577 0.258819045103 0.933012701892 0.250000000000
0.3601 0.258819045103 0.965925826289 0.000000000000
0.3606 0.342020143326 -0.939692620786 0.000000000000
0.3583 0.342020143326 -0.907673371190 -0.243210346802
0.3604 0.342020143326 -0.907673371190 0.243210346802
0.3566 0.342020143326 -0.813797681349 -0.469846310393
0.3577 0.342020143326 -0.813797681349 0.469846310393
0.3567 0.342020143326 -0.664463024389 -0.664463024389
0.3575 0.342020143326 -0.664463024389 0.664463024389
0.3546 0.342020143326 -0.469846310393 -0.813797681349
0.3572 0.342020143326 -0.469846310393 0.813797681349
0.3555 0.342020143326 -0.243210346802 -0.907673371190
0.3591 0.342020143326 -0.243210346802 0.907673371190
0.3568 0.342020143326 0.000000000000 -0.939692620786
0.3568 0.342020143326 0.000000000000 0.939692620786
0.3591 0.342020143326 0.243210346802 -0.907673371190
0.3555 0.342020143326 0.243210346802 0.907673371190
0.3572 0.342020143326 0.469846310393 -0.813797681349
0.3546 0.342020143326 0.469846310393 0.813797681349
0.3575 0.342020143326 0.664463024389 -0.664463024389
0.3567 0.342020143326 0.664463024389 0.664463024389
0.3577 0.342020143326 0.813797681349 -0.469846310393
0.3566 0.342020143326 0.813797681349 0.469846310393
0.3604 0.342020143326 0.907673371190 -0.243210346802
0.3583 0.342020143326 0.907673371190 0.243210346802
0.3606 0.342020143326 0.939692620786 0.000000000000
0.3612 0.422618261741 -0.906307787037 0.000000000000
0.3590 0.422618261741 -0.875426098066 -0.234569716010
0.3610 0.422618261741 -0.875426098066 0.234569716010
0.3575 0.422618261741 -0.784885567221 -0.453153893518
0.3585 0.422618261741 -0.784885567221 0.453153893518
0.3576 0.422618261741 -0.640856382056 -0.640856382056
0.3583 0.422618261741 -0.640856382056 0.640856382056
0.3556 0.422618261741 -0.453153893518 -0.784885567221
0.3580 0.422618261741 -0.453153893518 0.784885567221
0.3565 0.422618261741 -0.234569716010 -0.875426098066
0.3598 0.422618261741 -0.234569716010 0.875426098066
0.3576 0.422618261741 0.000000000000 -0.906307787037
0.3576 0.422618261741 0.000000000000 0.906307787037
0.3598 0.422618261741 0.234569716010 -0.875426098066
0.3565 0.422618261741 0.234569716010 0.875426098066
0.3580 0.422618261741 0.453153893518 -0.784885567221
0.3556 0.422618261741 0.453153893518 0.784885567221
0.3583 0.422618261741 0.640856382056 -0.640856382056
0.3576 0.422618261741 0.640856382056 0.640856382056
0.3585 0.422618261741 0.784885567221 -0.453153893518
0.3575 0.422618261741 0.784885567221 0.453153893518
0.3610 0.422618261741 0.875426098066 -0.234569716010
0.3591 0.422618261741 0.875426098066 0.234569716010
0.3612 0.422618261741 0.906307787037 0.000000000000
0.3619 0.500000000000 -0.866025403784 0.000000000000
0.3599 0.500000000000 -0.836516303738 -0.224143868042
0.3617 0.500000000000 -0.836516303738 0.224143868042
0.3585 0.500000000000 -0.750000000000 -0.433012701892
0.3595 0.500000000000 -0.750000000000 0.433012701892
0.3586 0.500000000000 -0.612372435696 -0.612372435696
0.3592 0.500000000000 -0.612372435696 0.612372435696
0.3568 0.500000000000 -0.433012701892 -0.750000000000
0.3590 0.500000000000 -0.433012701892 0.750000000000
0.3576 0.500000000000 -0.224143868042 -0.836516303738
0.3606 0.500000000000 -0.224143868042 0.836516303738
0.3586 0.500000000000 0.000000000000 -0.866025403784
0.3587 0.500000000000 0.000000000000 0.866025403784
0.3606 0.500000000000 0.224143868042 -0.836516303738
0.3576 0.500000000000 0.224143868042 0.836516303738
0.3590 0.500000000000 0.433012701892 -0.750000000000
0.3568 0.500000000000 0.433012701892 0.750000000000
0.3593 0.500000000000 0.612372435696 -0.612372435696
0.3586 0.500000000000 0.612372435696 0.612372435696
0.3595 0.500000000000 0.750000000000 -0.433012701892
0.3585 0.500000000000 0.750000000000 0.433012701892
0.3617 0.500000000000 0.836516303738 -0.224143868042
0.3599 0.500000000000 0.836516303738 0.224143868042
0.3619 0.500000000000 0.866025403784 0.000000000000
0.3627 0.573576436351 -0.819152044289 0.000000000000
0.3609 0.573576436351 -0.791240115236 -0.212012149897
0.3625 0.573576436351 -0.791240115236 0.212012149897
0.3597 0.573576436351 -0.709406479916 -0.409576022144
0.3605 0.573576436351 -0.709406479916 0.409576022144
0.3597 0.573576436351 -0.579227965340 -0.579227965340
0.3603 0.573576436351 -0.579227965340 0.579227965340
0.3581 0.573576436351 -0.409576022144 -0.709406479916
0.3601 0.573576436351 -0.409576022144 0.709406479916
0.3588 0.573576436351 -0.212012149897 -0.791240115236
0.3615 0.573576436351 -0.212012149897 0.791240115236
0.3598 0.573576436351 0.000000000000 -0.819152044289
0.3598 0.573576436351 0.000000008547 0.819152044289
0.3615 0.573576436351 0.212012149897 -0.791240115236
0.3588 0.573576436351 0.212012149897 0.791240115236
0.3601 0.573576436351 0.409576022144 -0.709406479916
0.3581 0.573576436351 0.409576022144 0.709406479916
0.3603 0.573576436351 0.579227965340 -0.579227965340
0.3597 0.573576436351 0.579227965340 0.579227965340
0.3605 0.573576436351 0.709406479916 -0.409576022144
0.3596 0.573576436351 0.709406479916 0.409576022144
0.3625 0.573576436351 0.791240115236 -0.212012149897
0.3609 0.573576436351 0.791240115236 0.212012149897
0.3627 0.573576436351 0.819152044289 0.000000000000
0.3635 0.642787609687 -0.766044443119 0.000000000000
0.3619 0.642787609687 -0.739942111694 -0.198266891274
0.3633 0.642787609687 -0.739942111694 0.198266891274
0.3609 0.642787609687 -0.663413948169 -0.383022221559
0.3616 0.642787609687 -0.663413948169 0.383022221559
0.3609 0.642787609687 -0.541675220420 -0.541675220420
0.3614 0.642787609687 -0.541675220420 0.541675220420
0.3594 0.642787609687 -0.383022221559 -0.663413948169
0.3612 0.642787609687 -0.383022221559 0.663413948169
0.3601 0.642787609687 -0.198266891274 -0.739942111694
0.3625 0.642787609687 -0.198266891274 0.739942111694
0.3609 0.642787609687 -0.000000009578 -0.766044443119
0.3609 0.642787609687 0.000000000000 0.766044443119
0.3625 0.642787609687 0.198266891274 -0.739942111694
0.3601 0.642787609687 0.198266891274 0.739942111694
0.3612 0.642787609687 0.383022221559 -0.663413948169
0.3595 0.642787609687 0.383022221559 0.663413948169
0.3614 0.642787609687 0.541675220420 -0.541675220420
0.3609 0.642787609687 0.541675220420 0.541675220420
0.3616 0.642787609687 0.663413948169 -0.383022221559
0.3608 0.642787609687 0.663413948169 0.383022221559
0.3633 0.642787609687 0.739942111694 -0.198266891274
0.3619 0.642787609687 0.739942111694 0.198266891274
0.3635 0.642787609687 0.766044443119 0.000000000000
0.3643 0.707106781187 -0.707106781187 0.000000000000
0.3630 0.707106781187 -0.683012701892 -0.183012701892
0.3642 0.707106781187 -0.683012701892 0.183012701892
0.3621 0.707106781187 -0.612372435696 -0.353553390593
0.3627 0.707106781187 -0.612372435696 0.353553390593
0.3621 0.707106781187 -0.500000000000 -0.500000000000
0.3625 0.707106781187 -0.500000000000 0.500000000000
0.3609 0.707106781187 -0.353553390593 -0.612372435696
0.3624 0.707106781187 -0.353553390593 0.612372435696
0.3614 0.707106781187 -0.183012701892 -0.683012701892
0.3635 0.707106781187 -0.183012701892 0.683012701892
0.3622 0.707106781187 0.000000000000 -0.707106781187
0.3622 0.707106781187 0.000000000000 0.707106781187
0.3635 0.707106781187 0.183012701892 -0.683012701892
0.3615 0.707106781187 0.183012701892 0.683012701892
0.3624 0.707106781187 0.353553390593 -0.612372435696
0.3609 0.707106781187 0.353553390593 0.612372435696
0.3626 0.707106781187 0.500000000000 -0.500000000000
0.3621 0.707106781187 0.500000000000 0.500000000000
0.3627 0.707106781187 0.612372435696 -0.353553390593
0.3621 0.707106781187 0.612372435696 0.353553390593
0.3642 0.707106781187 0.683012701892 -0.183012701892
0.3630 0.707106781187 0.683012701892 0.183012701892
0.3643 0.707106781187 0.707106781187 0.000000000000
0.3652 0.766044443119 -0.642787609687 0.000000000000
0.3641 0.766044443119 -0.620885153015 -0.166365675343
0.3651 0.766044443119 -0.620885153015 0.166365675343
0.3633 0.766044443119 -0.556670399226 -0.321393804843
0.3638 0.766044443119 -0.556670399226 0.321393804843
0.3633 0.766044443119 -0.454519477672 -0.454519477672
0.3637 0.766044443119 -0.454519477672 0.454519477672
0.3623 0.766044443119 -0.321393804843 -0.556670399226
0.3636 0.766044443119 -0.321393804843 0.556670399226
0.3628 0.766044443119 -0.166365675343 -0.620885153015
0.3645 0.766044443119 -0.166365675343 0.620885153015
0.3634 0.766044443119 0.000000000000 -0.642787609687
0.3634 0.766044443119 0.000000000000 0.642787609687
0.3645 0.766044443119 0.166365675343 -0.620885153015
0.3628 0.766044443119 0.166365675343 0.620885153015
0.3636 0.766044443119 0.321393804843 -0.556670399226
0.3623 0.766044443119 0.321393804843 0.556670399226
0.3637 0.766044443119 0.454519477672 -0.454519477672
0.3634 0.766044443119 0.454519477672 0.454519477672
0.3638 0.766044443119 0.556670399226 -0.321393804843
0.3633 0.766044443119 0.556670399226 0.321393804843
0.3651 0.766044443119 0.620885153015 -0.166365675343
0.3641 0.766044443119 0.620885153015 0.166365675343
0.3652 0.766044443119 0.642787609687 0.000000000000
0.3660 0.819152044289 -0.573576436351 0.000000000000
0.3651 0.819152044289 -0.554032293222 -0.148452505550
0.3659 0.819152044289 -0.554032293222 0.148452505550
0.3645 0.819152044289 -0.496731764892 -0.286788218176
0.3649 0.819152044289 -0.496731764892 0.286788218176
0.3645 0.819152044289 -0.405579787673 -0.405579787673
0.3648 0.819152044289 -0.405579787673 0.405579787673
0.3637 0.819152044289 -0.286788218176 -0.496731764892
0.3647 0.819152044289 -0.286788218176 0.496731764892
0.3641 0.819152044289 -0.148452505550 -0.554032293222
0.3654 0.819152044289 -0.148452505550 0.554032293222
0.3646 0.819152044289 0.000000000000 -0.573576436351
0.3646 0.819152044289 0.000000000000 0.573576436351
0.3654 0.819152044289 0.148452505550 -0.554032293222
0.3641 0.819152044289 0.148452505550 0.554032293222
0.3647 0.819152044289 0.286788218176 -0.496731764892
0.3637 0.819152044289 0.286788218176 0.496731764892
0.3648 0.819152044289 0.405579787673 -0.405579787673
0.3646 0.819152044289 0.405579787673 0.405579787673
0.3649 0.819152044289 0.496731764892 -0.286788218176
0.3645 0.819152044289 0.496731764892 0.286788218176
0.3659 0.819152044289 0.554032293222 -0.148452505550
0.3651 0.819152044289 0.554032293222 0.148452505550
0.3660 0.819152044289 0.573576436351 0.000000000000
0.3668 0.866025403784 -0.500000000000 0.000000000000
0.3661 0.866025403784 -0.482962913145 -0.129409522551
0.3667 0.866025403784 -0.482962913145 0.129409522551
0.3656 0.866025403784 -0.433012701892 -0.250000000000
0.3659 0.866025403784 -0.433012701892 0.250000000000
0.3656 0.866025403784 -0.353553390593 -0.353553390593
0.3658 0.866025403784 -0.353553390593 0.353553390593
0.3650 0.866025403784 -0.250000000000 -0.433012701892
0.3658 0.866025403784 -0.250000000000 0.433012701892
0.3653 0.866025403784 -0.129409522551 -0.482962913145
0.3663 0.866025403784 -0.129409522551 0.482962913145
0.3657 0.866025403784 0.000000000000 -0.500000000000
0.3657 0.866025403784 0.000000012905 0.500000000000
0.3663 0.866025403784 0.129409522551 -0.482962913145
0.3653 0.866025403784 0.129409522551 0.482962913145
0.3658 0.866025403784 0.250000000000 -0.433012701892
0.3650 0.866025403784 0.250000000000 0.433012701892
0.3659 0.866025403784 0.353553390593 -0.353553390593
0.3657 0.866025403784 0.353553390593 0.353553390593
0.3659 0.866025403784 0.433012701892 -0.250000000000
0.3656 0.866025403784 0.433012701892 0.250000000000
0.3667 0.866025403784 0.482962913145 -0.129409522551
0.3661 0.866025403784 0.482962913145 0.129409522551
0.3667 0.866025403784 0.500000000000 0.000000000000
0.3675 0.906307787037 -0.422618261741 0.000000000000
0.3670 0.906307787037 -0.408217893677 -0.109381654947
0.3674 0.906307787037 -0.408217893677 0.109381654947
0.3666 0.906307787037 -0.365998150771 -0.211309130870
0.3669 0.906307787037 -0.365998150771 0.211309130870
0.3666 0.906307787037 -0.298836238730 -0.298836238730
0.3668 0.906307787037 -0.298836238730 0.298836238730
0.3662 0.906307787037 -0.211309130870 -0.365998150771
0.3668 0.906307787037 -0.211309130870 0.365998150771
0.3664 0.906307787037 -0.109381654947 -0.408217893677
0.3671 0.906307787037 -0.109381654947 0.408217893677
0.3667 0.906307787037 0.000000000000 -0.422618261741
0.3667 0.906307787037 0.000000000000 0.422618261741
0.3671 0.906307787037 0.109381654947 -0.408217893677
0.3664 0.906307787037 0.109381654947 0.408217893677
0.3667 0.906307787037 0.211309130870 -0.365998150771
0.3662 0.906307787037 0.211309130870 0.365998150771
0.3668 0.906307787037 0.298836238730 -0.298836238730
0.3667 0.906307787037 0.298836238730 0.298836238730
0.3669 0.906307787037 0.365998150771 -0.211309130870
0.3666 0.906307787037 0.365998150771 0.211309130870
0.3674 0.906307787037 0.408217893677 -0.109381654947
0.3670 0.906307787037 0.408217893677 0.109381654947
0.3674 0.906307787037 0.422618261741 0.000000000000
0.3680 0.939692620786 -0.342020143326 0.000000000000
0.3677 0.939692620786 -0.330366089549 -0.088521326901
0.3680 0.939692620786 -0.330366089549 0.088521326901
0.3675 0.939692620786 -0.296198132726 -0.171010071663
0.3677 0.939692620786 -0.296198132726 0.171010071663
0.3675 0.939692620786 -0.241844762648 -0.241844762648
0.3676 0.939692620786 -0.241844762648 0.241844762648
0.3672 0.939692620786 -0.171010071663 -0.296198132726
0.3676 0.939692620786 -0.171010071663 0.296198132726
0.3674 0.939692620786 -0.088521326901 -0.330366089549
0.3678 0.939692620786 -0.088521326901 0.330366089549
0.3675 0.939692620786 0.000000000000 -0.342020143326
0.3675 0.939692620786 0.000000000000 0.342020143326
0.3678 0.939692620786 0.088521326901 -0.330366089549
0.3674 0.939692620786 0.088521326901 0.330366089549
0.3676 0.939692620786 0.171010071663 -0.296198132726
0.3672 0.939692620786 0.171010071663 0.296198132726
0.3676 0.939692620786 0.241844762648 -0.241844762648
0.3675 0.939692620786 0.241844762648 0.241844762648
0.3677 0.939692620786 0.296198132726 -0.171010071663
0.3675 0.939692620786 0.296198132726 0.171010071663
0.3680 0.939692620786 0.330366089549 -0.088521326901
0.3677 0.939692620786 0.330366089549 0.088521326901
0.3680 0.939692620786 0.342020143326 0.000000000000
0.3685 0.965925826289 -0.258819045103 0.000000000000
0.3683 0.965925826289 -0.250000000000 -0.066987298108
0.3685 0.965925826289 -0.250000000000 0.066987298108
0.3682 0.965925826289 -0.224143868042 -0.129409522551
0.3683 0.965925826289 -0.224143868042 0.129409522551
0.3682 0.965925826289 -0.183012701892 -0.183012701892
0.3683 0.965925826289 -0.183012701892 0.183012701892
0.3681 0.965925826289 -0.129409522551 -0.224143868042
0.3683 0.965925826289 -0.129409522551 0.224143868042
0.3681 0.965925826289 -0.066987298108 -0.250000000000
0.3684 0.965925826289 -0.066987298108 0.250000000000
0.3682 0.965925826289 -0.000000014393 -0.258819045103
0.3682 0.965925826289 0.000000000000 0.258819045103
0.3684 0.965925826289 0.066987298108 -0.250000000000
0.3681 0.965925826289 0.066987298108 0.250000000000
0.3683 0.965925826289 0.129409522551 -0.224143868042
0.3681 0.965925826289 0.129409522551 0.224143868042
0.3683 0.965925826289 0.183012701892 -0.183012701892
0.3682 0.965925826289 0.183012701892 0.183012701892
0.3683 0.965925826289 0.224143868042 -0.129409522551
0.3682 0.965925826289 0.224143868042 0.129409522551
0.3685 0.965925826289 0.250000000000 -0.066987298108
0.3683 0.965925826289 0.250000000000 0.066987298108
0.3685 0.965925826289 0.258819045103 0.000000000000
0.3689 0.984807753012 -0.173648177667 0.000000000000
0.3688 0.984807753012 -0.167731259497 -0.044943455528
0.3689 0.984807753012 -0.167731259497 0.044943455528
0.3687 0.984807753012 -0.150383733180 -0.086824088833
0.3688 0.984807753012 -0.150383733180 0.086824088833
0.3687 0.984807753012 -0.122787803969 -0.122787803969
0.3688 0.984807753012 -0.122787803969 0.122787803969
0.3687 0.984807753012 -0.086824088833 -0.150383733180
0.3688 0.984807753012 -0.086824088833 0.150383733180
0.3687 0.984807753012 -0.044943455528 -0.167731259497
0.3688 0.984807753012 -0.044943455528 0.167731259497
0.3687 0.984807753012 0.000000000000 -0.173648177667
0.3687 0.984807753012 0.000000000000 0.173648177667
0.3688 0.984807753012 0.044943455528 -0.167731259497
0.3687 0.984807753012 0.044943455528 0.167731259497
0.3688 0.984807753012 0.086824088833 -0.150383733180
0.3687 0.984807753012 0.086824088833 0.150383733180
0.3688 0.984807753012 0.122787803969 -0.122787803969
0.3687 0.984807753012 0.122787803969 0.122787803969
0.3688 0.984807753012 0.150383733180 -0.086824088833
0.3687 0.984807753012 0.150383733180 0.086824088833
0.3689 0.984807753012 0.167731259497 -0.044943455528
0.3688 0.984807753012 0.167731259497 0.044943455528
0.3689 0.984807753012 0.173648177667 0.000000000000
0.3691 0.996194698092 -0.087155742748 0.000000000000
0.3691 0.996194698092 -0.084185982829 -0.022557566113
0.3691 0.996194698092 -0.084185982829 0.022557566113
0.3691 0.996194698092 -0.075479087305 -0.043577871374
0.3691 0.996194698092 -0.075479087305 0.043577871374
0.3691 0.996194698092 -0.061628416716 -0.061628416716
0.3691 0.996194698092 -0.061628416716 0.061628416716
0.3690 0.996194698092 -0.043577871374 -0.075479087305
0.3691 0.996194698092 -0.043577871374 0.075479087305
0.3691 0.996194698092 -0.022557566113 -0.084185982829
0.3691 0.996194698092 -0.022557566113 0.084185982829
0.3691 0.996194698092 -0.000000014844 -0.087155742748
0.3691 0.996194698092 0.000000000000 0.087155742748
0.3691 0.996194698092 0.022557566113 -0.084185982829
0.3691 0.996194698092 0.022557566113 0.084185982829
0.3691 0.996194698092 0.043577871374 -0.075479087305
0.3690 0.996194698092 0.043577871374 0.075479087305
0.3691 0.996194698092 0.061628416716 -0.061628416716
0.3691 0.996194698092 0.061628416716 0.061628416716
0.3691 0.996194698092 0.075479087305 -0.043577871374
0.3691 0.996194698092 0.075479087305 0.043577871374
0.3691 0.996194698092 0.084185982829 -0.022557566113
0.3691 0.996194698092 0.084185982829 0.022557566113
0.3691 0.996194698092 0.087155742748 0.000000000000
0.3692 1.000000000000 0.000000000000 0.000000000000
