0.3311 0.0243 -1.000000000000 0.000000000000 0.000000000000 8.5000
0.3309 0.0243 -0.996194698092 -0.087155742748 0.000000000000 8.5000
0.3309 0.0243 -0.996194698092 -0.084185982829 -0.022557566113 8.5000
0.3309 0.0243 -0.996194698092 -0.084185982829 0.022557566113 8.5000
0.3309 0.0243 -0.996194698092 -0.075479087305 -0.043577871374 8.5000
0.3309 0.0243 -0.996194698092 -0.075479087305 0.043577871374 8.5000
0.3309 0.0243 -0.996194698092 -0.061628416716 -0.061628416716 8.5000
0.3309 0.0243 -0.996194698092 -0.061628416716 0.061628416716 8.5000
0.3309 0.0243 -0.996194698092 -0.043577871374 -0.075479087305 8.5000
0.3309 0.0243 -0.996194698092 -0.043577871374 0.075479087305 8.5000
0.3309 0.0243 -0.996194698092 -0.022557566113 -0.084185982829 8.5000
0.3309 0.0243 -0.996194698092 -0.022557566113 0.084185982829 8.5000
0.3309 0.0243 -0.996194698092 0.000000000000 -0.087155742748 8.5000
0.3309 0.0243 -0.996194698092 0.000000014844 0.087155742748 8.5000
0.3309 0.0243 -0.996194698092 0.022557566113 -0.084185982829 8.5000
0.3309 0.0243 -0.996194698092 0.022557566113 0.084185982829 8.5000
0.3309 0.0243 -0.996194698092 0.043577871374 -0.075479087305 8.5000
0.3309 0.0243 -0.996194698092 0.043577871374 0.075479087305 8.5000
0.3309 0.0243 -0.996194698092 0.061628416716 -0.061628416716 8.5000
0.3309 0.0243 -0.996194698092 0.061628416716 0.061628416716 8.5000
0.3309 0.0243 -0.996194698092 0.075479087305 -0.043577871374 8.5000
0.3309 0.0243 -0.996194698092 0.075479087305 0.043577871374 8.5000
0.3309 0.0243 -0.996194698092 0.084185982829 -0.022557566113 8.5000
0.3309 0.0243 -0.996194698092 0.084185982829 0.022557566113 8.5000
0.3309 0.0243 -0.996194698092 0.087155742748 0.000000000000 8.5000
0.3306 0.0243 -0.984807753012 -0.173648177667 0.000000000000 8.5000
0.3305 0.0243 -0.984807753012 -0.167731259497 -0.044943455528 8.5000
0.3306 0.0243 -0.984807753012 -0.167731259497 0.044943455528 8.5000
0.3304 0.0243 -0.984807753012 -0.150383733180 -0.086824088833 8.5000
0.3305 0.0243 -0.984807753012 -0.150383733180 0.086824088833 8.5000
0.3306 0.0243 -0.984807753012 -0.122787803969 -0.122787803969 8.5000
0.3305 0.0243 -0.984807753012 -0.122787803969 0.122787803969 8.5000
0.3305 0.0243 -0.984807753012 -0.086824088833 -0.150383733180 8.5000
0.3305 0.0243 -0.984807753012 -0.086824088833 0.150383733180 8.5000
0.3306 0.0243 -0.984807753012 -0.044943455528 -0.167731259497 8.5000
0.3305 0.0243 -0.984807753012 -0.044943455528 0.167731259497 8.5000
0.3305 0.0243 -0.984807753012 0.000000000000 -0.173648177667 8.5000
0.3305 0.0243 -0.984807753012 0.000000000000 0.173648177667 8.5000
0.3305 0.0243 -0.984807753012 0.044943455528 -0.167731259497 8.5000
0.3306 0.0243 -0.984807753012 0.044943455528 0.167731259497 8.5000
0.3305 0.0243 -0.984807753012 0.086824088833 -0.150383733180 8.5000
0.3305 0.0243 -0.984807753012 0.086824088833 0.150383733180 8.5000
0.3305 0.0243 -0.984807753012 0.122787803969 -0.122787803969 8.5000
0.3306 0.0243 -0.984807753012 0.122787803969 0.122787803969 8.5000
0.3305 0.0243 -0.984807753012 0.150383733180 -0.086824088833 8.5000
0.3305 0.0243 -0.984807753012 0.150383733180 0.086824088833 8.5000
0.3306 0.0243 -0.984807753012 0.167731259497 -0.044943455528 8.5000
0.3305 0.0243 -0.984807753012 0.167731259497 0.044943455528 8.5000
0.3306 0.0243 -0.984807753012 0.173648177667 0.000000000000 8.5000
0.3300 0.0243 -0.965925826289 -0.258819045103 0.000000000000 8.5000
0.3298 0.0243 -0.965925826289 -0.250000000000 -0.066987298108 8.5000
0.3300 0.0243 -0.965925826289 -0.250000000000 0.066987298108 8.5000
0.3297 0.0243 -0.965925826289 -0.224143868042 -0.129409522551 8.5000
0.3298 0.0243 -0.965925826289 -0.224143868042 0.129409522551 8.5000
0.3300 0.0243 -0.965925826289 -0.183012701892 -0.183012701892 8.5000
0.3299 0.0243 -0.965925826289 -0.183012701892 0.183012701892 8.5000
0.3298 0.0243 -0.965925826289 -0.129409522551 -0.224143868042 8.5000
0.3298 0.0243 -0.965925826289 -0.129409522551 0.224143868042 8.5000
0.3300 0.0243 -0.965925826289 -0.066987298108 -0.250000000000 8.5000
0.3299 0.0243 -0.965925826289 -0.066987298108 0.250000000000 8.5000
0.3299 0.0243 -0.965925826289 0.000000000000 -0.258819045103 8.5000
0.3299 0.0243 -0.965925826289 0.000000014393 0.258819045103 8.5000
0.3299 0.0243 -0.965925826289 0.066987298108 -0.250000000000 8.5000
0.3300 0.0243 -0.965925826289 0.066987298108 0.250000000000 8.5000
0.3299 0.0243 -0.965925826289 0.129409522551 -0.224143868042 8.5000
0.3298 0.0243 -0.965925826289 0.129409522551 0.224143868042 8.5000
0.3299 0.0243 -0.965925826289 0.183012701892 -0.183012701892 8.5000
0.3300 0.0243 -0.965925826289 0.183012701892 0.183012701892 8.5000
0.3298 0.0243 -0.965925826289 0.224143868042 -0.129409522551 8.5000
0.3297 0.0243 -0.965925826289 0.224143868042 0.129409522551 8.5000
0.3300 0.0243 -0.965925826289 0.250000000000 -0.066987298108 8.5000
0.3299 0.0243 -0.965925826289 0.250000000000 0.066987298108 8.5000
0.3300 0.0243 -0.965925826289 0.258819045103 0.000000000000 8.5000
0.3292 0.0243 -0.939692620786 -0.342020143326 0.000000000000 8.5000
0.3289 0.0243 -0.939692620786 -0.330366089549 -0.088521326901 8.5000
0.3292 0.0243 -0.939692620786 -0.330366089549 0.088521326901 8.5000
0.3287 0.0243 -0.939692620786 -0.296198132726 -0.171010071663 8.5000
0.3288 0.0243 -0.939692620786 -0.296198132726 0.171010071663 8.5000
0.3292 0.0243 -0.939692620786 -0.241844762648 -0.241844762648 8.5000
0.3290 0.0243 -0.939692620786 -0.241844762648 0.241844762648 8.5000
0.3289 0.0243 -0.939692620786 -0.171010071663 -0.296198132726 8.5000
0.3290 0.0243 -0.939692620786 -0.171010071663 0.296198132726 8.5000
0.3293 0.0243 -0.939692620786 -0.088521326901 -0.330366089549 8.5000
0.3290 0.0243 -0.939692620786 -0.088521326901 0.330366089549 8.5000
0.3290 0.0243 -0.939692620786 0.000000000000 0.342020143326 8.5000
0.3290 0.0243 -0.939692620786 0.000000014003 -0.342020143326 8.5000
0.3290 0.0243 -0.939692620786 0.088521326901 -0.330366089549 8.5000
0.3293 0.0243 -0.939692620786 0.088521326901 0.330366089549 8.5000
0.3290 0.0243 -0.939692620786 0.171010071663 -0.296198132726 8.5000
0.3289 0.0243 -0.939692620786 0.171010071663 0.296198132726 8.5000
0.3291 0.0243 -0.939692620786 0.241844762648 -0.241844762648 8.5000
0.3291 0.0243 -0.939692620786 0.241844762648 0.241844762648 8.5000
0.3288 0.0243 -0.939692620786 0.296198132726 -0.171010071663 8.5000
0.3287 0.0243 -0.939692620786 0.296198132726 0.171010071663 8.5000
0.3292 0.0243 -0.939692620786 0.330366089549 -0.088521326901 8.5000
0.3290 0.0243 -0.939692620786 0.330366089549 0.088521326901 8.5000
0.3292 0.0243 -0.939692620786 0.342020143326 0.000000000000 8.5000
0.3283 0.0243 -0.906307787037 -0.422618261741 0.000000000000 8.5000
0.3278 0.0243 -0.906307787037 -0.408217893677 -0.109381654947 8.5000
0.3282 0.0243 -0.906307787037 -0.408217893677 0.109381654947 8.5000
0.3275 0.0243 -0.906307787037 -0.365998150771 -0.211309130870 8.5000
0.3277 0.0243 -0.906307787037 -0.365998150771 0.211309130870 8.5000
0.3282 0.0243 -0.906307787037 -0.298836238730 -0.298836238730 8.5000
0.3280 0.0243 -0.906307787037 -0.298836238730 0.298836238730 8.5000
0.3278 0.0243 -0.906307787037 -0.211309130870 -0.365998150771 8.5000
0.3278 0.0243 -0.906307787037 -0.211309130870 0.365998150771 8.5000
0.3283 0.0243 -0.906307787037 -0.109381654947 -0.408217893677 8.5000
0.3280 0.0243 -0.906307787037 -0.109381654947 0.408217893677 8.5000
0.3279 0.0243 -0.906307787037 0.000000000000 -0.422618261741 8.5000
0.3279 0.0243 -0.906307787037 0.000000000000 0.422618261741 8.5000
0.3280 0.0243 -0.906307787037 0.109381654947 -0.408217893677 8.5000
0.3284 0.0243 -0.906307787037 0.109381654947 0.408217893677 8.5000
0.3279 0.0243 -0.906307787037 0.211309130870 -0.365998150771 8.5000
0.3278 0.0243 -0.906307787037 0.211309130870 0.365998150771 8.5000
0.3280 0.0243 -0.906307787037 0.298836238730 -0.298836238730 8.5000
0.3281 0.0243 -0.906307787037 0.298836238730 0.298836238730 8.5000
0.3276 0.0243 -0.906307787037 0.365998150771 -0.211309130870 8.5000
0.3275 0.0243 -0.906307787037 0.365998150771 0.211309130870 8.5000
0.3282 0.0243 -0.906307787037 0.408217893677 -0.109381654947 8.5000
0.3279 0.0243 -0.906307787037 0.408217893677 0.109381654947 8.5000
0.3283 0.0243 -0.906307787037 0.422618261741 0.000000000000 8.5000
0.3271 0.0243 -0.866025403784 -0.500000000000 0.000000000000 8.5000
0.3265 0.0243 -0.866025403784 -0.482962913145 -0.129409522551 8.5000
0.3271 0.0243 -0.866025403784 -0.482962913145 0.129409522551 8.5000
0.3260 0.0243 -0.866025403784 -0.433012701892 -0.250000000000 8.5000
0.3263 0.0243 -0.866025403784 -0.433012701892 0.250000000000 8.5000
0.3270 0.0243 -0.866025403784 -0.353553390593 -0.353553390593 8.5000
0.3267 0.0243 -0.866025403784 -0.353553390593 0.353553390593 8.5000
0.3265 0.0243 -0.866025403784 -0.250000000000 -0.433012701892 8.5000
0.3266 0.0243 -0.866025403784 -0.250000000000 0.433012701892 8.5000
0.3272 0.0243 -0.866025403784 -0.129409522551 -0.482962913145 8.5000
0.3267 0.0243 -0.866025403784 -0.129409522551 0.482962913145 8.5000
0.3267 0.0243 -0.866025403784 0.000000000000 -0.500000000000 8.5000
0.3267 0.0243 -0.866025403784 0.000000000000 0.500000000000 8.5000
0.3268 0.0243 -0.866025403784 0.129409522551 -0.482962913145 8.5000
0.3273 0.0243 -0.866025403784 0.129409522551 0.482962913145 8.5000
0.3266 0.0243 -0.866025403784 0.250000000000 -0.433012701892 8.5000
0.3264 0.0243 -0.866025403784 0.250000000000 0.433012701892 8.5000
0.3268 0.0243 -0.866025403784 0.353553390593 -0.353553390593 8.5000
0.3270 0.0243 -0.866025403784 0.353553390593 0.353553390593 8.5000
0.3263 0.0243 -0.866025403784 0.433012701892 -0.250000000000 8.5000
0.3260 0.0243 -0.866025403784 0.433012701892 0.250000000000 8.5000
0.3271 0.0243 -0.866025403784 0.482962913145 -0.129409522551 8.5000
0.3266 0.0243 -0.866025403784 0.482962913145 0.129409522551 8.5000
0.3271 0.0243 -0.866025403784 0.500000000000 0.000000000000 8.5000
0.3259 0.0243 -0.819152044289 -0.573576436351 0.000000000000 8.5000
0.3251 0.0243 -0.819152044289 -0.554032293222 -0.148452505550 8.5000
0.3258 0.0243 -0.819152044289 -0.554032293222 0.148452505550 8.5000
0.3244 0.0243 -0.819152044289 -0.496731764892 -0.286788218176 8.5000
0.3248 0.0243 -0.819152044289 -0.496731764892 0.286788218176 8.5000
0.3258 0.0243 -0.819152044289 -0.405579787673 -0.405579787673 8.5000
0.3254 0.0243 -0.819152044289 -0.405579787673 0.405579787673 8.5000
0.3250 0.0243 -0.819152044289 -0.286788218176 -0.496731764892 8.5000
0.3251 0.0243 -0.819152044289 -0.286788218176 0.496731764892 8.5000
0.3260 0.0243 -0.819152044289 -0.148452505550 -0.554032293222 8.5000
0.3254 0.0243 -0.819152044289 -0.148452505550 0.554032293222 8.5000
0.3253 0.0243 -0.819152044289 -0.000000000000 -0.573576436351 8.5000
0.3253 0.0243 -0.819152044289 0.000000000000 0.573576436351 8.5000
0.3254 0.0243 -0.819152044289 0.148452505550 -0.554032293222 8.5000
0.3261 0.0243 -0.819152044289 0.148452505550 0.554032293222 8.5000
0.3252 0.0243 -0.819152044289 0.286788218176 -0.496731764892 8.5000
0.3250 0.0243 -0.819152044289 0.286788218176 0.496731764892 8.5000
0.3254 0.0243 -0.819152044289 0.405579787673 -0.405579787673 8.5000
0.3257 0.0243 -0.819152044289 0.405579787673 0.405579787673 8.5000
0.3247 0.0243 -0.819152044289 0.496731764892 -0.286788218176 8.5000
0.3244 0.0243 -0.819152044289 0.496731764892 0.286788218176 8.5000
0.3258 0.0243 -0.819152044289 0.554032293222 -0.148452505550 8.5000
0.3251 0.0243 -0.819152044289 0.554032293222 0.148452505550 8.5000
0.3259 0.0243 -0.819152044289 0.573576436351 0.000000000000 8.5000
0.3246 0.0243 -0.766044443119 -0.642787609687 0.000000000000 8.5000
0.3236 0.0243 -0.766044443119 -0.620885153015 -0.166365675343 8.5000
0.3245 0.0243 -0.766044443119 -0.620885153015 0.166365675343 8.5000
0.3227 0.0243 -0.766044443119 -0.556670399226 -0.321393804843 8.5000
0.3232 0.0243 -0.766044443119 -0.556670399226 0.321393804843 8.5000
0.3244 0.0243 -0.766044443119 -0.454519477672 -0.454519477672 8.5000
0.3239 0.0243 -0.766044443119 -0.454519477672 0.454519477672 8.5000
0.3235 0.0243 -0.766044443119 -0.321393804843 -0.556670399226 8.5000
0.3236 0.0243 -0.766044443119 -0.321393804843 0.556670399226 8.5000
0.3248 0.0243 -0.766044443119 -0.166365675343 -0.620885153015 8.5000
0.3239 0.0243 -0.766044443119 -0.166365675343 0.620885153015 8.5000
0.3238 0.0243 -0.766044443119 -0.000000011415 -0.642787609687 8.5000
0.3238 0.0243 -0.766044443119 0.000000011415 0.642787609687 8.5000
0.3240 0.0243 -0.766044443119 0.166365675343 -0.620885153015 8.5000
0.3248 0.0243 -0.766044443119 0.166365675343 0.620885153015 8.5000
0.3236 0.0243 -0.766044443119 0.321393804843 -0.556670399226 8.5000
0.3234 0.0243 -0.766044443119 0.321393804843 0.556670399226 8.5000
0.3240 0.0243 -0.766044443119 0.454519477672 -0.454519477672 8.5000
0.3244 0.0243 -0.766044443119 0.454519477672 0.454519477672 8.5000
0.3231 0.0243 -0.766044443119 0.556670399226 -0.321393804843 8.5000
0.3228 0.0243 -0.766044443119 0.556670399226 0.321393804843 8.5000
0.3245 0.0243 -0.766044443119 0.620885153015 -0.166365675343 8.5000
0.3236 0.0243 -0.766044443119 0.620885153015 0.166365675343 8.5000
0.3246 0.0243 -0.766044443119 0.642787609687 0.000000000000 8.5000
0.3232 0.0243 -0.707106781187 -0.707106781187 0.000000000000 8.5000
0.3220 0.0243 -0.707106781187 -0.683012701892 -0.183012701892 8.5000
0.3231 0.0243 -0.707106781187 -0.683012701892 0.183012701892 8.5000
0.3210 0.0243 -0.707106781187 -0.612372435696 -0.353553390593 8.5000
0.3215 0.0243 -0.707106781187 -0.612372435696 0.353553390593 8.5000
0.3230 0.0243 -0.707106781187 -0.500000000000 -0.500000000000 8.5000
0.3224 0.0243 -0.707106781187 -0.500000000000 0.500000000000 8.5000
0.3219 0.0243 -0.707106781187 -0.353553390593 -0.612372435696 8.5000
0.3221 0.0243 -0.707106781187 -0.353553390593 0.612372435696 8.5000
0.3234 0.0243 -0.707106781187 -0.183012701892 -0.683012701892 8.5000
0.3224 0.0243 -0.707106781187 -0.183012701892 0.683012701892 8.5000
0.3223 0.0243 -0.707106781187 -0.000000000000 -0.707106781187 8.5000
0.3223 0.0243 -0.707106781187 0.000000000000 0.707106781187 8.5000
0.3225 0.0243 -0.707106781187 0.183012701892 -0.683012701892 8.5000
0.3235 0.0243 -0.707106781187 0.183012701892 0.683012701892 8.5000
0.3221 0.0243 -0.707106781187 0.353553390593 -0.612372435696 8.5000
0.3218 0.0243 -0.707106781187 0.353553390593 0.612372435696 8.5000
0.3225 0.0243 -0.707106781187 0.500000000000 -0.500000000000 8.5000
0.3229 0.0243 -0.707106781187 0.500000000000 0.500000000000 8.5000
0.3215 0.0243 -0.707106781187 0.612372435696 -0.353553390593 8.5000
0.3210 0.0243 -0.707106781187 0.612372435696 0.353553390593 8.5000
0.3231 0.0243 -0.707106781187 0.683012701892 -0.183012701892 8.5000
0.3221 0.0243 -0.707106781187 0.683012701892 0.183012701892 8.5000
0.3232 0.0243 -0.707106781187 0.707106781187 0.000000000000 8.5000
0.3219 0.0243 -0.642787609687 -0.766044443119 0.000000000000 8.5000
0.3204 0.0243 -0.642787609687 -0.739942111694 -0.198266891274 8.5000
0.3218 0.0243 -0.642787609687 -0.739942111694 0.198266891274 8.5000
0.3192 0.0243 -0.642787609687 -0.663413948169 -0.383022221559 8.5000
0.3199 0.0243 -0.642787609687 -0.663413948169 0.383022221559 8.5000
0.3216 0.0243 -0.642787609687 -0.541675220420 -0.541675220420 8.5000
0.3210 0.0243 -0.642787609687 -0.541675220420 0.541675220420 8.5000
0.3203 0.0243 -0.642787609687 -0.383022221559 -0.663413948169 8.5000
0.3205 0.0243 -0.642787609687 -0.383022221559 0.663413948169 8.5000
0.3221 0.0243 -0.642787609687 -0.198266891274 -0.739942111694 8.5000
0.3209 0.0243 -0.642787609687 -0.198266891274 0.739942111694 8.5000
0.3207 0.0243 -0.642787609687 -0.000000000000 -0.766044443119 8.5000
0.3207 0.0243 -0.642787609687 0.000000000000 0.766044443119 8.5000
0.3210 0.0243 -0.642787609687 0.198266891274 -0.739942111694 8.5000
0.3222 0.0243 -0.642787609687 0.198266891274 0.739942111694 8.5000
0.3205 0.0243 -0.642787609687 0.383022221559 -0.663413948169 8.5000
0.3203 0.0243 -0.642787609687 0.383022221559 0.663413948169 8.5000
0.3210 0.0243 -0.642787609687 0.541675220420 -0.541675220420 8.5000
0.3215 0.0243 -0.642787609687 0.541675220420 0.541675220420 8.5000
0.3198 0.0243 -0.642787609687 0.663413948169 -0.383022221559 8.5000
0.3193 0.0243 -0.642787609687 0.663413948169 0.383022221559 8.5000
0.3217 0.0243 -0.642787609687 0.739942111694 -0.198266891274 8.5000
0.3205 0.0243 -0.642787609687 0.739942111694 0.198266891274 8.5000
0.3219 0.0243 -0.642787609687 0.766044443119 0.000000000000 8.5000
0.3205 0.0243 -0.573576436351 -0.819152044289 0.000000000000 8.5000
0.3189 0.0243 -0.573576436351 -0.791240115236 -0.212012149897 8.5000
0.3204 0.0243 -0.573576436351 -0.791240115236 0.212012149897 8.5000
0.3176 0.0243 -0.573576436351 -0.709406479916 -0.409576022144 8.5000
0.3183 0.0243 -0.573576436351 -0.709406479916 0.409576022144 8.5000
0.3202 0.0243 -0.573576436351 -0.579227965340 -0.579227965340 8.5000
0.3195 0.0243 -0.573576436351 -0.579227965340 0.579227965340 8.5000
0.3187 0.0243 -0.573576436351 -0.409576022144 -0.709406479916 8.5000
0.3190 0.0243 -0.573576436351 -0.409576022144 0.709406479916 8.5000
0.3208 0.0243 -0.573576436351 -0.212012149897 -0.791240115236 8.5000
0.3195 0.0243 -0.573576436351 -0.212012149897 0.791240115236 8.5000
0.3193 0.0243 -0.573576436351 -0.000000000000 -0.819152044289 8.5000
0.3193 0.0243 -0.573576436351 0.000000000000 0.819152044289 8.5000
0.3195 0.0243 -0.573576436351 0.212012149897 -0.791240115236 8.5000
0.3209 0.0243 -0.573576436351 0.212012149897 0.791240115236 8.5000
0.3190 0.0243 -0.573576436351 0.409576022144 -0.709406479916 8.5000
0.3187 0.0243 -0.573576436351 0.409576022144 0.709406479916 8.5000
0.3196 0.0243 -0.573576436351 0.579227965340 -0.579227965340 8.5000
0.3202 0.0243 -0.573576436351 0.579227965340 0.579227965340 8.5000
0.3182 0.0243 -0.573576436351 0.709406479916 -0.409576022144 8.5000
0.3176 0.0243 -0.573576436351 0.709406479916 0.409576022144 8.5000
0.3204 0.0243 -0.573576436351 0.791240115236 -0.212012149897 8.5000
0.3190 0.0243 -0.573576436351 0.791240115236 0.212012149897 8.5000
0.3206 0.0243 -0.573576436351 0.819152044289 0.000000000000 8.5000
0.3193 0.0243 -0.500000000000 -0.866025403784 0.000000000000 8.5000
0.3175 0.0243 -0.500000000000 -0.836516303738 -0.224143868042 8.5000
0.3192 0.0243 -0.500000000000 -0.836516303738 0.224143868042 8.5000
0.3160 0.0243 -0.500000000000 -0.750000000000 -0.433012701892 8.5000
0.3168 0.0243 -0.500000000000 -0.750000000000 0.433012701892 8.5000
0.3190 0.0243 -0.500000000000 -0.612372435696 -0.612372435696 8.5000
0.3182 0.0243 -0.500000000000 -0.612372435696 0.612372435696 8.5000
0.3173 0.0243 -0.500000000000 -0.433012701892 -0.750000000000 8.5000
0.3176 0.0243 -0.500000000000 -0.433012701892 0.750000000000 8.5000
0.3196 0.0243 -0.500000000000 -0.224143868042 -0.836516303738 8.5000
0.3181 0.0243 -0.500000000000 -0.224143868042 0.836516303738 8.5000
0.3179 0.0243 -0.500000000000 -0.000000000000 -0.866025403784 8.5000
0.3179 0.0243 -0.500000000000 0.000000000000 0.866025403784 8.5000
0.3182 0.0243 -0.500000000000 0.224143868042 -0.836516303738 8.5000
0.3197 0.0243 -0.500000000000 0.224143868042 0.836516303738 8.5000
0.3176 0.0243 -0.500000000000 0.433012701892 -0.750000000000 8.5000
0.3173 0.0243 -0.500000000000 0.433012701892 0.750000000000 8.5000
0.3182 0.0243 -0.500000000000 0.612372435696 -0.612372435696 8.5000
0.3189 0.0243 -0.500000000000 0.612372435696 0.612372435696 8.5000
0.3167 0.0243 -0.500000000000 0.750000000000 -0.433012701892 8.5000
0.3160 0.0243 -0.500000000000 0.750000000000 0.433012701892 8.5000
0.3192 0.0243 -0.500000000000 0.836516303738 -0.224143868042 8.5000
0.3175 0.0243 -0.500000000000 0.836516303738 0.224143868042 8.5000
0.3193 0.0243 -0.500000000000 0.866025403784 0.000000000000 8.5000
0.3182 0.0243 -0.422618261741 -0.906307787037 0.000000000000 8.5000
0.3162 0.0243 -0.422618261741 -0.875426098066 -0.234569716010 8.5000
0.3180 0.0243 -0.422618261741 -0.875426098066 0.234569716010 8.5000
0.3145 0.0243 -0.422618261741 -0.784885567221 -0.453153893518 8.5000
0.3154 0.0243 -0.422618261741 -0.784885567221 0.453153893518 8.5000
0.3178 0.0243 -0.422618261741 -0.640856382056 -0.640856382056 8.5000
0.3169 0.0243 -0.422618261741 -0.640856382056 0.640856382056 8.5000
0.3160 0.0243 -0.422618261741 -0.453153893518 -0.784885567221 8.5000
0.3163 0.0243 -0.422618261741 -0.453153893518 0.784885567221 8.5000
0.3186 0.0243 -0.422618261741 -0.234569716010 -0.875426098066 8.5000
0.3169 0.0243 -0.422618261741 -0.234569716010 0.875426098066 8.5000
0.3166 0.0243 -0.422618261741 -0.000000006298 -0.906307787037 8.5000
0.3166 0.0243 -0.422618261741 0.000000000000 0.906307787037 8.5000
0.3169 0.0243 -0.422618261741 0.234569716010 -0.875426098066 8.5000
0.3186 0.0243 -0.422618261741 0.234569716010 0.875426098066 8.5000
0.3163 0.0243 -0.422618261741 0.453153893518 -0.784885567221 8.5000
0.3159 0.0243 -0.422618261741 0.453153893518 0.784885567221 8.5000
0.3170 0.0243 -0.422618261741 0.640856382056 -0.640856382056 8.5000
0.3178 0.0243 -0.422618261741 0.640856382056 0.640856382056 8.5000
0.3154 0.0243 -0.422618261741 0.784885567221 -0.453153893518 8.5000
0.3145 0.0243 -0.422618261741 0.784885567221 0.453153893518 8.5000
0.3180 0.0243 -0.422618261741 0.875426098066 -0.234569716010 8.5000
0.3163 0.0243 -0.422618261741 0.875426098066 0.234569716010 8.5000
0.3182 0.0243 -0.422618261741 0.906307787037 0.000000000000 8.5000
0.3172 0.0243 -0.342020143326 -0.939692620786 0.000000000000 8.5000
0.3151 0.0243 -0.342020143326 -0.907673371190 -0.243210346802 8.5000
0.3171 0.0243 -0.342020143326 -0.907673371190 0.243210346802 8.5000
0.3133 0.0243 -0.342020143326 -0.813797681349 -0.469846310393 8.5000
0.3142 0.0243 -0.342020143326 -0.813797681349 0.469846310393 8.5000
0.3168 0.0243 -0.342020143326 -0.664463024389 -0.664463024389 8.5000
0.3159 0.0243 -0.342020143326 -0.664463024389 0.664463024389 8.5000
0.3148 0.0243 -0.342020143326 -0.469846310393 -0.813797681349 8.5000
0.3152 0.0243 -0.342020143326 -0.469846310393 0.813797681349 8.5000
0.3176 0.0243 -0.342020143326 -0.243210346802 -0.907673371190 8.5000
0.3159 0.0243 -0.342020143326 -0.243210346802 0.907673371190 8.5000
0.3155 0.0243 -0.342020143326 -0.000000000000 -0.939692620786 8.5000
0.3155 0.0243 -0.342020143326 0.000000005096 0.939692620786 8.5000
0.3159 0.0243 -0.342020143326 0.243210346802 -0.907673371190 8.5000
0.3177 0.0243 -0.342020143326 0.243210346802 0.907673371190 8.5000
0.3152 0.0243 -0.342020143326 0.469846310393 -0.813797681349 8.5000
0.3148 0.0243 -0.342020143326 0.469846310393 0.813797681349 8.5000
0.3159 0.0243 -0.342020143326 0.664463024389 -0.664463024389 8.5000
0.3168 0.0243 -0.342020143326 0.664463024389 0.664463024389 8.5000
0.3142 0.0243 -0.342020143326 0.813797681349 -0.469846310393 8.5000
0.3133 0.0243 -0.342020143326 0.813797681349 0.469846310393 8.5000
0.3171 0.0243 -0.342020143326 0.907673371190 -0.243210346802 8.5000
0.3151 0.0243 -0.342020143326 0.907673371190 0.243210346802 8.5000
0.3172 0.0243 -0.342020143326 0.939692620786 0.000000000000 8.5000
0.3165 0.0243 -0.258819045103 -0.965925826289 0.000000000000 8.5000
0.3142 0.0243 -0.258819045103 -0.933012701892 -0.250000000000 8.5000
0.3163 0.0243 -0.258819045103 -0.933012701892 0.250000000000 8.5000
0.3123 0.0243 -0.258819045103 -0.836516303738 -0.482962913145 8.5000
0.3132 0.0243 -0.258819045103 -0.836516303738 0.482962913145 8.5000
0.3160 0.0243 -0.258819045103 -0.683012701892 -0.683012701892 8.5000
0.3150 0.0243 -0.258819045103 -0.683012701892 0.683012701892 8.5000
0.3139 0.0243 -0.258819045103 -0.482962913145 -0.836516303738 8.5000
0.3143 0.0243 -0.258819045103 -0.482962913145 0.836516303738 8.5000
0.3169 0.0243 -0.258819045103 -0.250000000000 -0.933012701892 8.5000
0.3150 0.0243 -0.258819045103 -0.250000000000 0.933012701892 8.5000
0.3147 0.0243 -0.258819045103 -0.000000000000 -0.965925826289 8.5000
0.3147 0.0243 -0.258819045103 0.000000000000 0.965925826289 8.5000
0.3150 0.0243 -0.258819045103 0.250000000000 -0.933012701892 8.5000
0.3169 0.0243 -0.258819045103 0.250000000000 0.933012701892 8.5000
0.3143 0.0243 -0.258819045103 0.482962913145 -0.836516303738 8.5000
0.3139 0.0243 -0.258819045103 0.482962913145 0.836516303738 8.5000
0.3150 0.0243 -0.258819045103 0.683012701892 -0.683012701892 8.5000
0.3160 0.0243 -0.258819045103 0.683012701892 0.683012701892 8.5000
0.3132 0.0243 -0.258819045103 0.836516303738 -0.482962913145 8.5000
0.3123 0.0243 -0.258819045103 0.836516303738 0.482962913145 8.5000
0.3163 0.0243 -0.258819045103 0.933012701892 -0.250000000000 8.5000
0.3142 0.0243 -0.258819045103 0.933012701892 0.250000000000 8.5000
0.3165 0.0243 -0.258819045103 0.965925826289 0.000000000000 8.5000
0.3159 0.0243 -0.173648177667 -0.984807753012 0.000000000000 8.5000
0.3135 0.0243 -0.173648177667 -0.951251242564 -0.254887002244 8.5000
0.3157 0.0243 -0.173648177667 -0.951251242564 0.254887002244 8.5000
0.3116 0.0243 -0.173648177667 -0.852868531952 -0.492403876506 8.5000
0.3125 0.0243 -0.173648177667 -0.852868531952 0.492403876506 8.5000
0.3154 0.0243 -0.173648177667 -0.696364240320 -0.696364240320 8.5000
0.3144 0.0243 -0.173648177667 -0.696364240320 0.696364240320 8.5000
0.3132 0.0243 -0.173648177667 -0.492403876506 -0.852868531952 8.5000
0.3137 0.0243 -0.173648177667 -0.492403876506 0.852868531952 8.5000
0.3163 0.0243 -0.173648177667 -0.254887002244 -0.951251242564 8.5000
0.3144 0.0243 -0.173648177667 -0.254887002244 0.951251242564 8.5000
0.3140 0.0243 -0.173648177667 -0.000000000000 -0.984807753012 8.5000
0.3140 0.0243 -0.173648177667 0.000000000000 0.984807753012 8.5000
0.3144 0.0243 -0.173648177667 0.254887002244 -0.951251242564 8.5000
0.3163 0.0243 -0.173648177667 0.254887002244 0.951251242564 8.5000
0.3137 0.0243 -0.173648177667 0.492403876506 -0.852868531952 8.5000
0.3132 0.0243 -0.173648177667 0.492403876506 0.852868531952 8.5000
0.3144 0.0243 -0.173648177667 0.696364240320 -0.696364240320 8.5000
0.3154 0.0243 -0.173648177667 0.696364240320 0.696364240320 8.5000
0.3125 0.0243 -0.173648177667 0.852868531952 -0.492403876506 8.5000
0.3116 0.0243 -0.173648177667 0.852868531952 0.492403876506 8.5000
0.3157 0.0243 -0.173648177667 0.951251242564 -0.254887002244 8.5000
0.3136 0.0243 -0.173648177667 0.951251242564 0.254887002244 8.5000
0.3159 0.0243 -0.173648177667 0.984807753012 0.000000000000 8.5000
0.3155 0.0243 -0.087155742748 -0.996194698092 0.000000000000 8.5000
0.3131 0.0243 -0.087155742748 -0.962250186899 -0.257834160496 8.5000
0.3153 0.0243 -0.087155742748 -0.962250186899 0.257834160496 8.5000
0.3111 0.0243 -0.087155742748 -0.862729915663 -0.498097349046 8.5000
0.3121 0.0243 -0.087155742748 -0.862729915663 0.498097349046 8.5000
0.3150 0.0243 -0.087155742748 -0.704416026403 -0.704416026403 8.5000
0.3140 0.0243 -0.087155742748 -0.704416026403 0.704416026403 8.5000
0.3128 0.0243 -0.087155742748 -0.498097349046 -0.862729915663 8.5000
0.3133 0.0243 -0.087155742748 -0.498097349046 0.862729915663 8.5000
0.3160 0.0243 -0.087155742748 -0.257834160496 -0.962250186899 8.5000
0.3140 0.0243 -0.087155742748 -0.257834160496 0.962250186899 8.5000
0.3136 0.0243 -0.087155742748 -0.000000000000 -0.996194698092 8.5000
0.3136 0.0243 -0.087155742748 0.000000000000 0.996194698092 8.5000
0.3140 0.0243 -0.087155742748 0.257834160496 -0.962250186899 8.5000
0.3160 0.0243 -0.087155742748 0.257834160496 0.962250186899 8.5000
0.3133 0.0243 -0.087155742748 0.498097349046 -0.862729915663 8.5000
0.3128 0.0243 -0.087155742748 0.498097349046 0.862729915663 8.5000
0.3140 0.0243 -0.087155742748 0.704416026403 -0.704416026403 8.5000
0.3150 0.0243 -0.087155742748 0.704416026403 0.704416026403 8.5000
0.3121 0.0243 -0.087155742748 0.862729915663 -0.498097349046 8.5000
0.3111 0.0243 -0.087155742748 0.862729915663 0.498097349046 8.5000
0.3153 0.0243 -0.087155742748 0.962250186899 -0.257834160496 8.5000
0.3132 0.0243 -0.087155742748 0.962250186899 0.257834160496 8.5000
0.3155 0.0243 -0.087155742748 0.996194698092 0.000000000000 8.5000
0.3135 0.0243 -0.000000011327 0.000000009682 1.000000000000 8.5000
0.3154 0.0243 0.000000000000 -1.000000000000 0.000000000000 8.5000
0.3130 0.0243 0.000000000000 -0.965925826289 -0.258819045103 8.5000
0.3152 0.0243 0.000000000000 -0.965925826289 0.258819045103 8.5000
0.3110 0.0243 0.000000000000 -0.866025403784 -0.500000000000 8.5000
0.3120 0.0243 0.000000000000 -0.866025403784 0.500000000000 8.5000
0.3149 0.0243 0.000000000000 -0.707106781187 -0.707106781187 8.5000
0.3139 0.0243 0.000000000000 -0.707106781187 0.707106781187 8.5000
0.3127 0.0243 0.000000000000 -0.500000000000 -0.866025403784 8.5000
0.3131 0.0243 0.000000000000 -0.500000000000 0.866025403784 8.5000
0.3159 0.0243 0.000000000000 -0.258819045103 -0.965925826289 8.5000
0.3138 0.0243 0.000000000000 -0.258819045103 0.965925826289 8.5000
0.3138 0.0243 0.000000000000 0.258819045103 -0.965925826289 8.5000
0.3159 0.0243 0.000000000000 0.258819045103 0.965925826289 8.5000
0.3131 0.0243 0.000000000000 0.500000000000 -0.866025403784 8.5000
0.3127 0.0243 0.000000000000 0.500000000000 0.866025403784 8.5000
0.3139 0.0243 0.000000000000 0.707106781187 -0.707106781187 8.5000
0.3149 0.0243 0.000000000000 0.707106781187 0.707106781187 8.5000
0.3120 0.0243 0.000000000000 0.866025403784 -0.500000000000 8.5000
0.3110 0.0243 0.000000000000 0.866025403784 0.500000000000 8.5000
0.3152 0.0243 0.000000000000 0.965925826289 -0.258819045103 8.5000
0.3130 0.0243 0.000000000000 0.965925826289 0.258819045103 8.5000
0.3154 0.0243 0.000000000000 1.000000000000 0.000000000000 8.5000
0.3135 0.0243 0.000000011327 -0.000000009682 -1.000000000000 8.5000
0.3155 0.0243 0.087155742748 -0.996194698092 0.000000000000 8.5000
0.3132 0.0243 0.087155742748 -0.962250186899 -0.257834160496 8.5000
0.3153 0.0243 0.087155742748 -0.962250186899 0.257834160496 8.5000
0.3111 0.0243 0.087155742748 -0.862729915663 -0.498097349046 8.5000
0.3121 0.0243 0.087155742748 -0.862729915663 0.498097349046 8.5000
0.3150 0.0243 0.087155742748 -0.704416026403 -0.704416026403 8.5000
0.3140 0.0243 0.087155742748 -0.704416026403 0.704416026403 8.5000
0.3128 0.0243 0.087155742748 -0.498097349046 -0.862729915663 8.5000
0.3133 0.0243 0.087155742748 -0.498097349046 0.862729915663 8.5000
0.3160 0.0243 0.087155742748 -0.257834160496 -0.962250186899 8.5000
0.3140 0.0243 0.087155742748 -0.257834160496 0.962250186899 8.5000
0.3136 0.0243 0.087155742748 0.000000000000 -0.996194698092 8.5000
0.3136 0.0243 0.087155742748 0.000000000000 0.996194698092 8.5000
0.3140 0.0243 0.087155742748 0.257834160496 -0.962250186899 8.5000
0.3160 0.0243 0.087155742748 0.257834160496 0.962250186899 8.5000
0.3133 0.0243 0.087155742748 0.498097349046 -0.862729915663 8.5000
0.3128 0.0243 0.087155742748 0.498097349046 0.862729915663 8.5000
0.3140 0.0243 0.087155742748 0.704416026403 -0.704416026403 8.5000
0.3150 0.0243 0.087155742748 0.704416026403 0.704416026403 8.5000
0.3121 0.0243 0.087155742748 0.862729915663 -0.498097349046 8.5000
0.3111 0.0243 0.087155742748 0.862729915663 0.498097349046 8.5000
0.3153 0.0243 0.087155742748 0.962250186899 -0.257834160496 8.5000
0.3131 0.0243 0.087155742748 0.962250186899 0.257834160496 8.5000
0.3155 0.0243 0.087155742748 0.996194698092 0.000000000000 8.5000
0.3159 0.0243 0.173648177667 -0.984807753012 0.000000000000 8.5000
0.3136 0.0243 0.173648177667 -0.951251242564 -0.254887002244 8.5000
0.3157 0.0243 0.173648177667 -0.951251242564 0.254887002244 8.5000
0.3116 0.0243 0.173648177667 -0.852868531952 -0.492403876506 8.5000
0.3125 0.0243 0.173648177667 -0.852868531952 0.492403876506 8.5000
0.3154 0.0243 0.173648177667 -0.696364240320 -0.696364240320 8.5000
0.3144 0.0243 0.173648177667 -0.696364240320 0.696364240320 8.5000
0.3132 0.0243 0.173648177667 -0.492403876506 -0.852868531952 8.5000
0.3137 0.0243 0.173648177667 -0.492403876506 0.852868531952 8.5000
0.3163 0.0243 0.173648177667 -0.254887002244 -0.951251242564 8.5000
0.3144 0.0243 0.173648177667 -0.254887002244 0.951251242564 8.5000
0.3140 0.0243 0.173648177667 0.000000000000 -0.984807753012 8.5000
0.3140 0.0243 0.173648177667 0.000000000000 0.984807753012 8.5000
0.3144 0.0243 0.173648177667 0.254887002244 -0.951251242564 8.5000
0.3163 0.0243 0.173648177667 0.254887002244 0.951251242564 8.5000
0.3137 0.0243 0.173648177667 0.492403876506 -0.852868531952 8.5000
0.3132 0.0243 0.173648177667 0.492403876506 0.852868531952 8.5000
0.3144 0.0243 0.173648177667 0.696364240320 -0.696364240320 8.5000
0.3154 0.0243 0.173648177667 0.696364240320 0.696364240320 8.5000
0.3125 0.0243 0.173648177667 0.852868531952 -0.492403876506 8.5000
0.3116 0.0243 0.173648177667 0.852868531952 0.492403876506 8.5000
0.3157 0.0243 0.173648177667 0.951251242564 -0.254887002244 8.5000
0.3135 0.0243 0.173648177667 0.951251242564 0.254887002244 8.5000
0.3159 0.0243 0.173648177667 0.984807753012 0.000000000000 8.5000
0.3165 0.0243 0.258819045103 -0.965925826289 0.000000000000 8.5000
0.3142 0.0243 0.258819045103 -0.933012701892 -0.250000000000 8.5000
0.3163 0.0243 0.258819045103 -0.933012701892 0.250000000000 8.5000
0.3123 0.0243 0.258819045103 -0.836516303738 -0.482962913145 8.5000
0.3132 0.0243 0.258819045103 -0.836516303738 0.482962913145 8.5000
0.3160 0.0243 0.258819045103 -0.683012701892 -0.683012701892 8.5000
0.3150 0.0243 0.258819045103 -0.683012701892 0.683012701892 8.5000
0.3139 0.0243 0.258819045103 -0.482962913145 -0.836516303738 8.5000
0.3143 0.0243 0.258819045103 -0.482962913145 0.836516303738 8.5000
0.3169 0.0243 0.258819045103 -0.250000000000 -0.933012701892 8.5000
0.3150 0.0243 0.258819045103 -0.250000000000 0.933012701892 8.5000
0.3147 0.0243 0.258819045103 0.000000000000 -0.965925826289 8.5000
0.3147 0.0243 0.258819045103 0.000000000000 0.965925826289 8.5000
0.3150 0.0243 0.258819045103 0.250000000000 -0.933012701892 8.5000
0.3169 0.0243 0.258819045103 0.250000000000 0.933012701892 8.5000
0.3143 0.0243 0.258819045103 0.482962913145 -0.836516303738 8.5000
0.3139 0.0243 0.258819045103 0.482962913145 0.836516303738 8.5000
0.3150 0.0243 0.258819045103 0.683012701892 -0.683012701892 8.5000
0.3160 0.0243 0.258819045103 0.683012701892 0.683012701892 8.5000
0.3132 0.0243 0.258819045103 0.836516303738 -0.482962913145 8.5000
0.3123 0.0243 0.258819045103 0.836516303738 0.482962913145 8.5000
0.3163 0.0243 0.258819045103 0.933012701892 -0.250000000000 8.5000
0.3142 0.0243 0.258819045103 0.933012701892 0.250000000000 8.5000
0.3165 0.0243 0.258819045103 0.965925826289 0.000000000000 8.5000
0.3172 0.0243 0.342020143326 -0.939692620786 0.000000000000 8.5000
0.3151 0.0243 0.342020143326 -0.907673371190 -0.243210346802 8.5000
0.3171 0.0243 0.342020143326 -0.907673371190 0.243210346802 8.5000
0.3133 0.0243 0.342020143326 -0.813797681349 -0.469846310393 8.5000
0.3142 0.0243 0.342020143326 -0.813797681349 0.469846310393 8.5000
0.3168 0.0243 0.342020143326 -0.664463024389 -0.664463024389 8.5000
0.3159 0.0243 0.342020143326 -0.664463024389 0.664463024389 8.5000
0.3148 0.0243 0.342020143326 -0.469846310393 -0.813797681349 8.5000
0.3152 0.0243 0.342020143326 -0.469846310393 0.813797681349 8.5000
0.3177 0.0243 0.342020143326 -0.243210346802 -0.907673371190 8.5000
0.3159 0.0243 0.342020143326 -0.243210346802 0.907673371190 8.5000
0.3155 0.0243 0.342020143326 -0.000000005096 -0.939692620786 8.5000
0.3155 0.0243 0.342020143326 0.000000000000 0.939692620786 8.5000
0.3159 0.0243 0.342020143326 0.243210346802 -0.907673371190 8.5000
0.3176 0.0243 0.342020143326 0.243210346802 0.907673371190 8.5000
0.3152 0.0243 0.342020143326 0.469846310393 -0.813797681349 8.5000
0.3148 0.0243 0.342020143326 0.469846310393 0.813797681349 8.5000
0.3159 0.0243 0.342020143326 0.664463024389 -0.664463024389 8.5000
0.3168 0.0243 0.342020143326 0.664463024389 0.664463024389 8.5000
0.3142 0.0243 0.342020143326 0.813797681349 -0.469846310393 8.5000
0.3133 0.0243 0.342020143326 0.813797681349 0.469846310393 8.5000
0.3171 0.0243 0.342020143326 0.907673371190 -0.243210346802 8.5000
0.3151 0.0243 0.342020143326 0.907673371190 0.243210346802 8.5000
0.3172 0.0243 0.342020143326 0.939692620786 0.000000000000 8.5000
0.3182 0.0243 0.422618261741 -0.906307787037 0.000000000000 8.5000
0.3163 0.0243 0.422618261741 -0.875426098066 -0.234569716010 8.5000
0.3180 0.0243 0.422618261741 -0.875426098066 0.234569716010 8.5000
0.3145 0.0243 0.422618261741 -0.784885567221 -0.453153893518 8.5000
0.3154 0.0243 0.422618261741 -0.784885567221 0.453153893518 8.5000
0.3178 0.0243 0.422618261741 -0.640856382056 -0.640856382056 8.5000
0.3170 0.0243 0.422618261741 -0.640856382056 0.640856382056 8.5000
0.3159 0.0243 0.422618261741 -0.453153893518 -0.784885567221 8.5000
0.3163 0.0243 0.422618261741 -0.453153893518 0.784885567221 8.5000
0.3186 0.0243 0.422618261741 -0.234569716010 -0.875426098066 8.5000
0.3169 0.0243 0.422618261741 -0.234569716010 0.875426098066 8.5000
0.3166 0.0243 0.422618261741 0.000000000000 -0.906307787037 8.5000
0.3166 0.0243 0.422618261741 0.000000006298 0.906307787037 8.5000
0.3169 0.0243 0.422618261741 0.234569716010 -0.875426098066 8.5000
0.3186 0.0243 0.422618261741 0.234569716010 0.875426098066 8.5000
0.3163 0.0243 0.422618261741 0.453153893518 -0.784885567221 8.5000
0.3160 0.0243 0.422618261741 0.453153893518 0.784885567221 8.5000
0.3169 0.0243 0.422618261741 0.640856382056 -0.640856382056 8.5000
0.3178 0.0243 0.422618261741 0.640856382056 0.640856382056 8.5000
0.3154 0.0243 0.422618261741 0.784885567221 -0.453153893518 8.5000
0.3145 0.0243 0.422618261741 0.784885567221 0.453153893518 8.5000
0.3180 0.0243 0.422618261741 0.875426098066 -0.234569716010 8.5000
0.3162 0.0243 0.422618261741 0.875426098066 0.234569716010 8.5000
0.3182 0.0243 0.422618261741 0.906307787037 0.000000000000 8.5000
0.3193 0.0243 0.500000000000 -0.866025403784 0.000000000000 8.5000
0.3175 0.0243 0.500000000000 -0.836516303738 -0.224143868042 8.5000
0.3192 0.0243 0.500000000000 -0.836516303738 0.224143868042 8.5000
0.3160 0.0243 0.500000000000 -0.750000000000 -0.433012701892 8.5000
0.3167 0.0243 0.500000000000 -0.750000000000 0.433012701892 8.5000
0.3189 0.0243 0.500000000000 -0.612372435696 -0.612372435696 8.5000
0.3182 0.0243 0.500000000000 -0.612372435696 0.612372435696 8.5000
0.3173 0.0243 0.500000000000 -0.433012701892 -0.750000000000 8.5000
0.3176 0.0243 0.500000000000 -0.433012701892 0.750000000000 8.5000
0.3197 0.0243 0.500000000000 -0.224143868042 -0.836516303738 8.5000
0.3182 0.0243 0.500000000000 -0.224143868042 0.836516303738 8.5000
0.3179 0.0243 0.500000000000 0.000000000000 -0.866025403784 8.5000
0.3179 0.0243 0.500000000000 0.000000000000 0.866025403784 8.5000
0.3181 0.0243 0.500000000000 0.224143868042 -0.836516303738 8.5000
0.3196 0.0243 0.500000000000 0.224143868042 0.836516303738 8.5000
0.3176 0.0243 0.500000000000 0.433012701892 -0.750000000000 8.5000
0.3173 0.0243 0.500000000000 0.433012701892 0.750000000000 8.5000
0.3182 0.0243 0.500000000000 0.612372435696 -0.612372435696 8.5000
0.3190 0.0243 0.500000000000 0.612372435696 0.612372435696 8.5000
0.3168 0.0243 0.500000000000 0.750000000000 -0.433012701892 8.5000
0.3160 0.0243 0.500000000000 0.750000000000 0.433012701892 8.5000
0.3192 0.0243 0.500000000000 0.836516303738 -0.224143868042 8.5000
0.3175 0.0243 0.500000000000 0.836516303738 0.224143868042 8.5000
0.3193 0.0243 0.500000000000 0.866025403784 0.000000000000 8.5000
0.3206 0.0243 0.573576436351 -0.819152044289 0.000000000000 8.5000
0.3190 0.0243 0.573576436351 -0.791240115236 -0.212012149897 8.5000
0.3204 0.0243 0.573576436351 -0.791240115236 0.212012149897 8.5000
0.3176 0.0243 0.573576436351 -0.709406479916 -0.409576022144 8.5000
0.3182 0.0243 0.573576436351 -0.709406479916 0.409576022144 8.5000
0.3202 0.0243 0.573576436351 -0.579227965340 -0.579227965340 8.5000
0.3196 0.0243 0.573576436351 -0.579227965340 0.579227965340 8.5000
0.3187 0.0243 0.573576436351 -0.409576022144 -0.709406479916 8.5000
0.3190 0.0243 0.573576436351 -0.409576022144 0.709406479916 8.5000
0.3209 0.0243 0.573576436351 -0.212012149897 -0.791240115236 8.5000
0.3195 0.0243 0.573576436351 -0.212012149897 0.791240115236 8.5000
0.3193 0.0243 0.573576436351 0.000000000000 -0.819152044289 8.5000
0.3193 0.0243 0.573576436351 0.000000000000 0.819152044289 8.5000
0.3195 0.0243 0.573576436351 0.212012149897 -0.791240115236 8.5000
0.3208 0.0243 0.573576436351 0.212012149897 0.791240115236 8.5000
0.3190 0.0243 0.573576436351 0.409576022144 -0.709406479916 8.5000
0.3187 0.0243 0.573576436351 0.409576022144 0.709406479916 8.5000
0.3195 0.0243 0.573576436351 0.579227965340 -0.579227965340 8.5000
0.3202 0.0243 0.573576436351 0.579227965340 0.579227965340 8.5000
0.3183 0.0243 0.573576436351 0.709406479916 -0.409576022144 8.5000
0.3176 0.0243 0.573576436351 0.709406479916 0.409576022144 8.5000
0.3204 0.0243 0.573576436351 0.791240115236 -0.212012149897 8.5000
0.3189 0.0243 0.573576436351 0.791240115236 0.212012149897 8.5000
0.3205 0.0243 0.573576436351 0.819152044289 0.000000000000 8.5000
0.3219 0.0243 0.642787609687 -0.766044443119 0.000000000000 8.5000
0.3205 0.0243 0.642787609687 -0.739942111694 -0.198266891274 8.5000
0.3217 0.0243 0.642787609687 -0.739942111694 0.198266891274 8.5000
0.3193 0.0243 0.642787609687 -0.663413948169 -0.383022221559 8.5000
0.3198 0.0243 0.642787609687 -0.663413948169 0.383022221559 8.5000
0.3215 0.0243 0.642787609687 -0.541675220420 -0.541675220420 8.5000
0.3210 0.0243 0.642787609687 -0.541675220420 0.541675220420 8.5000
0.3203 0.0243 0.642787609687 -0.383022221559 -0.663413948169 8.5000
0.3205 0.0243 0.642787609687 -0.383022221559 0.663413948169 8.5000
0.3222 0.0243 0.642787609687 -0.198266891274 -0.739942111694 8.5000
0.3210 0.0243 0.642787609687 -0.198266891274 0.739942111694 8.5000
0.3207 0.0243 0.642787609687 0.000000000000 -0.766044443119 8.5000
0.3207 0.0243 0.642787609687 0.000000000000 0.766044443119 8.5000
0.3209 0.0243 0.642787609687 0.198266891274 -0.739942111694 8.5000
0.3221 0.0243 0.642787609687 0.198266891274 0.739942111694 8.5000
0.3205 0.0243 0.642787609687 0.383022221559 -0.663413948169 8.5000
0.3203 0.0243 0.642787609687 0.383022221559 0.663413948169 8.5000
0.3210 0.0243 0.642787609687 0.541675220420 -0.541675220420 8.5000
0.3216 0.0243 0.642787609687 0.541675220420 0.541675220420 8.5000
0.3199 0.0243 0.642787609687 0.663413948169 -0.383022221559 8.5000
0.3192 0.0243 0.642787609687 0.663413948169 0.383022221559 8.5000
0.3218 0.0243 0.642787609687 0.739942111694 -0.198266891274 8.5000
0.3204 0.0243 0.642787609687 0.739942111694 0.198266891274 8.5000
0.3219 0.0243 0.642787609687 0.766044443119 0.000000000000 8.5000
0.3232 0.0243 0.707106781187 -0.707106781187 0.000000000000 8.5000
0.3221 0.0243 0.707106781187 -0.683012701892 -0.183012701892 8.5000
0.3231 0.0243 0.707106781187 -0.683012701892 0.183012701892 8.5000
0.3210 0.0243 0.707106781187 -0.612372435696 -0.353553390593 8.5000
0.3215 0.0243 0.707106781187 -0.612372435696 0.353553390593 8.5000
0.3229 0.0243 0.707106781187 -0.500000000000 -0.500000000000 8.5000
0.3225 0.0243 0.707106781187 -0.500000000000 0.500000000000 8.5000
0.3218 0.0243 0.707106781187 -0.353553390593 -0.612372435696 8.5000
0.3221 0.0243 0.707106781187 -0.353553390593 0.612372435696 8.5000
0.3235 0.0243 0.707106781187 -0.183012701892 -0.683012701892 8.5000
0.3225 0.0243 0.707106781187 -0.183012701892 0.683012701892 8.5000
0.3223 0.0243 0.707106781187 0.000000000000 -0.707106781187 8.5000
0.3223 0.0243 0.707106781187 0.000000000000 0.707106781187 8.5000
0.3224 0.0243 0.707106781187 0.183012701892 -0.683012701892 8.5000
0.3234 0.0243 0.707106781187 0.183012701892 0.683012701892 8.5000
0.3221 0.0243 0.707106781187 0.353553390593 -0.612372435696 8.5000
0.3219 0.0243 0.707106781187 0.353553390593 0.612372435696 8.5000
0.3224 0.0243 0.707106781187 0.500000000000 -0.500000000000 8.5000
0.3230 0.0243 0.707106781187 0.500000000000 0.500000000000 8.5000
0.3215 0.0243 0.707106781187 0.612372435696 -0.353553390593 8.5000
0.3210 0.0243 0.707106781187 0.612372435696 0.353553390593 8.5000
0.3231 0.0243 0.707106781187 0.683012701892 -0.183012701892 8.5000
0.3220 0.0243 0.707106781187 0.683012701892 0.183012701892 8.5000
0.3232 0.0243 0.707106781187 0.707106781187 0.000000000000 8.5000
0.3246 0.0243 0.766044443119 -0.642787609687 0.000000000000 8.5000
0.3236 0.0243 0.766044443119 -0.620885153015 -0.166365675343 8.5000
0.3245 0.0243 0.766044443119 -0.620885153015 0.166365675343 8.5000
0.3228 0.0243 0.766044443119 -0.556670399226 -0.321393804843 8.5000
0.3231 0.0243 0.766044443119 -0.556670399226 0.321393804843 8.5000
0.3244 0.0243 0.766044443119 -0.454519477672 -0.454519477672 8.5000
0.3240 0.0243 0.766044443119 -0.454519477672 0.454519477672 8.5000
0.3234 0.0243 0.766044443119 -0.321393804843 -0.556670399226 8.5000
0.3236 0.0243 0.766044443119 -0.321393804843 0.556670399226 8.5000
0.3248 0.0243 0.766044443119 -0.166365675343 -0.620885153015 8.5000
0.3240 0.0243 0.766044443119 -0.166365675343 0.620885153015 8.5000
0.3238 0.0243 0.766044443119 -0.000000011415 -0.642787609687 8.5000
0.3238 0.0243 0.766044443119 0.000000011415 0.642787609687 8.5000
0.3239 0.0243 0.766044443119 0.166365675343 -0.620885153015 8.5000
0.3248 0.0243 0.766044443119 0.166365675343 0.620885153015 8.5000
0.3236 0.0243 0.766044443119 0.321393804843 -0.556670399226 8.5000
0.3235 0.0243 0.766044443119 0.321393804843 0.556670399226 8.5000
0.3239 0.0243 0.766044443119 0.454519477672 -0.454519477672 8.5000
0.3244 0.0243 0.766044443119 0.454519477672 0.454519477672 8.5000
0.3232 0.0243 0.766044443119 0.556670399226 -0.321393804843 8.5000
0.3227 0.0243 0.766044443119 0.556670399226 0.321393804843 8.5000
0.3245 0.0243 0.766044443119 0.620885153015 -0.166365675343 8.5000
0.3236 0.0243 0.766044443119 0.620885153015 0.166365675343 8.5000
0.3246 0.0243 0.766044443119 0.642787609687 0.000000000000 8.5000
0.3259 0.0243 0.819152044289 -0.573576436351 0.000000000000 8.5000
0.3251 0.0243 0.819152044289 -0.554032293222 -0.148452505550 8.5000
0.3258 0.0243 0.819152044289 -0.554032293222 0.148452505550 8.5000
0.3244 0.0243 0.819152044289 -0.496731764892 -0.286788218176 8.5000
0.3247 0.0243 0.819152044289 -0.496731764892 0.286788218176 8.5000
0.3257 0.0243 0.819152044289 -0.405579787673 -0.405579787673 8.5000
0.3254 0.0243 0.819152044289 -0.405579787673 0.405579787673 8.5000
0.3250 0.0243 0.819152044289 -0.286788218176 -0.496731764892 8.5000
0.3252 0.0243 0.819152044289 -0.286788218176 0.496731764892 8.5000
0.3261 0.0243 0.819152044289 -0.148452505550 -0.554032293222 8.5000
0.3254 0.0243 0.819152044289 -0.148452505550 0.554032293222 8.5000
0.3253 0.0243 0.819152044289 0.000000000000 -0.573576436351 8.5000
0.3253 0.0243 0.819152044289 0.000000000000 0.573576436351 8.5000
0.3254 0.0243 0.819152044289 0.148452505550 -0.554032293222 8.5000
0.3260 0.0243 0.819152044289 0.148452505550 0.554032293222 8.5000
0.3251 0.0243 0.819152044289 0.286788218176 -0.496731764892 8.5000
0.3250 0.0243 0.819152044289 0.286788218176 0.496731764892 8.5000
0.3254 0.0243 0.819152044289 0.405579787673 -0.405579787673 8.5000
0.3258 0.0243 0.819152044289 0.405579787673 0.405579787673 8.5000
0.3248 0.0243 0.819152044289 0.496731764892 -0.286788218176 8.5000
0.3244 0.0243 0.819152044289 0.496731764892 0.286788218176 8.5000
0.3258 0.0243 0.819152044289 0.554032293222 -0.148452505550 8.5000
0.3251 0.0243 0.819152044289 0.554032293222 0.148452505550 8.5000
0.3259 0.0243 0.819152044289 0.573576436351 0.000000000000 8.5000
0.3271 0.0243 0.866025403784 -0.500000000000 0.000000000000 8.5000
0.3266 0.0243 0.866025403784 -0.482962913145 -0.129409522551 8.5000
0.3271 0.0243 0.866025403784 -0.482962913145 0.129409522551 8.5000
0.3260 0.0243 0.866025403784 -0.433012701892 -0.250000000000 8.5000
0.3263 0.0243 0.866025403784 -0.433012701892 0.250000000000 8.5000
0.3270 0.0243 0.866025403784 -0.353553390593 -0.353553390593 8.5000
0.3268 0.0243 0.866025403784 -0.353553390593 0.353553390593 8.5000
0.3264 0.0243 0.866025403784 -0.250000000000 -0.433012701892 8.5000
0.3266 0.0243 0.866025403784 -0.250000000000 0.433012701892 8.5000
0.3273 0.0243 0.866025403784 -0.129409522551 -0.482962913145 8.5000
0.3268 0.0243 0.866025403784 -0.129409522551 0.482962913145 8.5000
0.3267 0.0243 0.866025403784 0.000000000000 -0.500000000000 8.5000
0.3267 0.0243 0.866025403784 0.000000000000 0.500000000000 8.5000
0.3267 0.0243 0.866025403784 0.129409522551 -0.482962913145 8.5000
0.3272 0.0243 0.866025403784 0.129409522551 0.482962913145 8.5000
0.3266 0.0243 0.866025403784 0.250000000000 -0.433012701892 8.5000
0.3265 0.0243 0.866025403784 0.250000000000 0.433012701892 8.5000
0.3267 0.0243 0.866025403784 0.353553390593 -0.353553390593 8.5000
0.3270 0.0243 0.866025403784 0.353553390593 0.353553390593 8.5000
0.3263 0.0243 0.866025403784 0.433012701892 -0.250000000000 8.5000
0.3260 0.0243 0.866025403784 0.433012701892 0.250000000000 8.5000
0.3271 0.0243 0.866025403784 0.482962913145 -0.129409522551 8.5000
0.3265 0.0243 0.866025403784 0.482962913145 0.129409522551 8.5000
0.3271 0.0243 0.866025403784 0.500000000000 0.000000000000 8.5000
0.3283 0.0243 0.906307787037 -0.422618261741 0.000000000000 8.5000
0.3279 0.0243 0.906307787037 -0.408217893677 -0.109381654947 8.5000
0.3282 0.0243 0.906307787037 -0.408217893677 0.109381654947 8.5000
0.3275 0.0243 0.906307787037 -0.365998150771 -0.211309130870 8.5000
0.3276 0.0243 0.906307787037 -0.365998150771 0.211309130870 8.5000
0.3281 0.0243 0.906307787037 -0.298836238730 -0.298836238730 8.5000
0.3280 0.0243 0.906307787037 -0.298836238730 0.298836238730 8.5000
0.3278 0.0243 0.906307787037 -0.211309130870 -0.365998150771 8.5000
0.3279 0.0243 0.906307787037 -0.211309130870 0.365998150771 8.5000
0.3284 0.0243 0.906307787037 -0.109381654947 -0.408217893677 8.5000
0.3280 0.0243 0.906307787037 -0.109381654947 0.408217893677 8.5000
0.3279 0.0243 0.906307787037 0.000000000000 -0.422618261741 8.5000
0.3279 0.0243 0.906307787037 0.000000000000 0.422618261741 8.5000
0.3280 0.0243 0.906307787037 0.109381654947 -0.408217893677 8.5000
0.3283 0.0243 0.906307787037 0.109381654947 0.408217893677 8.5000
0.3278 0.0243 0.906307787037 0.211309130870 -0.365998150771 8.5000
0.3278 0.0243 0.906307787037 0.211309130870 0.365998150771 8.5000
0.3280 0.0243 0.906307787037 0.298836238730 -0.298836238730 8.5000
0.3282 0.0243 0.906307787037 0.298836238730 0.298836238730 8.5000
0.3277 0.0243 0.906307787037 0.365998150771 -0.211309130870 8.5000
0.3275 0.0243 0.906307787037 0.365998150771 0.211309130870 8.5000
0.3282 0.0243 0.906307787037 0.408217893677 -0.109381654947 8.5000
0.3278 0.0243 0.906307787037 0.408217893677 0.109381654947 8.5000
0.3283 0.0243 0.906307787037 0.422618261741 0.000000000000 8.5000
0.3292 0.0243 0.939692620786 -0.342020143326 0.000000000000 8.5000
0.3290 0.0243 0.939692620786 -0.330366089549 -0.088521326901 8.5000
0.3292 0.0243 0.939692620786 -0.330366089549 0.088521326901 8.5000
0.3287 0.0243 0.939692620786 -0.296198132726 -0.171010071663 8.5000
0.3288 0.0243 0.939692620786 -0.296198132726 0.171010071663 8.5000
0.3291 0.0243 0.939692620786 -0.241844762648 -0.241844762648 8.5000
0.3291 0.0243 0.939692620786 -0.241844762648 0.241844762648 8.5000
0.3289 0.0243 0.939692620786 -0.171010071663 -0.296198132726 8.5000
0.3290 0.0243 0.939692620786 -0.171010071663 0.296198132726 8.5000
0.3293 0.0243 0.939692620786 -0.088521326901 -0.330366089549 8.5000
0.3290 0.0243 0.939692620786 -0.088521326901 0.330366089549 8.5000
0.3290 0.0243 0.939692620786 -0.000000014003 0.342020143326 8.5000
0.3290 0.0243 0.939692620786 0.000000000000 -0.342020143326 8.5000
0.3290 0.0243 0.939692620786 0.088521326901 -0.330366089549 8.5000
0.3293 0.0243 0.939692620786 0.088521326901 0.330366089549 8.5000
0.3290 0.0243 0.939692620786 0.171010071663 -0.296198132726 8.5000
0.3289 0.0243 0.939692620786 0.171010071663 0.296198132726 8.5000
0.3290 0.0243 0.939692620786 0.241844762648 -0.241844762648 8.5000
0.3292 0.0243 0.939692620786 0.241844762648 0.241844762648 8.5000
0.3288 0.0243 0.939692620786 0.296198132726 -0.171010071663 8.5000
0.3287 0.0243 0.939692620786 0.296198132726 0.171010071663 8.5000
0.3292 0.0243 0.939692620786 0.330366089549 -0.088521326901 8.5000
0.3289 0.0243 0.939692620786 0.330366089549 0.088521326901 8.5000
0.3292 0.0243 0.939692620786 0.342020143326 0.000000000000 8.5000
0.3300 0.0243 0.965925826289 -0.258819045103 0.000000000000 8.5000
0.3299 0.0243 0.965925826289 -0.250000000000 -0.066987298108 8.5000
0.3300 0.0243 0.965925826289 -0.250000000000 0.066987298108 8.5000
0.3297 0.0243 0.965925826289 -0.224143868042 -0.129409522551 8.5000
0.3298 0.0243 0.965925826289 -0.224143868042 0.129409522551 8.5000
0.3300 0.0243 0.965925826289 -0.183012701892 -0.183012701892 8.5000
0.3299 0.0243 0.965925826289 -0.183012701892 0.183012701892 8.5000
0.3298 0.0243 0.965925826289 -0.129409522551 -0.224143868042 8.5000
0.3299 0.0243 0.965925826289 -0.129409522551 0.224143868042 8.5000
0.3300 0.0243 0.965925826289 -0.066987298108 -0.250000000000 8.5000
0.3299 0.0243 0.965925826289 -0.066987298108 0.250000000000 8.5000
0.3299 0.0243 0.965925826289 -0.000000014393 -0.258819045103 8.5000
0.3299 0.0243 0.965925826289 0.000000000000 0.258819045103 8.5000
0.3299 0.0243 0.965925826289 0.066987298108 -0.250000000000 8.5000
0.3300 0.0243 0.965925826289 0.066987298108 0.250000000000 8.5000
0.3298 0.0243 0.965925826289 0.129409522551 -0.224143868042 8.5000
0.3298 0.0243 0.965925826289 0.129409522551 0.224143868042 8.5000
0.3299 0.0243 0.965925826289 0.183012701892 -0.183012701892 8.5000
0.3300 0.0243 0.965925826289 0.183012701892 0.183012701892 8.5000
0.3298 0.0243 0.965925826289 0.224143868042 -0.129409522551 8.5000
0.3297 0.0243 0.965925826289 0.224143868042 0.129409522551 8.5000
0.3300 0.0243 0.965925826289 0.250000000000 -0.066987298108 8.5000
0.3298 0.0243 0.965925826289 0.250000000000 0.066987298108 8.5000
0.3300 0.0243 0.965925826289 0.258819045103 0.000000000000 8.5000
0.3306 0.0243 0.984807753012 -0.173648177667 0.000000000000 8.5000
0.3305 0.0243 0.984807753012 -0.167731259497 -0.044943455528 8.5000
0.3306 0.0243 0.984807753012 -0.167731259497 0.044943455528 8.5000
0.3305 0.0243 0.984807753012 -0.150383733180 -0.086824088833 8.5000
0.3305 0.0243 0.984807753012 -0.150383733180 0.086824088833 8.5000
0.3306 0.0243 0.984807753012 -0.122787803969 -0.122787803969 8.5000
0.3305 0.0243 0.984807753012 -0.122787803969 0.122787803969 8.5000
0.3305 0.0243 0.984807753012 -0.086824088833 -0.150383733180 8.5000
0.3305 0.0243 0.984807753012 -0.086824088833 0.150383733180 8.5000
0.3306 0.0243 0.984807753012 -0.044943455528 -0.167731259497 8.5000
0.3305 0.0243 0.984807753012 -0.044943455528 0.167731259497 8.5000
0.3305 0.0243 0.984807753012 0.000000000000 -0.173648177667 8.5000
0.3305 0.0243 0.984807753012 0.000000000000 0.173648177667 8.5000
0.3305 0.0243 0.984807753012 0.044943455528 -0.167731259497 8.5000
0.3306 0.0243 0.984807753012 0.044943455528 0.167731259497 8.5000
0.3305 0.0243 0.984807753012 0.086824088833 -0.150383733180 8.5000
0.3305 0.0243 0.984807753012 0.086824088833 0.150383733180 8.5000
0.3305 0.0243 0.984807753012 0.122787803969 -0.122787803969 8.5000
0.3306 0.0243 0.984807753012 0.122787803969 0.122787803969 8.5000
0.3305 0.0243 0.984807753012 0.150383733180 -0.086824088833 8.5000
0.3304 0.0243 0.984807753012 0.150383733180 0.086824088833 8.5000
0.3306 0.0243 0.984807753012 0.167731259497 -0.044943455528 8.5000
0.3305 0.0243 0.984807753012 0.167731259497 0.044943455528 8.5000
0.3306 0.0243 0.984807753012 0.173648177667 0.000000000000 8.5000
0.3309 0.0243 0.996194698092 -0.087155742748 0.000000000000 8.5000
0.3309 0.0243 0.996194698092 -0.084185982829 -0.022557566113 8.5000
0.3309 0.0243 0.996194698092 -0.084185982829 0.022557566113 8.5000
0.3309 0.0243 0.996194698092 -0.075479087305 -0.043577871374 8.5000
0.3309 0.0243 0.996194698092 -0.075479087305 0.043577871374 8.5000
0.3309 0.0243 0.996194698092 -0.061628416716 -0.061628416716 8.5000
0.3309 0.0243 0.996194698092 -0.061628416716 0.061628416716 8.5000
0.3309 0.0243 0.996194698092 -0.043577871374 -0.075479087305 8.5000
0.3309 0.0243 0.996194698092 -0.043577871374 0.075479087305 8.5000
0.3309 0.0243 0.996194698092 -0.022557566113 -0.084185982829 8.5000
0.3309 0.0243 0.996194698092 -0.022557566113 0.084185982829 8.5000
0.3309 0.0243 0.996194698092 -0.000000014844 -0.087155742748 8.5000
0.3309 0.0243 0.996194698092 0.000000000000 0.087155742748 8.5000
0.3309 0.0243 0.996194698092 0.022557566113 -0.084185982829 8.5000
0.3309 0.0243 0.996194698092 0.022557566113 0.084185982829 8.5000
0.3309 0.0243 0.996194698092 0.043577871374 -0.075479087305 8.5000
0.3309 0.0243 0.996194698092 0.043577871374 0.075479087305 8.5000
0.3309 0.0243 0.996194698092 0.061628416716 -0.061628416716 8.5000
0.3309 0.0243 0.996194698092 0.061628416716 0.061628416716 8.5000
0.3309 0.0243 0.996194698092 0.075479087305 -0.043577871374 8.5000
0.3309 0.0243 0.996194698092 0.075479087305 0.043577871374 8.5000
0.3309 0.0243 0.996194698092 0.084185982829 -0.022557566113 8.5000
0.3309 0.0243 0.996194698092 0.084185982829 0.022557566113 8.5000
0.3309 0.0243 0.996194698092 0.087155742748 0.000000000000 8.5000
0.3311 0.0243 1.000000000000 0.000000000000 0.000000000000 8.5000
