0.3450 -1.000000000000 0.000000000000 0.000000000000
0.3449 -0.996194698092 -0.087155742748 0.000000000000
0.3449 -0.996194698092 -0.084185982829 -0.022557566113
0.3449 -0.996194698092 -0.084185982829 0.022557566113
0.3449 -0.996194698092 -0.075479087305 -0.043577871374
0.3449 -0.996194698092 -0.075479087305 0.043577871374
0.3449 -0.996194698092 -0.061628416716 -0.061628416716
0.3449 -0.996194698092 -0.061628416716 0.061628416716
0.3449 -0.996194698092 -0.043577871374 -0.075479087305
0.3449 -0.996194698092 -0.043577871374 0.075479087305
0.3449 -0.996194698092 -0.022557566113 -0.084185982829
0.3449 -0.996194698092 -0.022557566113 0.084185982829
0.3449 -0.996194698092 0.000000000000 0.087155742748
0.3449 -0.996194698092 0.000000014844 -0.087155742748
0.3449 -0.996194698092 0.022557566113 -0.084185982829
0.3449 -0.996194698092 0.022557566113 0.084185982829
0.3449 -0.996194698092 0.043577871374 -0.075479087305
0.3449 -0.996194698092 0.043577871374 0.075479087305
0.3449 -0.996194698092 0.061628416716 -0.061628416716
0.3449 -0.996194698092 0.061628416716 0.061628416716
0.3449 -0.996194698092 0.075479087305 -0.043577871374
0.3449 -0.996194698092 0.075479087305 0.043577871374
0.3449 -0.996194698092 0.084185982829 -0.022557566113
0.3449 -0.996194698092 0.084185982829 0.022557566113
0.3449 -0.996194698092 0.087155742748 0.000000000000
0.3445 -0.984807753012 -0.173648177667 0.000000000000
0.3446 -0.984807753012 -0.167731259497 -0.044943455528
0.3446 -0.984807753012 -0.167731259497 0.044943455528
0.3445 -0.984807753012 -0.150383733180 -0.086824088833
0.3445 -0.984807753012 -0.150383733180 0.086824088833
0.3446 -0.984807753012 -0.122787803969 -0.122787803969
0.3446 -0.984807753012 -0.122787803969 0.122787803969
0.3445 -0.984807753012 -0.086824088833 -0.150383733180
0.3445 -0.984807753012 -0.086824088833 0.150383733180
0.3446 -0.984807753012 -0.044943455528 -0.167731259497
0.3446 -0.984807753012 -0.044943455528 0.167731259497
0.3446 -0.984807753012 0.000000000000 -0.173648177667
0.3446 -0.984807753012 0.000000000000 0.173648177667
0.3446 -0.984807753012 0.044943455528 -0.167731259497
0.3446 -0.984807753012 0.044943455528 0.167731259497
0.3445 -0.984807753012 0.086824088833 -0.150383733180
0.3445 -0.984807753012 0.086824088833 0.150383733180
0.3446 -0.984807753012 0.122787803969 -0.122787803969
0.3445 -0.984807753012 0.122787803969 0.122787803969
0.3445 -0.984807753012 0.150383733180 -0.086824088833
0.3445 -0.984807753012 0.150383733180 0.086824088833
0.3446 -0.984807753012 0.167731259497 -0.044943455528
0.3446 -0.984807753012 0.167731259497 0.044943455528
0.3445 -0.984807753012 0.173648177667 0.000000000000
0.3438 -0.965925826289 -0.258819045103 0.000000000000
0.3440 -0.965925826289 -0.250000000000 -0.066987298108
0.3441 -0.965925826289 -0.250000000000 0.066987298108
0.3438 -0.965925826289 -0.224143868042 -0.129409522551
0.3439 -0.965925826289 -0.224143868042 0.129409522551
0.3440 -0.965925826289 -0.183012701892 -0.183012701892
0.3440 -0.965925826289 -0.183012701892 0.183012701892
0.3438 -0.965925826289 -0.129409522551 -0.224143868042
0.3439 -0.965925826289 -0.129409522551 0.224143868042
0.3441 -0.965925826289 -0.066987298108 -0.250000000000
0.3440 -0.965925826289 -0.066987298108 0.250000000000
0.3441 -0.965925826289 0.000000000000 -0.258819045103
0.3441 -0.965925826289 0.000000000000 0.258819045103
0.3440 -0.965925826289 0.066987298108 -0.250000000000
0.3441 -0.965925826289 0.066987298108 0.250000000000
0.3439 -0.965925826289 0.129409522551 -0.224143868042
0.3438 -0.965925826289 0.129409522551 0.224143868042
0.3440 -0.965925826289 0.183012701892 -0.183012701892
0.3440 -0.965925826289 0.183012701892 0.183012701892
0.3439 -0.965925826289 0.224143868042 -0.129409522551
0.3438 -0.965925826289 0.224143868042 0.129409522551
0.3441 -0.965925826289 0.250000000000 -0.066987298108
0.3440 -0.965925826289 0.250000000000 0.066987298108
0.3438 -0.965925826289 0.258819045103 0.000000000000
0.3429 -0.939692620786 -0.342020143326 0.000000000000
0.3432 -0.939692620786 -0.330366089549 -0.088521326901
0.3435 -0.939692620786 -0.330366089549 0.088521326901
0.3429 -0.939692620786 -0.296198132726 -0.171010071663
0.3431 -0.939692620786 -0.296198132726 0.171010071663
0.3432 -0.939692620786 -0.241844762648 -0.241844762648
0.3432 -0.939692620786 -0.241844762648 0.241844762648
0.3429 -0.939692620786 -0.171010071663 -0.296198132726
0.3431 -0.939692620786 -0.171010071663 0.296198132726
0.3434 -0.939692620786 -0.088521326901 -0.330366089549
0.3433 -0.939692620786 -0.088521326901 0.330366089549
0.3435 -0.939692620786 0.000000000000 -0.342020143326
0.3435 -0.939692620786 0.000000000000 0.342020143326
0.3433 -0.939692620786 0.088521326901 -0.330366089549
0.3434 -0.939692620786 0.088521326901 0.330366089549
0.3431 -0.939692620786 0.171010071663 -0.296198132726
0.3429 -0.939692620786 0.171010071663 0.296198132726
0.3432 -0.939692620786 0.241844762648 -0.241844762648
0.3432 -0.939692620786 0.241844762648 0.241844762648
0.3431 -0.939692620786 0.296198132726 -0.171010071663
0.3429 -0.939692620786 0.296198132726 0.171010071663
0.3435 -0.939692620786 0.330366089549 -0.088521326901
0.3432 -0.939692620786 0.330366089549 0.088521326901
0.3429 -0.939692620786 0.342020143326 0.000000000000
0.3419 -0.906307787037 -0.422618261741 0.000000000000
0.3423 -0.906307787037 -0.408217893677 -0.109381654947
0.3427 -0.906307787037 -0.408217893677 0.109381654947
0.3418 -0.906307787037 -0.365998150771 -0.211309130870
0.3421 -0.906307787037 -0.365998150771 0.211309130870
0.3422 -0.906307787037 -0.298836238730 -0.298836238730
0.3423 -0.906307787037 -0.298836238730 0.298836238730
0.3418 -0.906307787037 -0.211309130870 -0.365998150771
0.3420 -0.906307787037 -0.211309130870 0.365998150771
0.3425 -0.906307787037 -0.109381654947 -0.408217893677
0.3424 -0.906307787037 -0.109381654947 0.408217893677
0.3427 -0.906307787037 0.000000000000 -0.422618261741
0.3426 -0.906307787037 0.000000000000 0.422618261741
0.3424 -0.906307787037 0.109381654947 -0.408217893677
0.3426 -0.906307787037 0.109381654947 0.408217893677
0.3421 -0.906307787037 0.211309130870 -0.365998150771
0.3418 -0.906307787037 0.211309130870 0.365998150771
0.3423 -0.906307787037 0.298836238730 -0.298836238730
0.3422 -0.906307787037 0.298836238730 0.298836238730
0.3421 -0.906307787037 0.365998150771 -0.211309130870
0.3418 -0.906307787037 0.365998150771 0.211309130870
0.3426 -0.906307787037 0.408217893677 -0.109381654947
0.3423 -0.906307787037 0.408217893677 0.109381654947
0.3418 -0.906307787037 0.422618261741 0.000000000000
0.3406 -0.866025403784 -0.500000000000 0.000000000000
0.3411 -0.866025403784 -0.482962913145 -0.129409522551
0.3417 -0.866025403784 -0.482962913145 0.129409522551
0.3405 -0.866025403784 -0.433012701892 -0.250000000000
0.3409 -0.866025403784 -0.433012701892 0.250000000000
0.3411 -0.866025403784 -0.353553390593 -0.353553390593
0.3412 -0.866025403784 -0.353553390593 0.353553390593
0.3406 -0.866025403784 -0.250000000000 -0.433012701892
0.3408 -0.866025403784 -0.250000000000 0.433012701892
0.3415 -0.866025403784 -0.129409522551 -0.482962913145
0.3414 -0.866025403784 -0.129409522551 0.482962913145
0.3417 -0.866025403784 0.000000000000 0.500000000000
0.3417 -0.866025403784 0.000000012905 -0.500000000000
0.3414 -0.866025403784 0.129409522551 -0.482962913145
0.3416 -0.866025403784 0.129409522551 0.482962913145
0.3409 -0.866025403784 0.250000000000 -0.433012701892
0.3405 -0.866025403784 0.250000000000 0.433012701892
0.3412 -0.866025403784 0.353553390593 -0.353553390593
0.3411 -0.866025403784 0.353553390593 0.353553390593
0.3409 -0.866025403784 0.433012701892 -0.250000000000
0.3405 -0.866025403784 0.433012701892 0.250000000000
0.3417 -0.866025403784 0.482962913145 -0.129409522551
0.3411 -0.866025403784 0.482962913145 0.129409522551
0.3406 -0.866025403784 0.500000000000 0.000000000000
0.3392 -0.819152044289 -0.573576436351 0.000000000000
0.3399 -0.819152044289 -0.554032293222 -0.148452505550
0.3407 -0.819152044289 -0.554032293222 0.148452505550
0.3391 -0.819152044289 -0.496731764892 -0.286788218176
0.3396 -0.819152044289 -0.496731764892 0.286788218176
0.3399 -0.819152044289 -0.405579787673 -0.405579787673
0.3399 -0.819152044289 -0.405579787673 0.405579787673
0.3391 -0.819152044289 -0.286788218176 -0.496731764892
0.3395 -0.819152044289 -0.286788218176 0.496731764892
0.3404 -0.819152044289 -0.148452505550 -0.554032293222
0.3402 -0.819152044289 -0.148452505550 0.554032293222
0.3407 -0.819152044289 0.000000000000 -0.573576436351
0.3406 -0.819152044289 0.000000000000 0.573576436351
0.3402 -0.819152044289 0.148452505550 -0.554032293222
0.3405 -0.819152044289 0.148452505550 0.554032293222
0.3396 -0.819152044289 0.286788218176 -0.496731764892
0.3391 -0.819152044289 0.286788218176 0.496731764892
0.3400 -0.819152044289 0.405579787673 -0.405579787673
0.3398 -0.819152044289 0.405579787673 0.405579787673
0.3395 -0.819152044289 0.496731764892 -0.286788218176
0.3391 -0.819152044289 0.496731764892 0.286788218176
0.3406 -0.819152044289 0.554032293222 -0.148452505550
0.3399 -0.819152044289 0.554032293222 0.148452505550
0.3392 -0.819152044289 0.573576436351 0.000000000000
0.3377 -0.766044443119 -0.642787609687 0.000000000000
0.3386 -0.766044443119 -0.620885153015 -0.166365675343
0.3395 -0.766044443119 -0.620885153015 0.166365675343
0.3376 -0.766044443119 -0.556670399226 -0.321393804843
0.3382 -0.766044443119 -0.556670399226 0.321393804843
0.3385 -0.766044443119 -0.454519477672 -0.454519477672
0.3386 -0.766044443119 -0.454519477672 0.454519477672
0.3376 -0.766044443119 -0.321393804843 -0.556670399226
0.3381 -0.766044443119 -0.321393804843 0.556670399226
0.3393 -0.766044443119 -0.166365675343 -0.620885153015
0.3390 -0.766044443119 -0.166365675343 0.620885153015
0.3395 -0.766044443119 0.000000000000 -0.642787609687
0.3395 -0.766044443119 0.000000011415 0.642787609687
0.3390 -0.766044443119 0.166365675343 -0.620885153015
0.3393 -0.766044443119 0.166365675343 0.620885153015
0.3382 -0.766044443119 0.321393804843 -0.556670399226
0.3376 -0.766044443119 0.321393804843 0.556670399226
0.3387 -0.766044443119 0.454519477672 -0.454519477672
0.3385 -0.766044443119 0.454519477672 0.454519477672
0.3382 -0.766044443119 0.556670399226 -0.321393804843
0.3376 -0.766044443119 0.556670399226 0.321393804843
0.3395 -0.766044443119 0.620885153015 -0.166365675343
0.3386 -0.766044443119 0.620885153015 0.166365675343
0.3377 -0.766044443119 0.642787609687 0.000000000000
0.3361 -0.707106781187 -0.707106781187 0.000000000000
0.3373 -0.707106781187 -0.683012701892 -0.183012701892
0.3384 -0.707106781187 -0.683012701892 0.183012701892
0.3360 -0.707106781187 -0.612372435696 -0.353553390593
0.3367 -0.707106781187 -0.612372435696 0.353553390593
0.3372 -0.707106781187 -0.500000000000 -0.500000000000
0.3373 -0.707106781187 -0.500000000000 0.500000000000
0.3361 -0.707106781187 -0.353553390593 -0.612372435696
0.3367 -0.707106781187 -0.353553390593 0.612372435696
0.3381 -0.707106781187 -0.183012701892 -0.683012701892
0.3377 -0.707106781187 -0.183012701892 0.683012701892
0.3384 -0.707106781187 -0.000000010537 -0.707106781187
0.3384 -0.707106781187 0.000000010537 0.707106781187
0.3377 -0.707106781187 0.183012701892 -0.683012701892
0.3381 -0.707106781187 0.183012701892 0.683012701892
0.3367 -0.707106781187 0.353553390593 -0.612372435696
0.3360 -0.707106781187 0.353553390593 0.612372435696
0.3373 -0.707106781187 0.500000000000 -0.500000000000
0.3371 -0.707106781187 0.500000000000 0.500000000000
0.3367 -0.707106781187 0.612372435696 -0.353553390593
0.3360 -0.707106781187 0.612372435696 0.353553390593
0.3384 -0.707106781187 0.683012701892 -0.183012701892
0.3373 -0.707106781187 0.683012701892 0.183012701892
0.3361 -0.707106781187 0.707106781187 0.000000000000
0.3346 -0.642787609687 -0.766044443119 0.000000000000
0.3359 -0.642787609687 -0.739942111694 -0.198266891274
0.3372 -0.642787609687 -0.739942111694 0.198266891274
0.3345 -0.642787609687 -0.663413948169 -0.383022221559
0.3353 -0.642787609687 -0.663413948169 0.383022221559
0.3358 -0.642787609687 -0.541675220420 -0.541675220420
0.3360 -0.642787609687 -0.541675220420 0.541675220420
0.3345 -0.642787609687 -0.383022221559 -0.663413948169
0.3352 -0.642787609687 -0.383022221559 0.663413948169
0.3369 -0.642787609687 -0.198266891274 -0.739942111694
0.3364 -0.642787609687 -0.198266891274 0.739942111694
0.3372 -0.642787609687 -0.000000009578 -0.766044443119
0.3372 -0.642787609687 0.000000000000 0.766044443119
0.3365 -0.642787609687 0.198266891274 -0.739942111694
0.3369 -0.642787609687 0.198266891274 0.739942111694
0.3353 -0.642787609687 0.383022221559 -0.663413948169
0.3345 -0.642787609687 0.383022221559 0.663413948169
0.3360 -0.642787609687 0.541675220420 -0.541675220420
0.3358 -0.642787609687 0.541675220420 0.541675220420
0.3353 -0.642787609687 0.663413948169 -0.383022221559
0.3345 -0.642787609687 0.663413948169 0.383022221559
0.3372 -0.642787609687 0.739942111694 -0.198266891274
0.3359 -0.642787609687 0.739942111694 0.198266891274
0.3346 -0.642787609687 0.766044443119 0.000000000000
0.3331 -0.573576436351 -0.819152044289 0.000000000000
0.3346 -0.573576436351 -0.791240115236 -0.212012149897
0.3361 -0.573576436351 -0.791240115236 0.212012149897
0.3330 -0.573576436351 -0.709406479916 -0.409576022144
0.3339 -0.573576436351 -0.709406479916 0.409576022144
0.3345 -0.573576436351 -0.579227965340 -0.579227965340
0.3347 -0.573576436351 -0.579227965340 0.579227965340
0.3330 -0.573576436351 -0.409576022144 -0.709406479916
0.3338 -0.573576436351 -0.409576022144 0.709406479916
0.3357 -0.573576436351 -0.212012149897 -0.791240115236
0.3352 -0.573576436351 -0.212012149897 0.791240115236
0.3361 -0.573576436351 -0.000000000000 -0.819152044289
0.3361 -0.573576436351 0.000000000000 0.819152044289
0.3352 -0.573576436351 0.212012149897 -0.791240115236
0.3357 -0.573576436351 0.212012149897 0.791240115236
0.3339 -0.573576436351 0.409576022144 -0.709406479916
0.3329 -0.573576436351 0.409576022144 0.709406479916
0.3347 -0.573576436351 0.579227965340 -0.579227965340
0.3344 -0.573576436351 0.579227965340 0.579227965340
0.3339 -0.573576436351 0.709406479916 -0.409576022144
0.3329 -0.573576436351 0.709406479916 0.409576022144
0.3361 -0.573576436351 0.791240115236 -0.212012149897
0.3346 -0.573576436351 0.791240115236 0.212012149897
0.3331 -0.573576436351 0.819152044289 0.000000000000
0.3317 -0.500000000000 -0.866025403784 0.000000000000
0.3334 -0.500000000000 -0.836516303738 -0.224143868042
0.3351 -0.500000000000 -0.836516303738 0.224143868042
0.3315 -0.500000000000 -0.750000000000 -0.433012701892
0.3326 -0.500000000000 -0.750000000000 0.433012701892
0.3332 -0.500000000000 -0.612372435696 -0.612372435696
0.3335 -0.500000000000 -0.612372435696 0.612372435696
0.3316 -0.500000000000 -0.433012701892 -0.750000000000
0.3325 -0.500000000000 -0.433012701892 0.750000000000
0.3346 -0.500000000000 -0.224143868042 -0.836516303738
0.3340 -0.500000000000 -0.224143868042 0.836516303738
0.3351 -0.500000000000 -0.000000000000 -0.866025403784
0.3351 -0.500000000000 0.000000007451 0.866025403784
0.3341 -0.500000000000 0.224143868042 -0.836516303738
0.3346 -0.500000000000 0.224143868042 0.836516303738
0.3325 -0.500000000000 0.433012701892 -0.750000000000
0.3315 -0.500000000000 0.433012701892 0.750000000000
0.3335 -0.500000000000 0.612372435696 -0.612372435696
0.3332 -0.500000000000 0.612372435696 0.612372435696
0.3326 -0.500000000000 0.750000000000 -0.433012701892
0.3315 -0.500000000000 0.750000000000 0.433012701892
0.3350 -0.500000000000 0.836516303738 -0.224143868042
0.3334 -0.500000000000 0.836516303738 0.224143868042
0.3317 -0.500000000000 0.866025403784 0.000000000000
0.3304 -0.422618261741 -0.906307787037 0.000000000000
0.3323 -0.422618261741 -0.875426098066 -0.234569716010
0.3341 -0.422618261741 -0.875426098066 0.234569716010
0.3303 -0.422618261741 -0.784885567221 -0.453153893518
0.3314 -0.422618261741 -0.784885567221 0.453153893518
0.3321 -0.422618261741 -0.640856382056 -0.640856382056
0.3324 -0.422618261741 -0.640856382056 0.640856382056
0.3303 -0.422618261741 -0.453153893518 -0.784885567221
0.3313 -0.422618261741 -0.453153893518 0.784885567221
0.3336 -0.422618261741 -0.234569716010 -0.875426098066
0.3330 -0.422618261741 -0.234569716010 0.875426098066
0.3341 -0.422618261741 -0.000000000000 -0.906307787037
0.3341 -0.422618261741 0.000000006298 0.906307787037
0.3330 -0.422618261741 0.234569716010 -0.875426098066
0.3336 -0.422618261741 0.234569716010 0.875426098066
0.3313 -0.422618261741 0.453153893518 -0.784885567221
0.3302 -0.422618261741 0.453153893518 0.784885567221
0.3324 -0.422618261741 0.640856382056 -0.640856382056
0.3321 -0.422618261741 0.640856382056 0.640856382056
0.3314 -0.422618261741 0.784885567221 -0.453153893518
0.3302 -0.422618261741 0.784885567221 0.453153893518
0.3341 -0.422618261741 0.875426098066 -0.234569716010
0.3323 -0.422618261741 0.875426098066 0.234569716010
0.3304 -0.422618261741 0.906307787037 0.000000000000
0.3293 -0.342020143326 -0.939692620786 0.000000000000
0.3313 -0.342020143326 -0.907673371190 -0.243210346802
0.3333 -0.342020143326 -0.907673371190 0.243210346802
0.3291 -0.342020143326 -0.813797681349 -0.469846310393
0.3304 -0.342020143326 -0.813797681349 0.469846310393
0.3311 -0.342020143326 -0.664463024389 -0.664463024389
0.3314 -0.342020143326 -0.664463024389 0.664463024389
0.3292 -0.342020143326 -0.469846310393 -0.813797681349
0.3303 -0.342020143326 -0.469846310393 0.813797681349
0.3328 -0.342020143326 -0.243210346802 -0.907673371190
0.3321 -0.342020143326 -0.243210346802 0.907673371190
0.3333 -0.342020143326 -0.000000000000 -0.939692620786
0.3333 -0.342020143326 0.000000000000 0.939692620786
0.3321 -0.342020143326 0.243210346802 -0.907673371190
0.3328 -0.342020143326 0.243210346802 0.907673371190
0.3303 -0.342020143326 0.469846310393 -0.813797681349
0.3291 -0.342020143326 0.469846310393 0.813797681349
0.3314 -0.342020143326 0.664463024389 -0.664463024389
0.3311 -0.342020143326 0.664463024389 0.664463024389
0.3303 -0.342020143326 0.813797681349 -0.469846310393
0.3291 -0.342020143326 0.813797681349 0.469846310393
0.3333 -0.342020143326 0.907673371190 -0.243210346802
0.3313 -0.342020143326 0.907673371190 0.243210346802
0.3293 -0.342020143326 0.939692620786 0.000000000000
0.3284 -0.258819045103 -0.965925826289 0.000000000000
0.3306 -0.258819045103 -0.933012701892 -0.250000000000
0.3326 -0.258819045103 -0.933012701892 0.250000000000
0.3282 -0.258819045103 -0.836516303738 -0.482962913145
0.3295 -0.258819045103 -0.836516303738 0.482962913145
0.3303 -0.258819045103 -0.683012701892 -0.683012701892
0.3306 -0.258819045103 -0.683012701892 0.683012701892
0.3283 -0.258819045103 -0.482962913145 -0.836516303738
0.3295 -0.258819045103 -0.482962913145 0.836516303738
0.3321 -0.258819045103 -0.250000000000 -0.933012701892
0.3314 -0.258819045103 -0.250000000000 0.933012701892
0.3326 -0.258819045103 -0.000000000000 -0.965925826289
0.3326 -0.258819045103 0.000000003857 0.965925826289
0.3314 -0.258819045103 0.250000000000 -0.933012701892
0.3321 -0.258819045103 0.250000000000 0.933012701892
0.3295 -0.258819045103 0.482962913145 -0.836516303738
0.3283 -0.258819045103 0.482962913145 0.836516303738
0.3307 -0.258819045103 0.683012701892 -0.683012701892
0.3303 -0.258819045103 0.683012701892 0.683012701892
0.3295 -0.258819045103 0.836516303738 -0.482962913145
0.3282 -0.258819045103 0.836516303738 0.482962913145
0.3326 -0.258819045103 0.933012701892 -0.250000000000
0.3306 -0.258819045103 0.933012701892 0.250000000000
0.3284 -0.258819045103 0.965925826289 0.000000000000
0.3278 -0.173648177667 -0.984807753012 0.000000000000
0.3300 -0.173648177667 -0.951251242564 -0.254887002244
0.3321 -0.173648177667 -0.951251242564 0.254887002244
0.3276 -0.173648177667 -0.852868531952 -0.492403876506
0.3289 -0.173648177667 -0.852868531952 0.492403876506
0.3297 -0.173648177667 -0.696364240320 -0.696364240320
0.3301 -0.173648177667 -0.696364240320 0.696364240320
0.3276 -0.173648177667 -0.492403876506 -0.852868531952
0.3288 -0.173648177667 -0.492403876506 0.852868531952
0.3316 -0.173648177667 -0.254887002244 -0.951251242564
0.3308 -0.173648177667 -0.254887002244 0.951251242564
0.3321 -0.173648177667 -0.000000000000 -0.984807753012
0.3321 -0.173648177667 0.000000002588 0.984807753012
0.3308 -0.173648177667 0.254887002244 -0.951251242564
0.3316 -0.173648177667 0.254887002244 0.951251242564
0.3289 -0.173648177667 0.492403876506 -0.852868531952
0.3276 -0.173648177667 0.492403876506 0.852868531952
0.3301 -0.173648177667 0.696364240320 -0.696364240320
0.3297 -0.173648177667 0.696364240320 0.696364240320
0.3289 -0.173648177667 0.852868531952 -0.492403876506
0.3276 -0.173648177667 0.852868531952 0.492403876506
0.3321 -0.173648177667 0.951251242564 -0.254887002244
0.3300 -0.173648177667 0.951251242564 0.254887002244
0.3278 -0.173648177667 0.984807753012 0.000000000000
0.3274 -0.087155742748 -0.996194698092 0.000000000000
0.3296 -0.087155742748 -0.962250186899 -0.257834160496
0.3318 -0.087155742748 -0.962250186899 0.257834160496
0.3272 -0.087155742748 -0.862729915663 -0.498097349046
0.3285 -0.087155742748 -0.862729915663 0.498097349046
0.3294 -0.087155742748 -0.704416026403 -0.704416026403
0.3297 -0.087155742748 -0.704416026403 0.704416026403
0.3272 -0.087155742748 -0.498097349046 -0.862729915663
0.3285 -0.087155742748 -0.498097349046 0.862729915663
0.3313 -0.087155742748 -0.257834160496 -0.962250186899
0.3305 -0.087155742748 -0.257834160496 0.962250186899
0.3318 -0.087155742748 -0.000000001299 -0.996194698092
0.3318 -0.087155742748 0.000000000000 0.996194698092
0.3305 -0.087155742748 0.257834160496 -0.962250186899
0.3313 -0.087155742748 0.257834160496 0.962250186899
0.3285 -0.087155742748 0.498097349046 -0.862729915663
0.3272 -0.087155742748 0.498097349046 0.862729915663
0.3297 -0.087155742748 0.704416026403 -0.704416026403
0.3294 -0.087155742748 0.704416026403 0.704416026403
0.3285 -0.087155742748 0.862729915663 -0.498097349046
0.3272 -0.087155742748 0.862729915663 0.498097349046
0.3318 -0.087155742748 0.962250186899 -0.257834160496
0.3296 -0.087155742748 0.962250186899 0.257834160496
0.3274 -0.087155742748 0.996194698092 0.000000000000
0.3272 0.000000000000 -1.000000000000 0.000000000000
0.3295 0.000000000000 -0.965925826289 -0.258819045103
0.3317 0.000000000000 -0.965925826289 0.258819045103
0.3270 0.000000000000 -0.866025403784 -0.500000000000
0.3284 0.000000000000 -0.866025403784 0.500000000000
0.3293 0.000000000000 -0.707106781187 -0.707106781187
0.3296 0.000000000000 -0.707106781187 0.707106781187
0.3271 0.000000000000 -0.500000000000 -0.866025403784
0.3284 0.000000000000 -0.500000000000 0.866025403784
0.3312 0.000000000000 -0.258819045103 -0.965925826289
0.3304 0.000000000000 -0.258819045103 0.965925826289
0.3317 0.000000000000 0.000000000000 -1.000000000000
0.3317 0.000000000000 0.000000000000 1.000000000000
0.3304 0.000000000000 0.258819045103 -0.965925826289
0.3312 0.000000000000 0.258819045103 0.965925826289
0.3284 0.000000000000 0.500000000000 -0.866025403784
0.3271 0.000000000000 0.500000000000 0.866025403784
0.3296 0.000000000000 0.707106781187 -0.707106781187
0.3293 0.000000000000 0.707106781187 0.707106781187
0.3284 0.000000000000 0.866025403784 -0.500000000000
0.3270 0.000000000000 0.866025403784 0.500000000000
0.3317 0.000000000000 0.965925826289 -0.258819045103
0.3295 0.000000000000 0.965925826289 0.258819045103
0.3272 0.000000000000 1.000000000000 0.000000000000
0.3274 0.087155742748 -0.996194698092 0.000000000000
0.3296 0.087155742748 -0.962250186899 -0.257834160496
0.3318 0.087155742748 -0.962250186899 0.257834160496
0.3272 0.087155742748 -0.862729915663 -0.498097349046
0.3285 0.087155742748 -0.862729915663 0.498097349046
0.3294 0.087155742748 -0.704416026403 -0.704416026403
0.3297 0.087155742748 -0.704416026403 0.704416026403
0.3272 0.087155742748 -0.498097349046 -0.862729915663
0.3285 0.087155742748 -0.498097349046 0.862729915663
0.3313 0.087155742748 -0.257834160496 -0.962250186899
0.3305 0.087155742748 -0.257834160496 0.962250186899
0.3318 0.087155742748 0.000000000000 -0.996194698092
0.3318 0.087155742748 0.000000001299 0.996194698092
0.3305 0.087155742748 0.257834160496 -0.962250186899
0.3313 0.087155742748 0.257834160496 0.962250186899
0.3285 0.087155742748 0.498097349046 -0.862729915663
0.3272 0.087155742748 0.498097349046 0.862729915663
0.3297 0.087155742748 0.704416026403 -0.704416026403
0.3294 0.087155742748 0.704416026403 0.704416026403
0.3285 0.087155742748 0.862729915663 -0.498097349046
0.3272 0.087155742748 0.862729915663 0.498097349046
0.3318 0.087155742748 0.962250186899 -0.257834160496
0.3296 0.087155742748 0.962250186899 0.257834160496
0.3274 0.087155742748 0.996194698092 0.000000000000
0.3278 0.173648177667 -0.984807753012 0.000000000000
0.3300 0.173648177667 -0.951251242564 -0.254887002244
0.3321 0.173648177667 -0.951251242564 0.254887002244
0.3276 0.173648177667 -0.852868531952 -0.492403876506
0.3289 0.173648177667 -0.852868531952 0.492403876506
0.3297 0.173648177667 -0.696364240320 -0.696364240320
0.3301 0.173648177667 -0.696364240320 0.696364240320
0.3276 0.173648177667 -0.492403876506 -0.852868531952
0.3289 0.173648177667 -0.492403876506 0.852868531952
0.3316 0.173648177667 -0.254887002244 -0.951251242564
0.3308 0.173648177667 -0.254887002244 0.951251242564
0.3321 0.173648177667 -0.000000002588 -0.984807753012
0.3321 0.173648177667 0.000000000000 0.984807753012
0.3308 0.173648177667 0.254887002244 -0.951251242564
0.3316 0.173648177667 0.254887002244 0.951251242564
0.3288 0.173648177667 0.492403876506 -0.852868531952
0.3276 0.173648177667 0.492403876506 0.852868531952
0.3301 0.173648177667 0.696364240320 -0.696364240320
0.3297 0.173648177667 0.696364240320 0.696364240320
0.3289 0.173648177667 0.852868531952 -0.492403876506
0.3276 0.173648177667 0.852868531952 0.492403876506
0.3321 0.173648177667 0.951251242564 -0.254887002244
0.3300 0.173648177667 0.951251242564 0.254887002244
0.3278 0.173648177667 0.984807753012 0.000000000000
0.3284 0.258819045103 -0.965925826289 0.000000000000
0.3306 0.258819045103 -0.933012701892 -0.250000000000
0.3326 0.258819045103 -0.933012701892 0.250000000000
0.3282 0.258819045103 -0.836516303738 -0.482962913145
0.3295 0.258819045103 -0.836516303738 0.482962913145
0.3303 0.258819045103 -0.683012701892 -0.683012701892
0.3307 0.258819045103 -0.683012701892 0.683012701892
0.3283 0.258819045103 -0.482962913145 -0.836516303738
0.3295 0.258819045103 -0.482962913145 0.836516303738
0.3321 0.258819045103 -0.250000000000 -0.933012701892
0.3314 0.258819045103 -0.250000000000 0.933012701892
0.3326 0.258819045103 -0.000000003857 -0.965925826289
0.3326 0.258819045103 0.000000000000 0.965925826289
0.3314 0.258819045103 0.250000000000 -0.933012701892
0.3321 0.258819045103 0.250000000000 0.933012701892
0.3295 0.258819045103 0.482962913145 -0.836516303738
0.3283 0.258819045103 0.482962913145 0.836516303738
0.3306 0.258819045103 0.683012701892 -0.683012701892
0.3303 0.258819045103 0.683012701892 0.683012701892
0.3295 0.258819045103 0.836516303738 -0.482962913145
0.3282 0.258819045103 0.836516303738 0.482962913145
0.3326 0.258819045103 0.933012701892 -0.250000000000
0.3306 0.258819045103 0.933012701892 0.250000000000
0.3284 0.258819045103 0.965925826289 0.000000000000
0.3293 0.342020143326 -0.939692620786 0.000000000000
0.3313 0.342020143326 -0.907673371190 -0.243210346802
0.3333 0.342020143326 -0.907673371190 0.243210346802
0.3291 0.342020143326 -0.813797681349 -0.469846310393
0.3303 0.342020143326 -0.813797681349 0.469846310393
0.3311 0.342020143326 -0.664463024389 -0.664463024389
0.3314 0.342020143326 -0.664463024389 0.664463024389
0.3291 0.342020143326 -0.469846310393 -0.813797681349
0.3303 0.342020143326 -0.469846310393 0.813797681349
0.3328 0.342020143326 -0.243210346802 -0.907673371190
0.3321 0.342020143326 -0.243210346802 0.907673371190
0.3333 0.342020143326 0.000000000000 -0.939692620786
0.3333 0.342020143326 0.000000000000 0.939692620786
0.3321 0.342020143326 0.243210346802 -0.907673371190
0.3328 0.342020143326 0.243210346802 0.907673371190
0.3303 0.342020143326 0.469846310393 -0.813797681349
0.3292 0.342020143326 0.469846310393 0.813797681349
0.3314 0.342020143326 0.664463024389 -0.664463024389
0.3311 0.342020143326 0.664463024389 0.664463024389
0.3304 0.342020143326 0.813797681349 -0.469846310393
0.3291 0.342020143326 0.813797681349 0.469846310393
0.3333 0.342020143326 0.907673371190 -0.243210346802
0.3313 0.342020143326 0.907673371190 0.243210346802
0.3293 0.342020143326 0.939692620786 0.000000000000
0.3304 0.422618261741 -0.906307787037 0.000000000000
0.3323 0.422618261741 -0.875426098066 -0.234569716010
0.3341 0.422618261741 -0.875426098066 0.234569716010
0.3302 0.422618261741 -0.784885567221 -0.453153893518
0.3314 0.422618261741 -0.784885567221 0.453153893518
0.3321 0.422618261741 -0.640856382056 -0.640856382056
0.3324 0.422618261741 -0.640856382056 0.640856382056
0.3302 0.422618261741 -0.453153893518 -0.784885567221
0.3313 0.422618261741 -0.453153893518 0.784885567221
0.3336 0.422618261741 -0.234569716010 -0.875426098066
0.3330 0.422618261741 -0.234569716010 0.875426098066
0.3341 0.422618261741 -0.000000006298 -0.906307787037
0.3341 0.422618261741 0.000000000000 0.906307787037
0.3330 0.422618261741 0.234569716010 -0.875426098066
0.3336 0.422618261741 0.234569716010 0.875426098066
0.3313 0.422618261741 0.453153893518 -0.784885567221
0.3303 0.422618261741 0.453153893518 0.784885567221
0.3324 0.422618261741 0.640856382056 -0.640856382056
0.3321 0.422618261741 0.640856382056 0.640856382056
0.3314 0.422618261741 0.784885567221 -0.453153893518
0.3303 0.422618261741 0.784885567221 0.453153893518
0.3341 0.422618261741 0.875426098066 -0.234569716010
0.3323 0.422618261741 0.875426098066 0.234569716010
0.3304 0.422618261741 0.906307787037 0.000000000000
0.3317 0.500000000000 -0.866025403784 0.000000000000
0.3334 0.500000000000 -0.836516303738 -0.224143868042
0.3350 0.500000000000 -0.836516303738 0.224143868042
0.3315 0.500000000000 -0.750000000000 -0.433012701892
0.3326 0.500000000000 -0.750000000000 0.433012701892
0.3332 0.500000000000 -0.612372435696 -0.612372435696
0.3335 0.500000000000 -0.612372435696 0.612372435696
0.3315 0.500000000000 -0.433012701892 -0.750000000000
0.3325 0.500000000000 -0.433012701892 0.750000000000
0.3346 0.500000000000 -0.224143868042 -0.836516303738
0.3341 0.500000000000 -0.224143868042 0.836516303738
0.3351 0.500000000000 -0.000000007451 -0.866025403784
0.3351 0.500000000000 0.000000000000 0.866025403784
0.3340 0.500000000000 0.224143868042 -0.836516303738
0.3346 0.500000000000 0.224143868042 0.836516303738
0.3325 0.500000000000 0.433012701892 -0.750000000000
0.3316 0.500000000000 0.433012701892 0.750000000000
0.3335 0.500000000000 0.612372435696 -0.612372435696
0.3332 0.500000000000 0.612372435696 0.612372435696
0.3326 0.500000000000 0.750000000000 -0.433012701892
0.3315 0.500000000000 0.750000000000 0.433012701892
0.3351 0.500000000000 0.836516303738 -0.224143868042
0.3334 0.500000000000 0.836516303738 0.224143868042
0.3317 0.500000000000 0.866025403784 0.000000000000
0.3331 0.573576436351 -0.819152044289 0.000000000000
0.3346 0.573576436351 -0.791240115236 -0.212012149897
0.3361 0.573576436351 -0.791240115236 0.212012149897
0.3329 0.573576436351 -0.709406479916 -0.409576022144
0.3339 0.573576436351 -0.709406479916 0.409576022144
0.3344 0.573576436351 -0.579227965340 -0.579227965340
0.3347 0.573576436351 -0.579227965340 0.579227965340
0.3329 0.573576436351 -0.409576022144 -0.709406479916
0.3339 0.573576436351 -0.409576022144 0.709406479916
0.3357 0.573576436351 -0.212012149897 -0.791240115236
0.3352 0.573576436351 -0.212012149897 0.791240115236
0.3361 0.573576436351 0.000000000000 -0.819152044289
0.3361 0.573576436351 0.000000000000 0.819152044289
0.3352 0.573576436351 0.212012149897 -0.791240115236
0.3357 0.573576436351 0.212012149897 0.791240115236
0.3338 0.573576436351 0.409576022144 -0.709406479916
0.3330 0.573576436351 0.409576022144 0.709406479916
0.3347 0.573576436351 0.579227965340 -0.579227965340
0.3345 0.573576436351 0.579227965340 0.579227965340
0.3339 0.573576436351 0.709406479916 -0.409576022144
0.3330 0.573576436351 0.709406479916 0.409576022144
0.3361 0.573576436351 0.791240115236 -0.212012149897
0.3346 0.573576436351 0.791240115236 0.212012149897
0.3331 0.573576436351 0.819152044289 0.000000000000
0.3346 0.642787609687 -0.766044443119 0.000000000000
0.3359 0.642787609687 -0.739942111694 -0.198266891274
0.3372 0.642787609687 -0.739942111694 0.198266891274
0.3345 0.642787609687 -0.663413948169 -0.383022221559
0.3353 0.642787609687 -0.663413948169 0.383022221559
0.3358 0.642787609687 -0.541675220420 -0.541675220420
0.3360 0.642787609687 -0.541675220420 0.541675220420
0.3345 0.642787609687 -0.383022221559 -0.663413948169
0.3353 0.642787609687 -0.383022221559 0.663413948169
0.3369 0.642787609687 -0.198266891274 -0.739942111694
0.3365 0.642787609687 -0.198266891274 0.739942111694
0.3372 0.642787609687 0.000000000000 -0.766044443119
0.3372 0.642787609687 0.000000009578 0.766044443119
0.3364 0.642787609687 0.198266891274 -0.739942111694
0.3369 0.642787609687 0.198266891274 0.739942111694
0.3352 0.642787609687 0.383022221559 -0.663413948169
0.3345 0.642787609687 0.383022221559 0.663413948169
0.3360 0.642787609687 0.541675220420 -0.541675220420
0.3358 0.642787609687 0.541675220420 0.541675220420
0.3353 0.642787609687 0.663413948169 -0.383022221559
0.3345 0.642787609687 0.663413948169 0.383022221559
0.3372 0.642787609687 0.739942111694 -0.198266891274
0.3359 0.642787609687 0.739942111694 0.198266891274
0.3346 0.642787609687 0.766044443119 0.000000000000
0.3361 0.707106781187 -0.707106781187 0.000000000000
0.3373 0.707106781187 -0.683012701892 -0.183012701892
0.3384 0.707106781187 -0.683012701892 0.183012701892
0.3360 0.707106781187 -0.612372435696 -0.353553390593
0.3367 0.707106781187 -0.612372435696 0.353553390593
0.3371 0.707106781187 -0.500000000000 -0.500000000000
0.3373 0.707106781187 -0.500000000000 0.500000000000
0.3360 0.707106781187 -0.353553390593 -0.612372435696
0.3367 0.707106781187 -0.353553390593 0.612372435696
0.3381 0.707106781187 -0.183012701892 -0.683012701892
0.3377 0.707106781187 -0.183012701892 0.683012701892
0.3384 0.707106781187 -0.000000010537 -0.707106781187
0.3384 0.707106781187 0.000000010537 0.707106781187
0.3377 0.707106781187 0.183012701892 -0.683012701892
0.3381 0.707106781187 0.183012701892 0.683012701892
0.3367 0.707106781187 0.353553390593 -0.612372435696
0.3361 0.707106781187 0.353553390593 0.612372435696
0.3373 0.707106781187 0.500000000000 -0.500000000000
0.3372 0.707106781187 0.500000000000 0.500000000000
0.3367 0.707106781187 0.612372435696 -0.353553390593
0.3360 0.707106781187 0.612372435696 0.353553390593
0.3384 0.707106781187 0.683012701892 -0.183012701892
0.3373 0.707106781187 0.683012701892 0.183012701892
0.3361 0.707106781187 0.707106781187 0.000000000000
0.3377 0.766044443119 -0.642787609687 0.000000000000
0.3386 0.766044443119 -0.620885153015 -0.166365675343
0.3395 0.766044443119 -0.620885153015 0.166365675343
0.3376 0.766044443119 -0.556670399226 -0.321393804843
0.3382 0.766044443119 -0.556670399226 0.321393804843
0.3385 0.766044443119 -0.454519477672 -0.454519477672
0.3387 0.766044443119 -0.454519477672 0.454519477672
0.3376 0.766044443119 -0.321393804843 -0.556670399226
0.3382 0.766044443119 -0.321393804843 0.556670399226
0.3393 0.766044443119 -0.166365675343 -0.620885153015
0.3390 0.766044443119 -0.166365675343 0.620885153015
0.3395 0.766044443119 -0.000000011415 -0.642787609687
0.3395 0.766044443119 0.000000000000 0.642787609687
0.3390 0.766044443119 0.166365675343 -0.620885153015
0.3393 0.766044443119 0.166365675343 0.620885153015
0.3381 0.766044443119 0.321393804843 -0.556670399226
0.3376 0.766044443119 0.321393804843 0.556670399226
0.3386 0.766044443119 0.454519477672 -0.454519477672
0.3385 0.766044443119 0.454519477672 0.454519477672
0.3382 0.766044443119 0.556670399226 -0.321393804843
0.3376 0.766044443119 0.556670399226 0.321393804843
0.3395 0.766044443119 0.620885153015 -0.166365675343
0.3386 0.766044443119 0.620885153015 0.166365675343
0.3377 0.766044443119 0.642787609687 0.000000000000
0.3392 0.819152044289 -0.573576436351 0.000000000000
0.3399 0.819152044289 -0.554032293222 -0.148452505550
0.3406 0.819152044289 -0.554032293222 0.148452505550
0.3391 0.819152044289 -0.496731764892 -0.286788218176
0.3395 0.819152044289 -0.496731764892 0.286788218176
0.3398 0.819152044289 -0.405579787673 -0.405579787673
0.3400 0.819152044289 -0.405579787673 0.405579787673
0.3391 0.819152044289 -0.286788218176 -0.496731764892
0.3396 0.819152044289 -0.286788218176 0.496731764892
0.3405 0.819152044289 -0.148452505550 -0.554032293222
0.3402 0.819152044289 -0.148452505550 0.554032293222
0.3406 0.819152044289 0.000000000000 -0.573576436351
0.3407 0.819152044289 0.000000000000 0.573576436351
0.3402 0.819152044289 0.148452505550 -0.554032293222
0.3404 0.819152044289 0.148452505550 0.554032293222
0.3395 0.819152044289 0.286788218176 -0.496731764892
0.3391 0.819152044289 0.286788218176 0.496731764892
0.3399 0.819152044289 0.405579787673 -0.405579787673
0.3399 0.819152044289 0.405579787673 0.405579787673
0.3396 0.819152044289 0.496731764892 -0.286788218176
0.3391 0.819152044289 0.496731764892 0.286788218176
0.3407 0.819152044289 0.554032293222 -0.148452505550
0.3399 0.819152044289 0.554032293222 0.148452505550
0.3392 0.819152044289 0.573576436351 0.000000000000
0.3406 0.866025403784 -0.500000000000 0.000000000000
0.3411 0.866025403784 -0.482962913145 -0.129409522551
0.3417 0.866025403784 -0.482962913145 0.129409522551
0.3405 0.866025403784 -0.433012701892 -0.250000000000
0.3409 0.866025403784 -0.433012701892 0.250000000000
0.3411 0.866025403784 -0.353553390593 -0.353553390593
0.3412 0.866025403784 -0.353553390593 0.353553390593
0.3405 0.866025403784 -0.250000000000 -0.433012701892
0.3409 0.866025403784 -0.250000000000 0.433012701892
0.3416 0.866025403784 -0.129409522551 -0.482962913145
0.3414 0.866025403784 -0.129409522551 0.482962913145
0.3417 0.866025403784 -0.000000012905 0.500000000000
0.3417 0.866025403784 0.000000000000 -0.500000000000
0.3414 0.866025403784 0.129409522551 -0.482962913145
0.3415 0.866025403784 0.129409522551 0.482962913145
0.3408 0.866025403784 0.250000000000 -0.433012701892
0.3406 0.866025403784 0.250000000000 0.433012701892
0.3412 0.866025403784 0.353553390593 -0.353553390593
0.3411 0.866025403784 0.353553390593 0.353553390593
0.3409 0.866025403784 0.433012701892 -0.250000000000
0.3405 0.866025403784 0.433012701892 0.250000000000
0.3417 0.866025403784 0.482962913145 -0.129409522551
0.3411 0.866025403784 0.482962913145 0.129409522551
0.3406 0.866025403784 0.500000000000 0.000000000000
0.3418 0.906307787037 -0.422618261741 0.000000000000
0.3423 0.906307787037 -0.408217893677 -0.109381654947
0.3426 0.906307787037 -0.408217893677 0.109381654947
0.3418 0.906307787037 -0.365998150771 -0.211309130870
0.3421 0.906307787037 -0.365998150771 0.211309130870
0.3422 0.906307787037 -0.298836238730 -0.298836238730
0.3423 0.906307787037 -0.298836238730 0.298836238730
0.3418 0.906307787037 -0.211309130870 -0.365998150771
0.3421 0.906307787037 -0.211309130870 0.365998150771
0.3426 0.906307787037 -0.109381654947 -0.408217893677
0.3424 0.906307787037 -0.109381654947 0.408217893677
0.3426 0.906307787037 0.000000000000 -0.422618261741
0.3427 0.906307787037 0.000000000000 0.422618261741
0.3424 0.906307787037 0.109381654947 -0.408217893677
0.3425 0.906307787037 0.109381654947 0.408217893677
0.3420 0.906307787037 0.211309130870 -0.365998150771
0.3418 0.906307787037 0.211309130870 0.365998150771
0.3423 0.906307787037 0.298836238730 -0.298836238730
0.3422 0.906307787037 0.298836238730 0.298836238730
0.3421 0.906307787037 0.365998150771 -0.211309130870
0.3418 0.906307787037 0.365998150771 0.211309130870
0.3427 0.906307787037 0.408217893677 -0.109381654947
0.3423 0.906307787037 0.408217893677 0.109381654947
0.3419 0.906307787037 0.422618261741 0.000000000000
0.3429 0.939692620786 -0.342020143326 0.000000000000
0.3432 0.939692620786 -0.330366089549 -0.088521326901
0.3435 0.939692620786 -0.330366089549 0.088521326901
0.3429 0.939692620786 -0.296198132726 -0.171010071663
0.3431 0.939692620786 -0.296198132726 0.171010071663
0.3432 0.939692620786 -0.241844762648 -0.241844762648
0.3432 0.939692620786 -0.241844762648 0.241844762648
0.3429 0.939692620786 -0.171010071663 -0.296198132726
0.3431 0.939692620786 -0.171010071663 0.296198132726
0.3434 0.939692620786 -0.088521326901 -0.330366089549
0.3433 0.939692620786 -0.088521326901 0.330366089549
0.3435 0.939692620786 0.000000000000 -0.342020143326
0.3435 0.939692620786 0.000000000000 0.342020143326
0.3433 0.939692620786 0.088521326901 -0.330366089549
0.3434 0.939692620786 0.088521326901 0.330366089549
0.3431 0.939692620786 0.171010071663 -0.296198132726
0.3429 0.939692620786 0.171010071663 0.296198132726
0.3432 0.939692620786 0.241844762648 -0.241844762648
0.3432 0.939692620786 0.241844762648 0.241844762648
0.3431 0.939692620786 0.296198132726 -0.171010071663
0.3429 0.939692620786 0.296198132726 0.171010071663
0.3435 0.939692620786 0.330366089549 -0.088521326901
0.3432 0.939692620786 0.330366089549 0.088521326901
0.3429 0.939692620786 0.342020143326 0.000000000000
0.3438 0.965925826289 -0.258819045103 0.000000000000
0.3440 0.965925826289 -0.250000000000 -0.066987298108
0.3441 0.965925826289 -0.250000000000 0.066987298108
0.3438 0.965925826289 -0.224143868042 -0.129409522551
0.3439 0.965925826289 -0.224143868042 0.129409522551
0.3440 0.965925826289 -0.183012701892 -0.183012701892
0.3440 0.965925826289 -0.183012701892 0.183012701892
0.3438 0.965925826289 -0.129409522551 -0.224143868042
0.3439 0.965925826289 -0.129409522551 0.224143868042
0.3441 0.965925826289 -0.066987298108 -0.250000000000
0.3440 0.965925826289 -0.066987298108 0.250000000000
0.3441 0.965925826289 0.000000000000 -0.258819045103
0.3441 0.965925826289 0.000000000000 0.258819045103
0.3440 0.965925826289 0.066987298108 -0.250000000000
0.3441 0.965925826289 0.066987298108 0.250000000000
0.3439 0.965925826289 0.129409522551 -0.224143868042
0.3438 0.965925826289 0.129409522551 0.224143868042
0.3440 0.965925826289 0.183012701892 -0.183012701892
0.3440 0.965925826289 0.183012701892 0.183012701892
0.3439 0.965925826289 0.224143868042 -0.129409522551
0.3438 0.965925826289 0.224143868042 0.129409522551
0.3441 0.965925826289 0.250000000000 -0.066987298108
0.3440 0.965925826289 0.250000000000 0.066987298108
0.3438 0.965925826289 0.258819045103 0.000000000000
0.3445 0.984807753012 -0.173648177667 0.000000000000
0.3446 0.984807753012 -0.167731259497 -0.044943455528
0.3446 0.984807753012 -0.167731259497 0.044943455528
0.3445 0.984807753012 -0.150383733180 -0.086824088833
0.3445 0.984807753012 -0.150383733180 0.086824088833
0.3445 0.984807753012 -0.122787803969 -0.122787803969
0.3446 0.984807753012 -0.122787803969 0.122787803969
0.3445 0.984807753012 -0.086824088833 -0.150383733180
0.3445 0.984807753012 -0.086824088833 0.150383733180
0.3446 0.984807753012 -0.044943455528 -0.167731259497
0.3446 0.984807753012 -0.044943455528 0.167731259497
0.3446 0.984807753012 0.000000000000 -0.173648177667
0.3446 0.984807753012 0.000000000000 0.173648177667
0.3446 0.984807753012 0.044943455528 -0.167731259497
0.3446 0.984807753012 0.044943455528 0.167731259497
0.3445 0.984807753012 0.086824088833 -0.150383733180
0.3445 0.984807753012 0.086824088833 0.150383733180
0.3446 0.984807753012 0.122787803969 -0.122787803969
0.3446 0.984807753012 0.122787803969 0.122787803969
0.3445 0.984807753012 0.150383733180 -0.086824088833
0.3445 0.984807753012 0.150383733180 0.086824088833
0.3446 0.984807753012 0.167731259497 -0.044943455528
0.3446 0.984807753012 0.167731259497 0.044943455528
0.3445 0.984807753012 0.173648177667 0.000000000000
0.3449 0.996194698092 -0.087155742748 0.000000000000
0.3449 0.996194698092 -0.084185982829 -0.022557566113
0.3449 0.996194698092 -0.084185982829 0.022557566113
0.3449 0.996194698092 -0.075479087305 -0.043577871374
0.3449 0.996194698092 -0.075479087305 0.043577871374
0.3449 0.996194698092 -0.061628416716 -0.061628416716
0.3449 0.996194698092 -0.061628416716 0.061628416716
0.3449 0.996194698092 -0.043577871374 -0.075479087305
0.3449 0.996194698092 -0.043577871374 0.075479087305
0.3449 0.996194698092 -0.022557566113 -0.084185982829
0.3449 0.996194698092 -0.022557566113 0.084185982829
0.3449 0.996194698092 -0.000000014844 0.087155742748
0.3449 0.996194698092 0.000000000000 -0.087155742748
0.3449 0.996194698092 0.022557566113 -0.084185982829
0.3449 0.996194698092 0.022557566113 0.084185982829
0.3449 0.996194698092 0.043577871374 -0.075479087305
0.3449 0.996194698092 0.043577871374 0.075479087305
0.3449 0.996194698092 0.061628416716 -0.061628416716
0.3449 0.996194698092 0.061628416716 0.061628416716
0.3449 0.996194698092 0.075479087305 -0.043577871374
0.3449 0.996194698092 0.075479087305 0.043577871374
0.3449 0.996194698092 0.084185982829 -0.022557566113
0.3449 0.996194698092 0.084185982829 0.022557566113
0.3449 0.996194698092 0.087155742748 0.000000000000
0.3450 1.000000000000 0.000000000000 0.000000000000
