0.4070 -1.000000000000 0.000000000000 0.000000000000
0.4069 -0.996194698092 -0.087155742748 0.000000000000
0.4069 -0.996194698092 -0.084185982829 -0.022557566113
0.4069 -0.996194698092 -0.084185982829 0.022557566113
0.4069 -0.996194698092 -0.075479087305 -0.043577871374
0.4069 -0.996194698092 -0.075479087305 0.043577871374
0.4069 -0.996194698092 -0.061628416716 -0.061628416716
0.4069 -0.996194698092 -0.061628416716 0.061628416716
0.4069 -0.996194698092 -0.043577871374 -0.075479087305
0.4069 -0.996194698092 -0.043577871374 0.075479087305
0.4069 -0.996194698092 -0.022557566113 -0.084185982829
0.4069 -0.996194698092 -0.022557566113 0.084185982829
0.4069 -0.996194698092 0.000000000000 -0.087155742748
0.4069 -0.996194698092 0.000000000000 0.087155742748
0.4069 -0.996194698092 0.022557566113 -0.084185982829
0.4069 -0.996194698092 0.022557566113 0.084185982829
0.4069 -0.996194698092 0.043577871374 -0.075479087305
0.4069 -0.996194698092 0.043577871374 0.075479087305
0.4069 -0.996194698092 0.061628416716 -0.061628416716
0.4069 -0.996194698092 0.061628416716 0.061628416716
0.4069 -0.996194698092 0.075479087305 -0.043577871374
0.4069 -0.996194698092 0.075479087305 0.043577871374
0.4069 -0.996194698092 0.084185982829 -0.022557566113
0.4069 -0.996194698092 0.084185982829 0.022557566113
0.4069 -0.996194698092 0.087155742748 0.000000000000
0.4069 -0.984807753012 -0.173648177667 0.000000000000
0.4069 -0.984807753012 -0.167731259497 -0.044943455528
0.4069 -0.984807753012 -0.167731259497 0.044943455528
0.4069 -0.984807753012 -0.150383733180 -0.086824088833
0.4068 -0.984807753012 -0.150383733180 0.086824088833
0.4068 -0.984807753012 -0.122787803969 -0.122787803969
0.4068 -0.984807753012 -0.122787803969 0.122787803969
0.4067 -0.984807753012 -0.086824088833 -0.150383733180
0.4067 -0.984807753012 -0.086824088833 0.150383733180
0.4068 -0.984807753012 -0.044943455528 -0.167731259497
0.4067 -0.984807753012 -0.044943455528 0.167731259497
0.4067 -0.984807753012 0.000000000000 -0.173648177667
0.4067 -0.984807753012 0.000000000000 0.173648177667
0.4067 -0.984807753012 0.044943455528 -0.167731259497
0.4068 -0.984807753012 0.044943455528 0.167731259497
0.4067 -0.984807753012 0.086824088833 -0.150383733180
0.4067 -0.984807753012 0.086824088833 0.150383733180
0.4068 -0.984807753012 0.122787803969 -0.122787803969
0.4068 -0.984807753012 0.122787803969 0.122787803969
0.4068 -0.984807753012 0.150383733180 -0.086824088833
0.4069 -0.984807753012 0.150383733180 0.086824088833
0.4069 -0.984807753012 0.167731259497 -0.044943455528
0.4069 -0.984807753012 0.167731259497 0.044943455528
0.4069 -0.984807753012 0.173648177667 0.000000000000
0.4069 -0.965925826289 -0.258819045103 0.000000000000
0.4067 -0.965925826289 -0.250000000000 -0.066987298108
0.4069 -0.965925826289 -0.250000000000 0.066987298108
0.4068 -0.965925826289 -0.224143868042 -0.129409522551
0.4066 -0.965925826289 -0.224143868042 0.129409522551
0.4067 -0.965925826289 -0.183012701892 -0.183012701892
0.4067 -0.965925826289 -0.183012701892 0.183012701892
0.4065 -0.965925826289 -0.129409522551 -0.224143868042
0.4064 -0.965925826289 -0.129409522551 0.224143868042
0.4065 -0.965925826289 -0.066987298108 -0.250000000000
0.4065 -0.965925826289 -0.066987298108 0.250000000000
0.4065 -0.965925826289 0.000000000000 0.258819045103
0.4064 -0.965925826289 0.000000014393 -0.258819045103
0.4065 -0.965925826289 0.066987298108 -0.250000000000
0.4065 -0.965925826289 0.066987298108 0.250000000000
0.4064 -0.965925826289 0.129409522551 -0.224143868042
0.4065 -0.965925826289 0.129409522551 0.224143868042
0.4067 -0.965925826289 0.183012701892 -0.183012701892
0.4067 -0.965925826289 0.183012701892 0.183012701892
0.4066 -0.965925826289 0.224143868042 -0.129409522551
0.4068 -0.965925826289 0.224143868042 0.129409522551
0.4069 -0.965925826289 0.250000000000 -0.066987298108
0.4067 -0.965925826289 0.250000000000 0.066987298108
0.4069 -0.965925826289 0.258819045103 0.000000000000
0.4069 -0.939692620786 -0.342020143326 0.000000000000
0.4066 -0.939692620786 -0.330366089549 -0.088521326901
0.4069 -0.939692620786 -0.330366089549 0.088521326901
0.4068 -0.939692620786 -0.296198132726 -0.171010071663
0.4063 -0.939692620786 -0.296198132726 0.171010071663
0.4065 -0.939692620786 -0.241844762648 -0.241844762648
0.4065 -0.939692620786 -0.241844762648 0.241844762648
0.4062 -0.939692620786 -0.171010071663 -0.296198132726
0.4060 -0.939692620786 -0.171010071663 0.296198132726
0.4062 -0.939692620786 -0.088521326901 -0.330366089549
0.4062 -0.939692620786 -0.088521326901 0.330366089549
0.4061 -0.939692620786 0.000000000000 -0.342020143326
0.4061 -0.939692620786 0.000000000000 0.342020143326
0.4062 -0.939692620786 0.088521326901 -0.330366089549
0.4062 -0.939692620786 0.088521326901 0.330366089549
0.4060 -0.939692620786 0.171010071663 -0.296198132726
0.4061 -0.939692620786 0.171010071663 0.296198132726
0.4065 -0.939692620786 0.241844762648 -0.241844762648
0.4065 -0.939692620786 0.241844762648 0.241844762648
0.4063 -0.939692620786 0.296198132726 -0.171010071663
0.4068 -0.939692620786 0.296198132726 0.171010071663
0.4069 -0.939692620786 0.330366089549 -0.088521326901
0.4066 -0.939692620786 0.330366089549 0.088521326901
0.4069 -0.939692620786 0.342020143326 0.000000000000
0.4069 -0.906307787037 -0.422618261741 0.000000000000
0.4064 -0.906307787037 -0.408217893677 -0.109381654947
0.4068 -0.906307787037 -0.408217893677 0.109381654947
0.4067 -0.906307787037 -0.365998150771 -0.211309130870
0.4060 -0.906307787037 -0.365998150771 0.211309130870
0.4063 -0.906307787037 -0.298836238730 -0.298836238730
0.4063 -0.906307787037 -0.298836238730 0.298836238730
0.4057 -0.906307787037 -0.211309130870 -0.365998150771
0.4055 -0.906307787037 -0.211309130870 0.365998150771
0.4058 -0.906307787037 -0.109381654947 -0.408217893677
0.4058 -0.906307787037 -0.109381654947 0.408217893677
0.4056 -0.906307787037 0.000000000000 -0.422618261741
0.4056 -0.906307787037 0.000000000000 0.422618261741
0.4058 -0.906307787037 0.109381654947 -0.408217893677
0.4058 -0.906307787037 0.109381654947 0.408217893677
0.4055 -0.906307787037 0.211309130870 -0.365998150771
0.4057 -0.906307787037 0.211309130870 0.365998150771
0.4063 -0.906307787037 0.298836238730 -0.298836238730
0.4063 -0.906307787037 0.298836238730 0.298836238730
0.4060 -0.906307787037 0.365998150771 -0.211309130870
0.4066 -0.906307787037 0.365998150771 0.211309130870
0.4068 -0.906307787037 0.408217893677 -0.109381654947
0.4064 -0.906307787037 0.408217893677 0.109381654947
0.4069 -0.906307787037 0.422618261741 0.000000000000
0.4068 -0.866025403784 -0.500000000000 0.000000000000
0.4061 -0.866025403784 -0.482962913145 -0.129409522551
0.4067 -0.866025403784 -0.482962913145 0.129409522551
0.4065 -0.866025403784 -0.433012701892 -0.250000000000
0.4056 -0.866025403784 -0.433012701892 0.250000000000
0.4061 -0.866025403784 -0.353553390593 -0.353553390593
0.4061 -0.866025403784 -0.353553390593 0.353553390593
0.4053 -0.866025403784 -0.250000000000 -0.433012701892
0.4050 -0.866025403784 -0.250000000000 0.433012701892
0.4053 -0.866025403784 -0.129409522551 -0.482962913145
0.4053 -0.866025403784 -0.129409522551 0.482962913145
0.4051 -0.866025403784 0.000000000000 -0.500000000000
0.4051 -0.866025403784 0.000000000000 0.500000000000
0.4053 -0.866025403784 0.129409522551 -0.482962913145
0.4053 -0.866025403784 0.129409522551 0.482962913145
0.4050 -0.866025403784 0.250000000000 -0.433012701892
0.4052 -0.866025403784 0.250000000000 0.433012701892
0.4061 -0.866025403784 0.353553390593 -0.353553390593
0.4061 -0.866025403784 0.353553390593 0.353553390593
0.4056 -0.866025403784 0.433012701892 -0.250000000000
0.4065 -0.866025403784 0.433012701892 0.250000000000
0.4067 -0.866025403784 0.482962913145 -0.129409522551
0.4061 -0.866025403784 0.482962913145 0.129409522551
0.4068 -0.866025403784 0.500000000000 0.000000000000
0.4068 -0.819152044289 -0.573576436351 0.000000000000
0.4059 -0.819152044289 -0.554032293222 -0.148452505550
0.4067 -0.819152044289 -0.554032293222 0.148452505550
0.4064 -0.819152044289 -0.496731764892 -0.286788218176
0.4052 -0.819152044289 -0.496731764892 0.286788218176
0.4058 -0.819152044289 -0.405579787673 -0.405579787673
0.4058 -0.819152044289 -0.405579787673 0.405579787673
0.4047 -0.819152044289 -0.286788218176 -0.496731764892
0.4043 -0.819152044289 -0.286788218176 0.496731764892
0.4048 -0.819152044289 -0.148452505550 -0.554032293222
0.4047 -0.819152044289 -0.148452505550 0.554032293222
0.4045 -0.819152044289 0.000000000000 -0.573576436351
0.4045 -0.819152044289 0.000000000000 0.573576436351
0.4047 -0.819152044289 0.148452505550 -0.554032293222
0.4048 -0.819152044289 0.148452505550 0.554032293222
0.4044 -0.819152044289 0.286788218176 -0.496731764892
0.4047 -0.819152044289 0.286788218176 0.496731764892
0.4058 -0.819152044289 0.405579787673 -0.405579787673
0.4058 -0.819152044289 0.405579787673 0.405579787673
0.4052 -0.819152044289 0.496731764892 -0.286788218176
0.4064 -0.819152044289 0.496731764892 0.286788218176
0.4067 -0.819152044289 0.554032293222 -0.148452505550
0.4059 -0.819152044289 0.554032293222 0.148452505550
0.4068 -0.819152044289 0.573576436351 0.000000000000
0.4068 -0.766044443119 -0.642787609687 0.000000000000
0.4056 -0.766044443119 -0.620885153015 -0.166365675343
0.4066 -0.766044443119 -0.620885153015 0.166365675343
0.4063 -0.766044443119 -0.556670399226 -0.321393804843
0.4047 -0.766044443119 -0.556670399226 0.321393804843
0.4055 -0.766044443119 -0.454519477672 -0.454519477672
0.4055 -0.766044443119 -0.454519477672 0.454519477672
0.4041 -0.766044443119 -0.321393804843 -0.556670399226
0.4037 -0.766044443119 -0.321393804843 0.556670399226
0.4042 -0.766044443119 -0.166365675343 -0.620885153015
0.4042 -0.766044443119 -0.166365675343 0.620885153015
0.4039 -0.766044443119 0.000000000000 -0.642787609687
0.4039 -0.766044443119 0.000000000000 0.642787609687
0.4042 -0.766044443119 0.166365675343 -0.620885153015
0.4042 -0.766044443119 0.166365675343 0.620885153015
0.4037 -0.766044443119 0.321393804843 -0.556670399226
0.4041 -0.766044443119 0.321393804843 0.556670399226
0.4055 -0.766044443119 0.454519477672 -0.454519477672
0.4055 -0.766044443119 0.454519477672 0.454519477672
0.4047 -0.766044443119 0.556670399226 -0.321393804843
0.4063 -0.766044443119 0.556670399226 0.321393804843
0.4066 -0.766044443119 0.620885153015 -0.166365675343
0.4056 -0.766044443119 0.620885153015 0.166365675343
0.4068 -0.766044443119 0.642787609687 0.000000000000
0.4067 -0.707106781187 -0.707106781187 0.000000000000
0.4053 -0.707106781187 -0.683012701892 -0.183012701892
0.4065 -0.707106781187 -0.683012701892 0.183012701892
0.4061 -0.707106781187 -0.612372435696 -0.353553390593
0.4042 -0.707106781187 -0.612372435696 0.353553390593
0.4052 -0.707106781187 -0.500000000000 -0.500000000000
0.4052 -0.707106781187 -0.500000000000 0.500000000000
0.4036 -0.707106781187 -0.353553390593 -0.612372435696
0.4030 -0.707106781187 -0.353553390593 0.612372435696
0.4037 -0.707106781187 -0.183012701892 -0.683012701892
0.4036 -0.707106781187 -0.183012701892 0.683012701892
0.4032 -0.707106781187 0.000000010537 -0.707106781187
0.4033 -0.707106781187 0.000000010537 0.707106781187
0.4036 -0.707106781187 0.183012701892 -0.683012701892
0.4036 -0.707106781187 0.183012701892 0.683012701892
0.4030 -0.707106781187 0.353553390593 -0.612372435696
0.4035 -0.707106781187 0.353553390593 0.612372435696
0.4052 -0.707106781187 0.500000000000 -0.500000000000
0.4052 -0.707106781187 0.500000000000 0.500000000000
0.4042 -0.707106781187 0.612372435696 -0.353553390593
0.4061 -0.707106781187 0.612372435696 0.353553390593
0.4065 -0.707106781187 0.683012701892 -0.183012701892
0.4053 -0.707106781187 0.683012701892 0.183012701892
0.4067 -0.707106781187 0.707106781187 0.000000000000
0.4067 -0.642787609687 -0.766044443119 0.000000000000
0.4050 -0.642787609687 -0.739942111694 -0.198266891274
0.4065 -0.642787609687 -0.739942111694 0.198266891274
0.4060 -0.642787609687 -0.663413948169 -0.383022221559
0.4037 -0.642787609687 -0.663413948169 0.383022221559
0.4049 -0.642787609687 -0.541675220420 -0.541675220420
0.4049 -0.642787609687 -0.541675220420 0.541675220420
0.4030 -0.642787609687 -0.383022221559 -0.663413948169
0.4023 -0.642787609687 -0.383022221559 0.663413948169
0.4031 -0.642787609687 -0.198266891274 -0.739942111694
0.4030 -0.642787609687 -0.198266891274 0.739942111694
0.4026 -0.642787609687 0.000000000000 -0.766044443119
0.4026 -0.642787609687 0.000000009578 0.766044443119
0.4030 -0.642787609687 0.198266891274 -0.739942111694
0.4031 -0.642787609687 0.198266891274 0.739942111694
0.4023 -0.642787609687 0.383022221559 -0.663413948169
0.4030 -0.642787609687 0.383022221559 0.663413948169
0.4049 -0.642787609687 0.541675220420 -0.541675220420
0.4049 -0.642787609687 0.541675220420 0.541675220420
0.4038 -0.642787609687 0.663413948169 -0.383022221559
0.4060 -0.642787609687 0.663413948169 0.383022221559
0.4065 -0.642787609687 0.739942111694 -0.198266891274
0.4050 -0.642787609687 0.739942111694 0.198266891274
0.4067 -0.642787609687 0.766044443119 0.000000000000
0.4067 -0.573576436351 -0.819152044289 0.000000000000
0.4047 -0.573576436351 -0.791240115236 -0.212012149897
0.4064 -0.573576436351 -0.791240115236 0.212012149897
0.4058 -0.573576436351 -0.709406479916 -0.409576022144
0.4033 -0.573576436351 -0.709406479916 0.409576022144
0.4046 -0.573576436351 -0.579227965340 -0.579227965340
0.4046 -0.573576436351 -0.579227965340 0.579227965340
0.4024 -0.573576436351 -0.409576022144 -0.709406479916
0.4016 -0.573576436351 -0.409576022144 0.709406479916
0.4025 -0.573576436351 -0.212012149897 -0.791240115236
0.4024 -0.573576436351 -0.212012149897 0.791240115236
0.4020 -0.573576436351 -0.000000000000 -0.819152044289
0.4020 -0.573576436351 0.000000000000 0.819152044289
0.4024 -0.573576436351 0.212012149897 -0.791240115236
0.4025 -0.573576436351 0.212012149897 0.791240115236
0.4016 -0.573576436351 0.409576022144 -0.709406479916
0.4024 -0.573576436351 0.409576022144 0.709406479916
0.4046 -0.573576436351 0.579227965340 -0.579227965340
0.4046 -0.573576436351 0.579227965340 0.579227965340
0.4033 -0.573576436351 0.709406479916 -0.409576022144
0.4058 -0.573576436351 0.709406479916 0.409576022144
0.4064 -0.573576436351 0.791240115236 -0.212012149897
0.4047 -0.573576436351 0.791240115236 0.212012149897
0.4067 -0.573576436351 0.819152044289 0.000000000000
0.4066 -0.500000000000 -0.866025403784 0.000000000000
0.4044 -0.500000000000 -0.836516303738 -0.224143868042
0.4063 -0.500000000000 -0.836516303738 0.224143868042
0.4057 -0.500000000000 -0.750000000000 -0.433012701892
0.4029 -0.500000000000 -0.750000000000 0.433012701892
0.4043 -0.500000000000 -0.612372435696 -0.612372435696
0.4043 -0.500000000000 -0.612372435696 0.612372435696
0.4019 -0.500000000000 -0.433012701892 -0.750000000000
0.4010 -0.500000000000 -0.433012701892 0.750000000000
0.4020 -0.500000000000 -0.224143868042 -0.836516303738
0.4019 -0.500000000000 -0.224143868042 0.836516303738
0.4014 -0.500000000000 -0.000000000000 -0.866025403784
0.4014 -0.500000000000 0.000000000000 0.866025403784
0.4019 -0.500000000000 0.224143868042 -0.836516303738
0.4020 -0.500000000000 0.224143868042 0.836516303738
0.4010 -0.500000000000 0.433012701892 -0.750000000000
0.4018 -0.500000000000 0.433012701892 0.750000000000
0.4043 -0.500000000000 0.612372435696 -0.612372435696
0.4043 -0.500000000000 0.612372435696 0.612372435696
0.4029 -0.500000000000 0.750000000000 -0.433012701892
0.4057 -0.500000000000 0.750000000000 0.433012701892
0.4063 -0.500000000000 0.836516303738 -0.224143868042
0.4044 -0.500000000000 0.836516303738 0.224143868042
0.4066 -0.500000000000 0.866025403784 0.000000000000
0.4066 -0.422618261741 -0.906307787037 0.000000000000
0.4042 -0.422618261741 -0.875426098066 -0.234569716010
0.4063 -0.422618261741 -0.875426098066 0.234569716010
0.4056 -0.422618261741 -0.784885567221 -0.453153893518
0.4025 -0.422618261741 -0.784885567221 0.453153893518
0.4041 -0.422618261741 -0.640856382056 -0.640856382056
0.4041 -0.422618261741 -0.640856382056 0.640856382056
0.4014 -0.422618261741 -0.453153893518 -0.784885567221
0.4004 -0.422618261741 -0.453153893518 0.784885567221
0.4015 -0.422618261741 -0.234569716010 -0.875426098066
0.4014 -0.422618261741 -0.234569716010 0.875426098066
0.4009 -0.422618261741 -0.000000000000 -0.906307787037
0.4009 -0.422618261741 0.000000000000 0.906307787037
0.4014 -0.422618261741 0.234569716010 -0.875426098066
0.4015 -0.422618261741 0.234569716010 0.875426098066
0.4004 -0.422618261741 0.453153893518 -0.784885567221
0.4014 -0.422618261741 0.453153893518 0.784885567221
0.4041 -0.422618261741 0.640856382056 -0.640856382056
0.4041 -0.422618261741 0.640856382056 0.640856382056
0.4025 -0.422618261741 0.784885567221 -0.453153893518
0.4056 -0.422618261741 0.784885567221 0.453153893518
0.4063 -0.422618261741 0.875426098066 -0.234569716010
0.4042 -0.422618261741 0.875426098066 0.234569716010
0.4066 -0.422618261741 0.906307787037 0.000000000000
0.4066 -0.342020143326 -0.939692620786 0.000000000000
0.4040 -0.342020143326 -0.907673371190 -0.243210346802
0.4062 -0.342020143326 -0.907673371190 0.243210346802
0.4055 -0.342020143326 -0.813797681349 -0.469846310393
0.4021 -0.342020143326 -0.813797681349 0.469846310393
0.4039 -0.342020143326 -0.664463024389 -0.664463024389
0.4039 -0.342020143326 -0.664463024389 0.664463024389
0.4010 -0.342020143326 -0.469846310393 -0.813797681349
0.3999 -0.342020143326 -0.469846310393 0.813797681349
0.4011 -0.342020143326 -0.243210346802 -0.907673371190
0.4010 -0.342020143326 -0.243210346802 0.907673371190
0.4004 -0.342020143326 -0.000000005096 -0.939692620786
0.4004 -0.342020143326 0.000000005096 0.939692620786
0.4010 -0.342020143326 0.243210346802 -0.907673371190
0.4011 -0.342020143326 0.243210346802 0.907673371190
0.4000 -0.342020143326 0.469846310393 -0.813797681349
0.4009 -0.342020143326 0.469846310393 0.813797681349
0.4039 -0.342020143326 0.664463024389 -0.664463024389
0.4039 -0.342020143326 0.664463024389 0.664463024389
0.4021 -0.342020143326 0.813797681349 -0.469846310393
0.4055 -0.342020143326 0.813797681349 0.469846310393
0.4062 -0.342020143326 0.907673371190 -0.243210346802
0.4040 -0.342020143326 0.907673371190 0.243210346802
0.4066 -0.342020143326 0.939692620786 0.000000000000
0.4066 -0.258819045103 -0.965925826289 0.000000000000
0.4038 -0.258819045103 -0.933012701892 -0.250000000000
0.4062 -0.258819045103 -0.933012701892 0.250000000000
0.4054 -0.258819045103 -0.836516303738 -0.482962913145
0.4019 -0.258819045103 -0.836516303738 0.482962913145
0.4037 -0.258819045103 -0.683012701892 -0.683012701892
0.4037 -0.258819045103 -0.683012701892 0.683012701892
0.4006 -0.258819045103 -0.482962913145 -0.836516303738
0.3996 -0.258819045103 -0.482962913145 0.836516303738
0.4008 -0.258819045103 -0.250000000000 -0.933012701892
0.4007 -0.258819045103 -0.250000000000 0.933012701892
0.4000 -0.258819045103 -0.000000000000 -0.965925826289
0.4000 -0.258819045103 0.000000000000 0.965925826289
0.4007 -0.258819045103 0.250000000000 -0.933012701892
0.4008 -0.258819045103 0.250000000000 0.933012701892
0.3996 -0.258819045103 0.482962913145 -0.836516303738
0.4006 -0.258819045103 0.482962913145 0.836516303738
0.4037 -0.258819045103 0.683012701892 -0.683012701892
0.4037 -0.258819045103 0.683012701892 0.683012701892
0.4019 -0.258819045103 0.836516303738 -0.482962913145
0.4054 -0.258819045103 0.836516303738 0.482962913145
0.4062 -0.258819045103 0.933012701892 -0.250000000000
0.4038 -0.258819045103 0.933012701892 0.250000000000
0.4066 -0.258819045103 0.965925826289 0.000000000000
0.4065 -0.173648177667 -0.984807753012 0.000000000000
0.4037 -0.173648177667 -0.951251242564 -0.254887002244
0.4062 -0.173648177667 -0.951251242564 0.254887002244
0.4053 -0.173648177667 -0.852868531952 -0.492403876506
0.4017 -0.173648177667 -0.852868531952 0.492403876506
0.4036 -0.173648177667 -0.696364240320 -0.696364240320
0.4036 -0.173648177667 -0.696364240320 0.696364240320
0.4004 -0.173648177667 -0.492403876506 -0.852868531952
0.3993 -0.173648177667 -0.492403876506 0.852868531952
0.4006 -0.173648177667 -0.254887002244 -0.951251242564
0.4004 -0.173648177667 -0.254887002244 0.951251242564
0.3998 -0.173648177667 -0.000000000000 -0.984807753012
0.3998 -0.173648177667 0.000000000000 0.984807753012
0.4004 -0.173648177667 0.254887002244 -0.951251242564
0.4005 -0.173648177667 0.254887002244 0.951251242564
0.3993 -0.173648177667 0.492403876506 -0.852868531952
0.4004 -0.173648177667 0.492403876506 0.852868531952
0.4036 -0.173648177667 0.696364240320 -0.696364240320
0.4036 -0.173648177667 0.696364240320 0.696364240320
0.4017 -0.173648177667 0.852868531952 -0.492403876506
0.4053 -0.173648177667 0.852868531952 0.492403876506
0.4062 -0.173648177667 0.951251242564 -0.254887002244
0.4037 -0.173648177667 0.951251242564 0.254887002244
0.4065 -0.173648177667 0.984807753012 0.000000000000
0.4065 -0.087155742748 -0.996194698092 0.000000000000
0.4036 -0.087155742748 -0.962250186899 -0.257834160496
0.4061 -0.087155742748 -0.962250186899 0.257834160496
0.4053 -0.087155742748 -0.862729915663 -0.498097349046
0.4015 -0.087155742748 -0.862729915663 0.498097349046
0.4035 -0.087155742748 -0.704416026403 -0.704416026403
0.4035 -0.087155742748 -0.704416026403 0.704416026403
0.4002 -0.087155742748 -0.498097349046 -0.862729915663
0.3991 -0.087155742748 -0.498097349046 0.862729915663
0.4004 -0.087155742748 -0.257834160496 -0.962250186899
0.4003 -0.087155742748 -0.257834160496 0.962250186899
0.3996 -0.087155742748 -0.000000000000 -0.996194698092
0.3996 -0.087155742748 0.000000001299 0.996194698092
0.4003 -0.087155742748 0.257834160496 -0.962250186899
0.4004 -0.087155742748 0.257834160496 0.962250186899
0.3991 -0.087155742748 0.498097349046 -0.862729915663
0.4002 -0.087155742748 0.498097349046 0.862729915663
0.4035 -0.087155742748 0.704416026403 -0.704416026403
0.4035 -0.087155742748 0.704416026403 0.704416026403
0.4015 -0.087155742748 0.862729915663 -0.498097349046
0.4053 -0.087155742748 0.862729915663 0.498097349046
0.4061 -0.087155742748 0.962250186899 -0.257834160496
0.4036 -0.087155742748 0.962250186899 0.257834160496
0.4065 -0.087155742748 0.996194698092 0.000000000000
0.3995 -0.000000011546 0.000000009420 1.000000000000
0.4065 0.000000000000 -1.000000000000 0.000000000000
0.4036 0.000000000000 -0.965925826289 -0.258819045103
0.4061 0.000000000000 -0.965925826289 0.258819045103
0.4053 0.000000000000 -0.866025403784 -0.500000000000
0.4015 0.000000000000 -0.866025403784 0.500000000000
0.4035 0.000000000000 -0.707106781187 -0.707106781187
0.4035 0.000000000000 -0.707106781187 0.707106781187
0.4002 0.000000000000 -0.500000000000 -0.866025403784
0.3990 0.000000000000 -0.500000000000 0.866025403784
0.4004 0.000000000000 -0.258819045103 -0.965925826289
0.4002 0.000000000000 -0.258819045103 0.965925826289
0.4002 0.000000000000 0.258819045103 -0.965925826289
0.4004 0.000000000000 0.258819045103 0.965925826289
0.3990 0.000000000000 0.500000000000 -0.866025403784
0.4002 0.000000000000 0.500000000000 0.866025403784
0.4035 0.000000000000 0.707106781187 -0.707106781187
0.4035 0.000000000000 0.707106781187 0.707106781187
0.4015 0.000000000000 0.866025403784 -0.500000000000
0.4053 0.000000000000 0.866025403784 0.500000000000
0.4061 0.000000000000 0.965925826289 -0.258819045103
0.4036 0.000000000000 0.965925826289 0.258819045103
0.4065 0.000000000000 1.000000000000 0.000000000000
0.3995 0.000000011546 -0.000000009420 -1.000000000000
0.4065 0.087155742748 -0.996194698092 0.000000000000
0.4036 0.087155742748 -0.962250186899 -0.257834160496
0.4061 0.087155742748 -0.962250186899 0.257834160496
0.4053 0.087155742748 -0.862729915663 -0.498097349046
0.4015 0.087155742748 -0.862729915663 0.498097349046
0.4035 0.087155742748 -0.704416026403 -0.704416026403
0.4035 0.087155742748 -0.704416026403 0.704416026403
0.4002 0.087155742748 -0.498097349046 -0.862729915663
0.3991 0.087155742748 -0.498097349046 0.862729915663
0.4004 0.087155742748 -0.257834160496 -0.962250186899
0.4003 0.087155742748 -0.257834160496 0.962250186899
0.3996 0.087155742748 -0.000000001299 -0.996194698092
0.3996 0.087155742748 0.000000000000 0.996194698092
0.4003 0.087155742748 0.257834160496 -0.962250186899
0.4004 0.087155742748 0.257834160496 0.962250186899
0.3991 0.087155742748 0.498097349046 -0.862729915663
0.4002 0.087155742748 0.498097349046 0.862729915663
0.4035 0.087155742748 0.704416026403 -0.704416026403
0.4035 0.087155742748 0.704416026403 0.704416026403
0.4015 0.087155742748 0.862729915663 -0.498097349046
0.4053 0.087155742748 0.862729915663 0.498097349046
0.4061 0.087155742748 0.962250186899 -0.257834160496
0.4036 0.087155742748 0.962250186899 0.257834160496
0.4065 0.087155742748 0.996194698092 0.000000000000
0.4065 0.173648177667 -0.984807753012 0.000000000000
0.4037 0.173648177667 -0.951251242564 -0.254887002244
0.4062 0.173648177667 -0.951251242564 0.254887002244
0.4053 0.173648177667 -0.852868531952 -0.492403876506
0.4017 0.173648177667 -0.852868531952 0.492403876506
0.4036 0.173648177667 -0.696364240320 -0.696364240320
0.4036 0.173648177667 -0.696364240320 0.696364240320
0.4004 0.173648177667 -0.492403876506 -0.852868531952
0.3993 0.173648177667 -0.492403876506 0.852868531952
0.4005 0.173648177667 -0.254887002244 -0.951251242564
0.4004 0.173648177667 -0.254887002244 0.951251242564
0.3998 0.173648177667 0.000000000000 -0.984807753012
0.3998 0.173648177667 0.000000000000 0.984807753012
0.4004 0.173648177667 0.254887002244 -0.951251242564
0.4006 0.173648177667 0.254887002244 0.951251242564
0.3993 0.173648177667 0.492403876506 -0.852868531952
0.4004 0.173648177667 0.492403876506 0.852868531952
0.4036 0.173648177667 0.696364240320 -0.696364240320
0.4036 0.173648177667 0.696364240320 0.696364240320
0.4017 0.173648177667 0.852868531952 -0.492403876506
0.4053 0.173648177667 0.852868531952 0.492403876506
0.4062 0.173648177667 0.951251242564 -0.254887002244
0.4037 0.173648177667 0.951251242564 0.254887002244
0.4065 0.173648177667 0.984807753012 0.000000000000
0.4066 0.258819045103 -0.965925826289 0.000000000000
0.4038 0.258819045103 -0.933012701892 -0.250000000000
0.4062 0.258819045103 -0.933012701892 0.250000000000
0.4054 0.258819045103 -0.836516303738 -0.482962913145
0.4019 0.258819045103 -0.836516303738 0.482962913145
0.4037 0.258819045103 -0.683012701892 -0.683012701892
0.4037 0.258819045103 -0.683012701892 0.683012701892
0.4006 0.258819045103 -0.482962913145 -0.836516303738
0.3996 0.258819045103 -0.482962913145 0.836516303738
0.4008 0.258819045103 -0.250000000000 -0.933012701892
0.4007 0.258819045103 -0.250000000000 0.933012701892
0.4000 0.258819045103 0.000000000000 -0.965925826289
0.4000 0.258819045103 0.000000000000 0.965925826289
0.4007 0.258819045103 0.250000000000 -0.933012701892
0.4008 0.258819045103 0.250000000000 0.933012701892
0.3996 0.258819045103 0.482962913145 -0.836516303738
0.4006 0.258819045103 0.482962913145 0.836516303738
0.4037 0.258819045103 0.683012701892 -0.683012701892
0.4037 0.258819045103 0.683012701892 0.683012701892
0.4019 0.258819045103 0.836516303738 -0.482962913145
0.4054 0.258819045103 0.836516303738 0.482962913145
0.4062 0.258819045103 0.933012701892 -0.250000000000
0.4038 0.258819045103 0.933012701892 0.250000000000
0.4066 0.258819045103 0.965925826289 0.000000000000
0.4066 0.342020143326 -0.939692620786 0.000000000000
0.4040 0.342020143326 -0.907673371190 -0.243210346802
0.4062 0.342020143326 -0.907673371190 0.243210346802
0.4055 0.342020143326 -0.813797681349 -0.469846310393
0.4021 0.342020143326 -0.813797681349 0.469846310393
0.4039 0.342020143326 -0.664463024389 -0.664463024389
0.4039 0.342020143326 -0.664463024389 0.664463024389
0.4009 0.342020143326 -0.469846310393 -0.813797681349
0.4000 0.342020143326 -0.469846310393 0.813797681349
0.4011 0.342020143326 -0.243210346802 -0.907673371190
0.4010 0.342020143326 -0.243210346802 0.907673371190
0.4004 0.342020143326 -0.000000005096 -0.939692620786
0.4004 0.342020143326 0.000000005096 0.939692620786
0.4010 0.342020143326 0.243210346802 -0.907673371190
0.4011 0.342020143326 0.243210346802 0.907673371190
0.3999 0.342020143326 0.469846310393 -0.813797681349
0.4010 0.342020143326 0.469846310393 0.813797681349
0.4039 0.342020143326 0.664463024389 -0.664463024389
0.4039 0.342020143326 0.664463024389 0.664463024389
0.4021 0.342020143326 0.813797681349 -0.469846310393
0.4055 0.342020143326 0.813797681349 0.469846310393
0.4062 0.342020143326 0.907673371190 -0.243210346802
0.4040 0.342020143326 0.907673371190 0.243210346802
0.4066 0.342020143326 0.939692620786 0.000000000000
0.4066 0.422618261741 -0.906307787037 0.000000000000
0.4042 0.422618261741 -0.875426098066 -0.234569716010
0.4063 0.422618261741 -0.875426098066 0.234569716010
0.4056 0.422618261741 -0.784885567221 -0.453153893518
0.4025 0.422618261741 -0.784885567221 0.453153893518
0.4041 0.422618261741 -0.640856382056 -0.640856382056
0.4041 0.422618261741 -0.640856382056 0.640856382056
0.4014 0.422618261741 -0.453153893518 -0.784885567221
0.4004 0.422618261741 -0.453153893518 0.784885567221
0.4015 0.422618261741 -0.234569716010 -0.875426098066
0.4014 0.422618261741 -0.234569716010 0.875426098066
0.4009 0.422618261741 0.000000000000 -0.906307787037
0.4009 0.422618261741 0.000000000000 0.906307787037
0.4014 0.422618261741 0.234569716010 -0.875426098066
0.4015 0.422618261741 0.234569716010 0.875426098066
0.4004 0.422618261741 0.453153893518 -0.784885567221
0.4014 0.422618261741 0.453153893518 0.784885567221
0.4041 0.422618261741 0.640856382056 -0.640856382056
0.4041 0.422618261741 0.640856382056 0.640856382056
0.4025 0.422618261741 0.784885567221 -0.453153893518
0.4056 0.422618261741 0.784885567221 0.453153893518
0.4063 0.422618261741 0.875426098066 -0.234569716010
0.4042 0.422618261741 0.875426098066 0.234569716010
0.4066 0.422618261741 0.906307787037 0.000000000000
0.4066 0.500000000000 -0.866025403784 0.000000000000
0.4044 0.500000000000 -0.836516303738 -0.224143868042
0.4063 0.500000000000 -0.836516303738 0.224143868042
0.4057 0.500000000000 -0.750000000000 -0.433012701892
0.4029 0.500000000000 -0.750000000000 0.433012701892
0.4043 0.500000000000 -0.612372435696 -0.612372435696
0.4043 0.500000000000 -0.612372435696 0.612372435696
0.4018 0.500000000000 -0.433012701892 -0.750000000000
0.4010 0.500000000000 -0.433012701892 0.750000000000
0.4020 0.500000000000 -0.224143868042 -0.836516303738
0.4019 0.500000000000 -0.224143868042 0.836516303738
0.4014 0.500000000000 0.000000000000 -0.866025403784
0.4014 0.500000000000 0.000000000000 0.866025403784
0.4019 0.500000000000 0.224143868042 -0.836516303738
0.4020 0.500000000000 0.224143868042 0.836516303738
0.4010 0.500000000000 0.433012701892 -0.750000000000
0.4019 0.500000000000 0.433012701892 0.750000000000
0.4043 0.500000000000 0.612372435696 -0.612372435696
0.4043 0.500000000000 0.612372435696 0.612372435696
0.4029 0.500000000000 0.750000000000 -0.433012701892
0.4057 0.500000000000 0.750000000000 0.433012701892
0.4063 0.500000000000 0.836516303738 -0.224143868042
0.4044 0.500000000000 0.836516303738 0.224143868042
0.4066 0.500000000000 0.866025403784 0.000000000000
0.4067 0.573576436351 -0.819152044289 0.000000000000
0.4047 0.573576436351 -0.791240115236 -0.212012149897
0.4064 0.573576436351 -0.791240115236 0.212012149897
0.4058 0.573576436351 -0.709406479916 -0.409576022144
0.4033 0.573576436351 -0.709406479916 0.409576022144
0.4046 0.573576436351 -0.579227965340 -0.579227965340
0.4046 0.573576436351 -0.579227965340 0.579227965340
0.4024 0.573576436351 -0.409576022144 -0.709406479916
0.4016 0.573576436351 -0.409576022144 0.709406479916
0.4025 0.573576436351 -0.212012149897 -0.791240115236
0.4024 0.573576436351 -0.212012149897 0.791240115236
0.4020 0.573576436351 0.000000000000 -0.819152044289
0.4020 0.573576436351 0.000000000000 0.819152044289
0.4024 0.573576436351 0.212012149897 -0.791240115236
0.4025 0.573576436351 0.212012149897 0.791240115236
0.4016 0.573576436351 0.409576022144 -0.709406479916
0.4024 0.573576436351 0.409576022144 0.709406479916
0.4046 0.573576436351 0.579227965340 -0.579227965340
0.4046 0.573576436351 0.579227965340 0.579227965340
0.4033 0.573576436351 0.709406479916 -0.409576022144
0.4058 0.573576436351 0.709406479916 0.409576022144
0.4064 0.573576436351 0.791240115236 -0.212012149897
0.4047 0.573576436351 0.791240115236 0.212012149897
0.4067 0.573576436351 0.819152044289 0.000000000000
0.4067 0.642787609687 -0.766044443119 0.000000000000
0.4050 0.642787609687 -0.739942111694 -0.198266891274
0.4065 0.642787609687 -0.739942111694 0.198266891274
0.4060 0.642787609687 -0.663413948169 -0.383022221559
0.4038 0.642787609687 -0.663413948169 0.383022221559
0.4049 0.642787609687 -0.541675220420 -0.541675220420
0.4049 0.642787609687 -0.541675220420 0.541675220420
0.4030 0.642787609687 -0.383022221559 -0.663413948169
0.4023 0.642787609687 -0.383022221559 0.663413948169
0.4031 0.642787609687 -0.198266891274 -0.739942111694
0.4030 0.642787609687 -0.198266891274 0.739942111694
0.4026 0.642787609687 -0.000000009578 -0.766044443119
0.4026 0.642787609687 0.000000000000 0.766044443119
0.4030 0.642787609687 0.198266891274 -0.739942111694
0.4031 0.642787609687 0.198266891274 0.739942111694
0.4023 0.642787609687 0.383022221559 -0.663413948169
0.4030 0.642787609687 0.383022221559 0.663413948169
0.4049 0.642787609687 0.541675220420 -0.541675220420
0.4049 0.642787609687 0.541675220420 0.541675220420
0.4037 0.642787609687 0.663413948169 -0.383022221559
0.4060 0.642787609687 0.663413948169 0.383022221559
0.4065 0.642787609687 0.739942111694 -0.198266891274
0.4050 0.642787609687 0.739942111694 0.198266891274
0.4067 0.642787609687 0.766044443119 0.000000000000
0.4067 0.707106781187 -0.707106781187 0.000000000000
0.4053 0.707106781187 -0.683012701892 -0.183012701892
0.4065 0.707106781187 -0.683012701892 0.183012701892
0.4061 0.707106781187 -0.612372435696 -0.353553390593
0.4042 0.707106781187 -0.612372435696 0.353553390593
0.4052 0.707106781187 -0.500000000000 -0.500000000000
0.4052 0.707106781187 -0.500000000000 0.500000000000
0.4035 0.707106781187 -0.353553390593 -0.612372435696
0.4030 0.707106781187 -0.353553390593 0.612372435696
0.4036 0.707106781187 -0.183012701892 -0.683012701892
0.4036 0.707106781187 -0.183012701892 0.683012701892
0.4033 0.707106781187 -0.000000010537 -0.707106781187
0.4032 0.707106781187 -0.000000010537 0.707106781187
0.4036 0.707106781187 0.183012701892 -0.683012701892
0.4037 0.707106781187 0.183012701892 0.683012701892
0.4030 0.707106781187 0.353553390593 -0.612372435696
0.4036 0.707106781187 0.353553390593 0.612372435696
0.4052 0.707106781187 0.500000000000 -0.500000000000
0.4052 0.707106781187 0.500000000000 0.500000000000
0.4042 0.707106781187 0.612372435696 -0.353553390593
0.4061 0.707106781187 0.612372435696 0.353553390593
0.4065 0.707106781187 0.683012701892 -0.183012701892
0.4053 0.707106781187 0.683012701892 0.183012701892
0.4067 0.707106781187 0.707106781187 0.000000000000
0.4068 0.766044443119 -0.642787609687 0.000000000000
0.4056 0.766044443119 -0.620885153015 -0.166365675343
0.4066 0.766044443119 -0.620885153015 0.166365675343
0.4063 0.766044443119 -0.556670399226 -0.321393804843
0.4047 0.766044443119 -0.556670399226 0.321393804843
0.4055 0.766044443119 -0.454519477672 -0.454519477672
0.4055 0.766044443119 -0.454519477672 0.454519477672
0.4041 0.766044443119 -0.321393804843 -0.556670399226
0.4037 0.766044443119 -0.321393804843 0.556670399226
0.4042 0.766044443119 -0.166365675343 -0.620885153015
0.4042 0.766044443119 -0.166365675343 0.620885153015
0.4039 0.766044443119 0.000000000000 -0.642787609687
0.4039 0.766044443119 0.000000000000 0.642787609687
0.4042 0.766044443119 0.166365675343 -0.620885153015
0.4042 0.766044443119 0.166365675343 0.620885153015
0.4037 0.766044443119 0.321393804843 -0.556670399226
0.4041 0.766044443119 0.321393804843 0.556670399226
0.4055 0.766044443119 0.454519477672 -0.454519477672
0.4055 0.766044443119 0.454519477672 0.454519477672
0.4047 0.766044443119 0.556670399226 -0.321393804843
0.4063 0.766044443119 0.556670399226 0.321393804843
0.4066 0.766044443119 0.620885153015 -0.166365675343
0.4056 0.766044443119 0.620885153015 0.166365675343
0.4068 0.766044443119 0.642787609687 0.000000000000
0.4068 0.819152044289 -0.573576436351 0.000000000000
0.4059 0.819152044289 -0.554032293222 -0.148452505550
0.4067 0.819152044289 -0.554032293222 0.148452505550
0.4064 0.819152044289 -0.496731764892 -0.286788218176
0.4052 0.819152044289 -0.496731764892 0.286788218176
0.4058 0.819152044289 -0.405579787673 -0.405579787673
0.4058 0.819152044289 -0.405579787673 0.405579787673
0.4047 0.819152044289 -0.286788218176 -0.496731764892
0.4044 0.819152044289 -0.286788218176 0.496731764892
0.4048 0.819152044289 -0.148452505550 -0.554032293222
0.4047 0.819152044289 -0.148452505550 0.554032293222
0.4045 0.819152044289 0.000000000000 -0.573576436351
0.4045 0.819152044289 0.000000000000 0.573576436351
0.4047 0.819152044289 0.148452505550 -0.554032293222
0.4048 0.819152044289 0.148452505550 0.554032293222
0.4043 0.819152044289 0.286788218176 -0.496731764892
0.4047 0.819152044289 0.286788218176 0.496731764892
0.4058 0.819152044289 0.405579787673 -0.405579787673
0.4058 0.819152044289 0.405579787673 0.405579787673
0.4052 0.819152044289 0.496731764892 -0.286788218176
0.4064 0.819152044289 0.496731764892 0.286788218176
0.4067 0.819152044289 0.554032293222 -0.148452505550
0.4059 0.819152044289 0.554032293222 0.148452505550
0.4068 0.819152044289 0.573576436351 0.000000000000
0.4068 0.866025403784 -0.500000000000 0.000000000000
0.4061 0.866025403784 -0.482962913145 -0.129409522551
0.4067 0.866025403784 -0.482962913145 0.129409522551
0.4065 0.866025403784 -0.433012701892 -0.250000000000
0.4056 0.866025403784 -0.433012701892 0.250000000000
0.4061 0.866025403784 -0.353553390593 -0.353553390593
0.4061 0.866025403784 -0.353553390593 0.353553390593
0.4052 0.866025403784 -0.250000000000 -0.433012701892
0.4050 0.866025403784 -0.250000000000 0.433012701892
0.4053 0.866025403784 -0.129409522551 -0.482962913145
0.4053 0.866025403784 -0.129409522551 0.482962913145
0.4051 0.866025403784 0.000000000000 -0.500000000000
0.4051 0.866025403784 0.000000000000 0.500000000000
0.4053 0.866025403784 0.129409522551 -0.482962913145
0.4053 0.866025403784 0.129409522551 0.482962913145
0.4050 0.866025403784 0.250000000000 -0.433012701892
0.4053 0.866025403784 0.250000000000 0.433012701892
0.4061 0.866025403784 0.353553390593 -0.353553390593
0.4061 0.866025403784 0.353553390593 0.353553390593
0.4056 0.866025403784 0.433012701892 -0.250000000000
0.4065 0.866025403784 0.433012701892 0.250000000000
0.4067 0.866025403784 0.482962913145 -0.129409522551
0.4061 0.866025403784 0.482962913145 0.129409522551
0.4068 0.866025403784 0.500000000000 0.000000000000
0.4069 0.906307787037 -0.422618261741 0.000000000000
0.4064 0.906307787037 -0.408217893677 -0.109381654947
0.4068 0.906307787037 -0.408217893677 0.109381654947
0.4066 0.906307787037 -0.365998150771 -0.211309130870
0.4060 0.906307787037 -0.365998150771 0.211309130870
0.4063 0.906307787037 -0.298836238730 -0.298836238730
0.4063 0.906307787037 -0.298836238730 0.298836238730
0.4057 0.906307787037 -0.211309130870 -0.365998150771
0.4055 0.906307787037 -0.211309130870 0.365998150771
0.4058 0.906307787037 -0.109381654947 -0.408217893677
0.4058 0.906307787037 -0.109381654947 0.408217893677
0.4056 0.906307787037 0.000000000000 -0.422618261741
0.4056 0.906307787037 0.000000000000 0.422618261741
0.4058 0.906307787037 0.109381654947 -0.408217893677
0.4058 0.906307787037 0.109381654947 0.408217893677
0.4055 0.906307787037 0.211309130870 -0.365998150771
0.4057 0.906307787037 0.211309130870 0.365998150771
0.4063 0.906307787037 0.298836238730 -0.298836238730
0.4063 0.906307787037 0.298836238730 0.298836238730
0.4060 0.906307787037 0.365998150771 -0.211309130870
0.4067 0.906307787037 0.365998150771 0.211309130870
0.4068 0.906307787037 0.408217893677 -0.109381654947
0.4064 0.906307787037 0.408217893677 0.109381654947
0.4069 0.906307787037 0.422618261741 0.000000000000
0.4069 0.939692620786 -0.342020143326 0.000000000000
0.4066 0.939692620786 -0.330366089549 -0.088521326901
0.4069 0.939692620786 -0.330366089549 0.088521326901
0.4068 0.939692620786 -0.296198132726 -0.171010071663
0.4063 0.939692620786 -0.296198132726 0.171010071663
0.4065 0.939692620786 -0.241844762648 -0.241844762648
0.4065 0.939692620786 -0.241844762648 0.241844762648
0.4061 0.939692620786 -0.171010071663 -0.296198132726
0.4060 0.939692620786 -0.171010071663 0.296198132726
0.4062 0.939692620786 -0.088521326901 -0.330366089549
0.4062 0.939692620786 -0.088521326901 0.330366089549
0.4061 0.939692620786 0.000000000000 -0.342020143326
0.4061 0.939692620786 0.000000000000 0.342020143326
0.4062 0.939692620786 0.088521326901 -0.330366089549
0.4062 0.939692620786 0.088521326901 0.330366089549
0.4060 0.939692620786 0.171010071663 -0.296198132726
0.4062 0.939692620786 0.171010071663 0.296198132726
0.4065 0.939692620786 0.241844762648 -0.241844762648
0.4065 0.939692620786 0.241844762648 0.241844762648
0.4063 0.939692620786 0.296198132726 -0.171010071663
0.4068 0.939692620786 0.296198132726 0.171010071663
0.4069 0.939692620786 0.330366089549 -0.088521326901
0.4066 0.939692620786 0.330366089549 0.088521326901
0.4069 0.939692620786 0.342020143326 0.000000000000
0.4069 0.965925826289 -0.258819045103 0.000000000000
0.4067 0.965925826289 -0.250000000000 -0.066987298108
0.4069 0.965925826289 -0.250000000000 0.066987298108
0.4068 0.965925826289 -0.224143868042 -0.129409522551
0.4066 0.965925826289 -0.224143868042 0.129409522551
0.4067 0.965925826289 -0.183012701892 -0.183012701892
0.4067 0.965925826289 -0.183012701892 0.183012701892
0.4065 0.965925826289 -0.129409522551 -0.224143868042
0.4064 0.965925826289 -0.129409522551 0.224143868042
0.4065 0.965925826289 -0.066987298108 -0.250000000000
0.4065 0.965925826289 -0.066987298108 0.250000000000
0.4064 0.965925826289 -0.000000014393 0.258819045103
0.4065 0.965925826289 0.000000000000 -0.258819045103
0.4065 0.965925826289 0.066987298108 -0.250000000000
0.4065 0.965925826289 0.066987298108 0.250000000000
0.4064 0.965925826289 0.129409522551 -0.224143868042
0.4065 0.965925826289 0.129409522551 0.224143868042
0.4067 0.965925826289 0.183012701892 -0.183012701892
0.4067 0.965925826289 0.183012701892 0.183012701892
0.4066 0.965925826289 0.224143868042 -0.129409522551
0.4068 0.965925826289 0.224143868042 0.129409522551
0.4069 0.965925826289 0.250000000000 -0.066987298108
0.4067 0.965925826289 0.250000000000 0.066987298108
0.4069 0.965925826289 0.258819045103 0.000000000000
0.4069 0.984807753012 -0.173648177667 0.000000000000
0.4069 0.984807753012 -0.167731259497 -0.044943455528
0.4069 0.984807753012 -0.167731259497 0.044943455528
0.4069 0.984807753012 -0.150383733180 -0.086824088833
0.4068 0.984807753012 -0.150383733180 0.086824088833
0.4068 0.984807753012 -0.122787803969 -0.122787803969
0.4068 0.984807753012 -0.122787803969 0.122787803969
0.4067 0.984807753012 -0.086824088833 -0.150383733180
0.4067 0.984807753012 -0.086824088833 0.150383733180
0.4068 0.984807753012 -0.044943455528 -0.167731259497
0.4067 0.984807753012 -0.044943455528 0.167731259497
0.4067 0.984807753012 0.000000000000 -0.173648177667
0.4067 0.984807753012 0.000000000000 0.173648177667
0.4067 0.984807753012 0.044943455528 -0.167731259497
0.4068 0.984807753012 0.044943455528 0.167731259497
0.4067 0.984807753012 0.086824088833 -0.150383733180
0.4067 0.984807753012 0.086824088833 0.150383733180
0.4068 0.984807753012 0.122787803969 -0.122787803969
0.4068 0.984807753012 0.122787803969 0.122787803969
0.4068 0.984807753012 0.150383733180 -0.086824088833
0.4069 0.984807753012 0.150383733180 0.086824088833
0.4069 0.984807753012 0.167731259497 -0.044943455528
0.4069 0.984807753012 0.167731259497 0.044943455528
0.4069 0.984807753012 0.173648177667 0.000000000000
0.4069 0.996194698092 -0.087155742748 0.000000000000
0.4069 0.996194698092 -0.084185982829 -0.022557566113
0.4069 0.996194698092 -0.084185982829 0.022557566113
0.4069 0.996194698092 -0.075479087305 -0.043577871374
0.4069 0.996194698092 -0.075479087305 0.043577871374
0.4069 0.996194698092 -0.061628416716 -0.061628416716
0.4069 0.996194698092 -0.061628416716 0.061628416716
0.4069 0.996194698092 -0.043577871374 -0.075479087305
0.4069 0.996194698092 -0.043577871374 0.075479087305
0.4069 0.996194698092 -0.022557566113 -0.084185982829
0.4069 0.996194698092 -0.022557566113 0.084185982829
0.4069 0.996194698092 0.000000000000 -0.087155742748
0.4069 0.996194698092 0.000000000000 0.087155742748
0.4069 0.996194698092 0.022557566113 -0.084185982829
0.4069 0.996194698092 0.022557566113 0.084185982829
0.4069 0.996194698092 0.043577871374 -0.075479087305
0.4069 0.996194698092 0.043577871374 0.075479087305
0.4069 0.996194698092 0.061628416716 -0.061628416716
0.4069 0.996194698092 0.061628416716 0.061628416716
0.4069 0.996194698092 0.075479087305 -0.043577871374
0.4069 0.996194698092 0.075479087305 0.043577871374
0.4069 0.996194698092 0.084185982829 -0.022557566113
0.4069 0.996194698092 0.084185982829 0.022557566113
0.4069 0.996194698092 0.087155742748 0.000000000000
0.4070 1.000000000000 0.000000000000 0.000000000000
