0.4193 0.0097 -1.000000000000 0.000000000000 0.000000000000 1.2100
0.4193 0.0097 -0.996194698092 -0.087155742748 0.000000000000 1.2100
0.4193 0.0097 -0.996194698092 -0.084185982829 -0.022557566113 1.2100
0.4193 0.0097 -0.996194698092 -0.084185982829 0.022557566113 1.2100
0.4193 0.0097 -0.996194698092 -0.075479087305 -0.043577871374 1.2100
0.4193 0.0097 -0.996194698092 -0.075479087305 0.043577871374 1.2100
0.4193 0.0097 -0.996194698092 -0.061628416716 -0.061628416716 1.2100
0.4193 0.0097 -0.996194698092 -0.061628416716 0.061628416716 1.2100
0.4193 0.0097 -0.996194698092 -0.043577871374 -0.075479087305 1.2100
0.4193 0.0097 -0.996194698092 -0.043577871374 0.075479087305 1.2100
0.4193 0.0097 -0.996194698092 -0.022557566113 -0.084185982829 1.2100
0.4193 0.0097 -0.996194698092 -0.022557566113 0.084185982829 1.2100
0.4193 0.0097 -0.996194698092 0.000000000000 -0.087155742748 1.2100
0.4193 0.0097 -0.996194698092 0.000000000000 0.087155742748 1.2100
0.4193 0.0097 -0.996194698092 0.022557566113 -0.084185982829 1.2100
0.4193 0.0097 -0.996194698092 0.022557566113 0.084185982829 1.2100
0.4193 0.0097 -0.996194698092 0.043577871374 -0.075479087305 1.2100
0.4193 0.0097 -0.996194698092 0.043577871374 0.075479087305 1.2100
0.4193 0.0097 -0.996194698092 0.061628416716 -0.061628416716 1.2100
0.4193 0.0097 -0.996194698092 0.061628416716 0.061628416716 1.2100
0.4193 0.0097 -0.996194698092 0.075479087305 -0.043577871374 1.2100
0.4193 0.0097 -0.996194698092 0.075479087305 0.043577871374 1.2100
0.4193 0.0097 -0.996194698092 0.084185982829 -0.022557566113 1.2100
0.4193 0.0097 -0.996194698092 0.084185982829 0.022557566113 1.2100
0.4193 0.0097 -0.996194698092 0.087155742748 0.000000000000 1.2100
0.4192 0.0097 -0.984807753012 -0.173648177667 0.000000000000 1.2100
0.4191 0.0097 -0.984807753012 -0.167731259497 -0.044943455528 1.2100
0.4191 0.0097 -0.984807753012 -0.167731259497 0.044943455528 1.2100
0.4191 0.0097 -0.984807753012 -0.150383733180 -0.086824088833 1.2100
0.4191 0.0097 -0.984807753012 -0.150383733180 0.086824088833 1.2100
0.4193 0.0097 -0.984807753012 -0.122787803969 -0.122787803969 1.2100
0.4192 0.0097 -0.984807753012 -0.122787803969 0.122787803969 1.2100
0.4192 0.0097 -0.984807753012 -0.086824088833 -0.150383733180 1.2100
0.4193 0.0097 -0.984807753012 -0.086824088833 0.150383733180 1.2100
0.4193 0.0097 -0.984807753012 -0.044943455528 -0.167731259497 1.2100
0.4192 0.0097 -0.984807753012 -0.044943455528 0.167731259497 1.2100
0.4192 0.0097 -0.984807753012 0.000000000000 -0.173648177667 1.2100
0.4193 0.0097 -0.984807753012 0.000000014675 0.173648177667 1.2100
0.4192 0.0097 -0.984807753012 0.044943455528 -0.167731259497 1.2100
0.4193 0.0097 -0.984807753012 0.044943455528 0.167731259497 1.2100
0.4193 0.0097 -0.984807753012 0.086824088833 -0.150383733180 1.2100
0.4192 0.0097 -0.984807753012 0.086824088833 0.150383733180 1.2100
0.4192 0.0097 -0.984807753012 0.122787803969 -0.122787803969 1.2100
0.4193 0.0097 -0.984807753012 0.122787803969 0.122787803969 1.2100
0.4191 0.0097 -0.984807753012 0.150383733180 -0.086824088833 1.2100
0.4191 0.0097 -0.984807753012 0.150383733180 0.086824088833 1.2100
0.4191 0.0097 -0.984807753012 0.167731259497 -0.044943455528 1.2100
0.4191 0.0097 -0.984807753012 0.167731259497 0.044943455528 1.2100
0.4192 0.0097 -0.984807753012 0.173648177667 0.000000000000 1.2100
0.4190 0.0097 -0.965925826289 -0.258819045103 0.000000000000 1.2100
0.4189 0.0097 -0.965925826289 -0.250000000000 -0.066987298108 1.2100
0.4188 0.0097 -0.965925826289 -0.250000000000 0.066987298108 1.2100
0.4189 0.0097 -0.965925826289 -0.224143868042 -0.129409522551 1.2100
0.4189 0.0097 -0.965925826289 -0.224143868042 0.129409522551 1.2100
0.4192 0.0097 -0.965925826289 -0.183012701892 -0.183012701892 1.2100
0.4191 0.0097 -0.965925826289 -0.183012701892 0.183012701892 1.2100
0.4190 0.0097 -0.965925826289 -0.129409522551 -0.224143868042 1.2100
0.4192 0.0097 -0.965925826289 -0.129409522551 0.224143868042 1.2100
0.4192 0.0097 -0.965925826289 -0.066987298108 -0.250000000000 1.2100
0.4191 0.0097 -0.965925826289 -0.066987298108 0.250000000000 1.2100
0.4191 0.0097 -0.965925826289 0.000000000000 -0.258819045103 1.2100
0.4192 0.0097 -0.965925826289 0.000000014393 0.258819045103 1.2100
0.4191 0.0097 -0.965925826289 0.066987298108 -0.250000000000 1.2100
0.4192 0.0097 -0.965925826289 0.066987298108 0.250000000000 1.2100
0.4192 0.0097 -0.965925826289 0.129409522551 -0.224143868042 1.2100
0.4190 0.0097 -0.965925826289 0.129409522551 0.224143868042 1.2100
0.4191 0.0097 -0.965925826289 0.183012701892 -0.183012701892 1.2100
0.4192 0.0097 -0.965925826289 0.183012701892 0.183012701892 1.2100
0.4189 0.0097 -0.965925826289 0.224143868042 -0.129409522551 1.2100
0.4189 0.0097 -0.965925826289 0.224143868042 0.129409522551 1.2100
0.4188 0.0097 -0.965925826289 0.250000000000 -0.066987298108 1.2100
0.4189 0.0097 -0.965925826289 0.250000000000 0.066987298108 1.2100
0.4189 0.0097 -0.965925826289 0.258819045103 0.000000000000 1.2100
0.4187 0.0097 -0.939692620786 -0.342020143326 0.000000000000 1.2100
0.4186 0.0097 -0.939692620786 -0.330366089549 -0.088521326901 1.2100
0.4184 0.0097 -0.939692620786 -0.330366089549 0.088521326901 1.2100
0.4186 0.0097 -0.939692620786 -0.296198132726 -0.171010071663 1.2100
0.4186 0.0097 -0.939692620786 -0.296198132726 0.171010071663 1.2100
0.4190 0.0097 -0.939692620786 -0.241844762648 -0.241844762648 1.2100
0.4190 0.0097 -0.939692620786 -0.241844762648 0.241844762648 1.2100
0.4187 0.0097 -0.939692620786 -0.171010071663 -0.296198132726 1.2100
0.4191 0.0097 -0.939692620786 -0.171010071663 0.296198132726 1.2100
0.4191 0.0097 -0.939692620786 -0.088521326901 -0.330366089549 1.2100
0.4189 0.0097 -0.939692620786 -0.088521326901 0.330366089549 1.2100
0.4190 0.0097 -0.939692620786 0.000000000000 -0.342020143326 1.2100
0.4190 0.0097 -0.939692620786 0.000000000000 0.342020143326 1.2100
0.4189 0.0097 -0.939692620786 0.088521326901 -0.330366089549 1.2100
0.4191 0.0097 -0.939692620786 0.088521326901 0.330366089549 1.2100
0.4190 0.0097 -0.939692620786 0.171010071663 -0.296198132726 1.2100
0.4187 0.0097 -0.939692620786 0.171010071663 0.296198132726 1.2100
0.4190 0.0097 -0.939692620786 0.241844762648 -0.241844762648 1.2100
0.4190 0.0097 -0.939692620786 0.241844762648 0.241844762648 1.2100
0.4186 0.0097 -0.939692620786 0.296198132726 -0.171010071663 1.2100
0.4186 0.0097 -0.939692620786 0.296198132726 0.171010071663 1.2100
0.4184 0.0097 -0.939692620786 0.330366089549 -0.088521326901 1.2100
0.4186 0.0097 -0.939692620786 0.330366089549 0.088521326901 1.2100
0.4187 0.0097 -0.939692620786 0.342020143326 0.000000000000 1.2100
0.4183 0.0097 -0.906307787037 -0.422618261741 0.000000000000 1.2100
0.4182 0.0097 -0.906307787037 -0.408217893677 -0.109381654947 1.2100
0.4178 0.0097 -0.906307787037 -0.408217893677 0.109381654947 1.2100
0.4182 0.0097 -0.906307787037 -0.365998150771 -0.211309130870 1.2100
0.4182 0.0097 -0.906307787037 -0.365998150771 0.211309130870 1.2100
0.4189 0.0097 -0.906307787037 -0.298836238730 -0.298836238730 1.2100
0.4188 0.0097 -0.906307787037 -0.298836238730 0.298836238730 1.2100
0.4183 0.0097 -0.906307787037 -0.211309130870 -0.365998150771 1.2100
0.4189 0.0097 -0.906307787037 -0.211309130870 0.365998150771 1.2100
0.4190 0.0097 -0.906307787037 -0.109381654947 -0.408217893677 1.2100
0.4187 0.0097 -0.906307787037 -0.109381654947 0.408217893677 1.2100
0.4189 0.0097 -0.906307787037 0.000000000000 0.422618261741 1.2100
0.4189 0.0097 -0.906307787037 0.000000013505 -0.422618261741 1.2100
0.4187 0.0097 -0.906307787037 0.109381654947 -0.408217893677 1.2100
0.4190 0.0097 -0.906307787037 0.109381654947 0.408217893677 1.2100
0.4189 0.0097 -0.906307787037 0.211309130870 -0.365998150771 1.2100
0.4184 0.0097 -0.906307787037 0.211309130870 0.365998150771 1.2100
0.4188 0.0097 -0.906307787037 0.298836238730 -0.298836238730 1.2100
0.4189 0.0097 -0.906307787037 0.298836238730 0.298836238730 1.2100
0.4182 0.0097 -0.906307787037 0.365998150771 -0.211309130870 1.2100
0.4182 0.0097 -0.906307787037 0.365998150771 0.211309130870 1.2100
0.4179 0.0097 -0.906307787037 0.408217893677 -0.109381654947 1.2100
0.4182 0.0097 -0.906307787037 0.408217893677 0.109381654947 1.2100
0.4183 0.0097 -0.906307787037 0.422618261741 0.000000000000 1.2100
0.4179 0.0097 -0.866025403784 -0.500000000000 0.000000000000 1.2100
0.4178 0.0097 -0.866025403784 -0.482962913145 -0.129409522551 1.2100
0.4173 0.0097 -0.866025403784 -0.482962913145 0.129409522551 1.2100
0.4178 0.0097 -0.866025403784 -0.433012701892 -0.250000000000 1.2100
0.4177 0.0097 -0.866025403784 -0.433012701892 0.250000000000 1.2100
0.4187 0.0097 -0.866025403784 -0.353553390593 -0.353553390593 1.2100
0.4186 0.0097 -0.866025403784 -0.353553390593 0.353553390593 1.2100
0.4180 0.0097 -0.866025403784 -0.250000000000 -0.433012701892 1.2100
0.4187 0.0097 -0.866025403784 -0.250000000000 0.433012701892 1.2100
0.4189 0.0097 -0.866025403784 -0.129409522551 -0.482962913145 1.2100
0.4185 0.0097 -0.866025403784 -0.129409522551 0.482962913145 1.2100
0.4187 0.0097 -0.866025403784 0.000000000000 -0.500000000000 1.2100
0.4187 0.0097 -0.866025403784 0.000000000000 0.500000000000 1.2100
0.4185 0.0097 -0.866025403784 0.129409522551 -0.482962913145 1.2100
0.4189 0.0097 -0.866025403784 0.129409522551 0.482962913145 1.2100
0.4187 0.0097 -0.866025403784 0.250000000000 -0.433012701892 1.2100
0.4180 0.0097 -0.866025403784 0.250000000000 0.433012701892 1.2100
0.4186 0.0097 -0.866025403784 0.353553390593 -0.353553390593 1.2100
0.4187 0.0097 -0.866025403784 0.353553390593 0.353553390593 1.2100
0.4177 0.0097 -0.866025403784 0.433012701892 -0.250000000000 1.2100
0.4177 0.0097 -0.866025403784 0.433012701892 0.250000000000 1.2100
0.4173 0.0097 -0.866025403784 0.482962913145 -0.129409522551 1.2100
0.4178 0.0097 -0.866025403784 0.482962913145 0.129409522551 1.2100
0.4179 0.0097 -0.866025403784 0.500000000000 0.000000000000 1.2100
0.4175 0.0097 -0.819152044289 -0.573576436351 0.000000000000 1.2100
0.4173 0.0097 -0.819152044289 -0.554032293222 -0.148452505550 1.2100
0.4166 0.0097 -0.819152044289 -0.554032293222 0.148452505550 1.2100
0.4173 0.0097 -0.819152044289 -0.496731764892 -0.286788218176 1.2100
0.4172 0.0097 -0.819152044289 -0.496731764892 0.286788218176 1.2100
0.4185 0.0097 -0.819152044289 -0.405579787673 -0.405579787673 1.2100
0.4183 0.0097 -0.819152044289 -0.405579787673 0.405579787673 1.2100
0.4175 0.0097 -0.819152044289 -0.286788218176 -0.496731764892 1.2100
0.4186 0.0097 -0.819152044289 -0.286788218176 0.496731764892 1.2100
0.4187 0.0097 -0.819152044289 -0.148452505550 -0.554032293222 1.2100
0.4182 0.0097 -0.819152044289 -0.148452505550 0.554032293222 1.2100
0.4184 0.0097 -0.819152044289 0.000000000000 -0.573576436351 1.2100
0.4185 0.0097 -0.819152044289 0.000000000000 0.573576436351 1.2100
0.4182 0.0097 -0.819152044289 0.148452505550 -0.554032293222 1.2100
0.4187 0.0097 -0.819152044289 0.148452505550 0.554032293222 1.2100
0.4185 0.0097 -0.819152044289 0.286788218176 -0.496731764892 1.2100
0.4175 0.0097 -0.819152044289 0.286788218176 0.496731764892 1.2100
0.4183 0.0097 -0.819152044289 0.405579787673 -0.405579787673 1.2100
0.4185 0.0097 -0.819152044289 0.405579787673 0.405579787673 1.2100
0.4172 0.0097 -0.819152044289 0.496731764892 -0.286788218176 1.2100
0.4172 0.0097 -0.819152044289 0.496731764892 0.286788218176 1.2100
0.4166 0.0097 -0.819152044289 0.554032293222 -0.148452505550 1.2100
0.4173 0.0097 -0.819152044289 0.554032293222 0.148452505550 1.2100
0.4175 0.0097 -0.819152044289 0.573576436351 0.000000000000 1.2100
0.4170 0.0097 -0.766044443119 -0.642787609687 0.000000000000 1.2100
0.4167 0.0097 -0.766044443119 -0.620885153015 -0.166365675343 1.2100
0.4159 0.0097 -0.766044443119 -0.620885153015 0.166365675343 1.2100
0.4167 0.0097 -0.766044443119 -0.556670399226 -0.321393804843 1.2100
0.4167 0.0097 -0.766044443119 -0.556670399226 0.321393804843 1.2100
0.4183 0.0097 -0.766044443119 -0.454519477672 -0.454519477672 1.2100
0.4181 0.0097 -0.766044443119 -0.454519477672 0.454519477672 1.2100
0.4171 0.0097 -0.766044443119 -0.321393804843 -0.556670399226 1.2100
0.4184 0.0097 -0.766044443119 -0.321393804843 0.556670399226 1.2100
0.4186 0.0097 -0.766044443119 -0.166365675343 -0.620885153015 1.2100
0.4179 0.0097 -0.766044443119 -0.166365675343 0.620885153015 1.2100
0.4182 0.0097 -0.766044443119 0.000000000000 -0.642787609687 1.2100
0.4182 0.0097 -0.766044443119 0.000000011415 0.642787609687 1.2100
0.4179 0.0097 -0.766044443119 0.166365675343 -0.620885153015 1.2100
0.4186 0.0097 -0.766044443119 0.166365675343 0.620885153015 1.2100
0.4183 0.0097 -0.766044443119 0.321393804843 -0.556670399226 1.2100
0.4171 0.0097 -0.766044443119 0.321393804843 0.556670399226 1.2100
0.4181 0.0097 -0.766044443119 0.454519477672 -0.454519477672 1.2100
0.4183 0.0097 -0.766044443119 0.454519477672 0.454519477672 1.2100
0.4167 0.0097 -0.766044443119 0.556670399226 -0.321393804843 1.2100
0.4167 0.0097 -0.766044443119 0.556670399226 0.321393804843 1.2100
0.4159 0.0097 -0.766044443119 0.620885153015 -0.166365675343 1.2100
0.4168 0.0097 -0.766044443119 0.620885153015 0.166365675343 1.2100
0.4170 0.0097 -0.766044443119 0.642787609687 0.000000000000 1.2100
0.4165 0.0097 -0.707106781187 -0.707106781187 0.000000000000 1.2100
0.4162 0.0097 -0.707106781187 -0.683012701892 -0.183012701892 1.2100
0.4152 0.0097 -0.707106781187 -0.683012701892 0.183012701892 1.2100
0.4162 0.0097 -0.707106781187 -0.612372435696 -0.353553390593 1.2100
0.4161 0.0097 -0.707106781187 -0.612372435696 0.353553390593 1.2100
0.4181 0.0097 -0.707106781187 -0.500000000000 -0.500000000000 1.2100
0.4178 0.0097 -0.707106781187 -0.500000000000 0.500000000000 1.2100
0.4166 0.0097 -0.707106781187 -0.353553390593 -0.612372435696 1.2100
0.4181 0.0097 -0.707106781187 -0.353553390593 0.612372435696 1.2100
0.4184 0.0097 -0.707106781187 -0.183012701892 -0.683012701892 1.2100
0.4176 0.0097 -0.707106781187 -0.183012701892 0.683012701892 1.2100
0.4180 0.0097 -0.707106781187 0.000000000000 -0.707106781187 1.2100
0.4180 0.0097 -0.707106781187 0.000000000000 0.707106781187 1.2100
0.4176 0.0097 -0.707106781187 0.183012701892 -0.683012701892 1.2100
0.4184 0.0097 -0.707106781187 0.183012701892 0.683012701892 1.2100
0.4181 0.0097 -0.707106781187 0.353553390593 -0.612372435696 1.2100
0.4166 0.0097 -0.707106781187 0.353553390593 0.612372435696 1.2100
0.4178 0.0097 -0.707106781187 0.500000000000 -0.500000000000 1.2100
0.4181 0.0097 -0.707106781187 0.500000000000 0.500000000000 1.2100
0.4161 0.0097 -0.707106781187 0.612372435696 -0.353553390593 1.2100
0.4162 0.0097 -0.707106781187 0.612372435696 0.353553390593 1.2100
0.4152 0.0097 -0.707106781187 0.683012701892 -0.183012701892 1.2100
0.4162 0.0097 -0.707106781187 0.683012701892 0.183012701892 1.2100
0.4165 0.0097 -0.707106781187 0.707106781187 0.000000000000 1.2100
0.4160 0.0097 -0.642787609687 -0.766044443119 0.000000000000 1.2100
0.4157 0.0097 -0.642787609687 -0.739942111694 -0.198266891274 1.2100
0.4145 0.0097 -0.642787609687 -0.739942111694 0.198266891274 1.2100
0.4156 0.0097 -0.642787609687 -0.663413948169 -0.383022221559 1.2100
0.4155 0.0097 -0.642787609687 -0.663413948169 0.383022221559 1.2100
0.4179 0.0097 -0.642787609687 -0.541675220420 -0.541675220420 1.2100
0.4175 0.0097 -0.642787609687 -0.541675220420 0.541675220420 1.2100
0.4161 0.0097 -0.642787609687 -0.383022221559 -0.663413948169 1.2100
0.4179 0.0097 -0.642787609687 -0.383022221559 0.663413948169 1.2100
0.4183 0.0097 -0.642787609687 -0.198266891274 -0.739942111694 1.2100
0.4173 0.0097 -0.642787609687 -0.198266891274 0.739942111694 1.2100
0.4178 0.0097 -0.642787609687 0.000000000000 0.766044443119 1.2100
0.4178 0.0097 -0.642787609687 0.000000009578 -0.766044443119 1.2100
0.4173 0.0097 -0.642787609687 0.198266891274 -0.739942111694 1.2100
0.4183 0.0097 -0.642787609687 0.198266891274 0.739942111694 1.2100
0.4179 0.0097 -0.642787609687 0.383022221559 -0.663413948169 1.2100
0.4161 0.0097 -0.642787609687 0.383022221559 0.663413948169 1.2100
0.4175 0.0097 -0.642787609687 0.541675220420 -0.541675220420 1.2100
0.4179 0.0097 -0.642787609687 0.541675220420 0.541675220420 1.2100
0.4155 0.0097 -0.642787609687 0.663413948169 -0.383022221559 1.2100
0.4156 0.0097 -0.642787609687 0.663413948169 0.383022221559 1.2100
0.4145 0.0097 -0.642787609687 0.739942111694 -0.198266891274 1.2100
0.4157 0.0097 -0.642787609687 0.739942111694 0.198266891274 1.2100
0.4160 0.0097 -0.642787609687 0.766044443119 0.000000000000 1.2100
0.4155 0.0097 -0.573576436351 -0.819152044289 0.000000000000 1.2100
0.4151 0.0097 -0.573576436351 -0.791240115236 -0.212012149897 1.2100
0.4138 0.0097 -0.573576436351 -0.791240115236 0.212012149897 1.2100
0.4151 0.0097 -0.573576436351 -0.709406479916 -0.409576022144 1.2100
0.4150 0.0097 -0.573576436351 -0.709406479916 0.409576022144 1.2100
0.4177 0.0097 -0.573576436351 -0.579227965340 -0.579227965340 1.2100
0.4173 0.0097 -0.573576436351 -0.579227965340 0.579227965340 1.2100
0.4157 0.0097 -0.573576436351 -0.409576022144 -0.709406479916 1.2100
0.4177 0.0097 -0.573576436351 -0.409576022144 0.709406479916 1.2100
0.4181 0.0097 -0.573576436351 -0.212012149897 -0.791240115236 1.2100
0.4170 0.0097 -0.573576436351 -0.212012149897 0.791240115236 1.2100
0.4175 0.0097 -0.573576436351 0.000000000000 -0.819152044289 1.2100
0.4175 0.0097 -0.573576436351 0.000000000000 0.819152044289 1.2100
0.4170 0.0097 -0.573576436351 0.212012149897 -0.791240115236 1.2100
0.4181 0.0097 -0.573576436351 0.212012149897 0.791240115236 1.2100
0.4177 0.0097 -0.573576436351 0.409576022144 -0.709406479916 1.2100
0.4157 0.0097 -0.573576436351 0.409576022144 0.709406479916 1.2100
0.4173 0.0097 -0.573576436351 0.579227965340 -0.579227965340 1.2100
0.4177 0.0097 -0.573576436351 0.579227965340 0.579227965340 1.2100
0.4150 0.0097 -0.573576436351 0.709406479916 -0.409576022144 1.2100
0.4151 0.0097 -0.573576436351 0.709406479916 0.409576022144 1.2100
0.4138 0.0097 -0.573576436351 0.791240115236 -0.212012149897 1.2100
0.4152 0.0097 -0.573576436351 0.791240115236 0.212012149897 1.2100
0.4155 0.0097 -0.573576436351 0.819152044289 0.000000000000 1.2100
0.4151 0.0097 -0.500000000000 -0.866025403784 0.000000000000 1.2100
0.4146 0.0097 -0.500000000000 -0.836516303738 -0.224143868042 1.2100
0.4131 0.0097 -0.500000000000 -0.836516303738 0.224143868042 1.2100
0.4146 0.0097 -0.500000000000 -0.750000000000 -0.433012701892 1.2100
0.4145 0.0097 -0.500000000000 -0.750000000000 0.433012701892 1.2100
0.4175 0.0097 -0.500000000000 -0.612372435696 -0.612372435696 1.2100
0.4170 0.0097 -0.500000000000 -0.612372435696 0.612372435696 1.2100
0.4152 0.0097 -0.500000000000 -0.433012701892 -0.750000000000 1.2100
0.4176 0.0097 -0.500000000000 -0.433012701892 0.750000000000 1.2100
0.4180 0.0097 -0.500000000000 -0.224143868042 -0.836516303738 1.2100
0.4167 0.0097 -0.500000000000 -0.224143868042 0.836516303738 1.2100
0.4173 0.0097 -0.500000000000 0.000000000000 -0.866025403784 1.2100
0.4173 0.0097 -0.500000000000 0.000000000000 0.866025403784 1.2100
0.4167 0.0097 -0.500000000000 0.224143868042 -0.836516303738 1.2100
0.4180 0.0097 -0.500000000000 0.224143868042 0.836516303738 1.2100
0.4175 0.0097 -0.500000000000 0.433012701892 -0.750000000000 1.2100
0.4152 0.0097 -0.500000000000 0.433012701892 0.750000000000 1.2100
0.4170 0.0097 -0.500000000000 0.612372435696 -0.612372435696 1.2100
0.4175 0.0097 -0.500000000000 0.612372435696 0.612372435696 1.2100
0.4145 0.0097 -0.500000000000 0.750000000000 -0.433012701892 1.2100
0.4146 0.0097 -0.500000000000 0.750000000000 0.433012701892 1.2100
0.4132 0.0097 -0.500000000000 0.836516303738 -0.224143868042 1.2100
0.4147 0.0097 -0.500000000000 0.836516303738 0.224143868042 1.2100
0.4151 0.0097 -0.500000000000 0.866025403784 0.000000000000 1.2100
0.4147 0.0097 -0.422618261741 -0.906307787037 0.000000000000 1.2100
0.4142 0.0097 -0.422618261741 -0.875426098066 -0.234569716010 1.2100
0.4126 0.0097 -0.422618261741 -0.875426098066 0.234569716010 1.2100
0.4141 0.0097 -0.422618261741 -0.784885567221 -0.453153893518 1.2100
0.4140 0.0097 -0.422618261741 -0.784885567221 0.453153893518 1.2100
0.4174 0.0097 -0.422618261741 -0.640856382056 -0.640856382056 1.2100
0.4168 0.0097 -0.422618261741 -0.640856382056 0.640856382056 1.2100
0.4148 0.0097 -0.422618261741 -0.453153893518 -0.784885567221 1.2100
0.4174 0.0097 -0.422618261741 -0.453153893518 0.784885567221 1.2100
0.4179 0.0097 -0.422618261741 -0.234569716010 -0.875426098066 1.2100
0.4165 0.0097 -0.422618261741 -0.234569716010 0.875426098066 1.2100
0.4171 0.0097 -0.422618261741 -0.000000000000 -0.906307787037 1.2100
0.4171 0.0097 -0.422618261741 0.000000006298 0.906307787037 1.2100
0.4165 0.0097 -0.422618261741 0.234569716010 -0.875426098066 1.2100
0.4179 0.0097 -0.422618261741 0.234569716010 0.875426098066 1.2100
0.4174 0.0097 -0.422618261741 0.453153893518 -0.784885567221 1.2100
0.4148 0.0097 -0.422618261741 0.453153893518 0.784885567221 1.2100
0.4168 0.0097 -0.422618261741 0.640856382056 -0.640856382056 1.2100
0.4174 0.0097 -0.422618261741 0.640856382056 0.640856382056 1.2100
0.4140 0.0097 -0.422618261741 0.784885567221 -0.453153893518 1.2100
0.4141 0.0097 -0.422618261741 0.784885567221 0.453153893518 1.2100
0.4126 0.0097 -0.422618261741 0.875426098066 -0.234569716010 1.2100
0.4142 0.0097 -0.422618261741 0.875426098066 0.234569716010 1.2100
0.4147 0.0097 -0.422618261741 0.906307787037 0.000000000000 1.2100
0.4143 0.0097 -0.342020143326 -0.939692620786 0.000000000000 1.2100
0.4138 0.0097 -0.342020143326 -0.907673371190 -0.243210346802 1.2100
0.4120 0.0097 -0.342020143326 -0.907673371190 0.243210346802 1.2100
0.4138 0.0097 -0.342020143326 -0.813797681349 -0.469846310393 1.2100
0.4136 0.0097 -0.342020143326 -0.813797681349 0.469846310393 1.2100
0.4172 0.0097 -0.342020143326 -0.664463024389 -0.664463024389 1.2100
0.4166 0.0097 -0.342020143326 -0.664463024389 0.664463024389 1.2100
0.4145 0.0097 -0.342020143326 -0.469846310393 -0.813797681349 1.2100
0.4172 0.0097 -0.342020143326 -0.469846310393 0.813797681349 1.2100
0.4178 0.0097 -0.342020143326 -0.243210346802 -0.907673371190 1.2100
0.4162 0.0097 -0.342020143326 -0.243210346802 0.907673371190 1.2100
0.4170 0.0097 -0.342020143326 -0.000000007208 -0.939692620786 1.2100
0.4170 0.0097 -0.342020143326 0.000000000000 0.939692620786 1.2100
0.4162 0.0097 -0.342020143326 0.243210346802 -0.907673371190 1.2100
0.4178 0.0097 -0.342020143326 0.243210346802 0.907673371190 1.2100
0.4172 0.0097 -0.342020143326 0.469846310393 -0.813797681349 1.2100
0.4145 0.0097 -0.342020143326 0.469846310393 0.813797681349 1.2100
0.4166 0.0097 -0.342020143326 0.664463024389 -0.664463024389 1.2100
0.4172 0.0097 -0.342020143326 0.664463024389 0.664463024389 1.2100
0.4136 0.0097 -0.342020143326 0.813797681349 -0.469846310393 1.2100
0.4137 0.0097 -0.342020143326 0.813797681349 0.469846310393 1.2100
0.4121 0.0097 -0.342020143326 0.907673371190 -0.243210346802 1.2100
0.4138 0.0097 -0.342020143326 0.907673371190 0.243210346802 1.2100
0.4143 0.0097 -0.342020143326 0.939692620786 0.000000000000 1.2100
0.4140 0.0097 -0.258819045103 -0.965925826289 0.000000000000 1.2100
0.4135 0.0097 -0.258819045103 -0.933012701892 -0.250000000000 1.2100
0.4116 0.0097 -0.258819045103 -0.933012701892 0.250000000000 1.2100
0.4134 0.0097 -0.258819045103 -0.836516303738 -0.482962913145 1.2100
0.4133 0.0097 -0.258819045103 -0.836516303738 0.482962913145 1.2100
0.4171 0.0097 -0.258819045103 -0.683012701892 -0.683012701892 1.2100
0.4165 0.0097 -0.258819045103 -0.683012701892 0.683012701892 1.2100
0.4142 0.0097 -0.258819045103 -0.482962913145 -0.836516303738 1.2100
0.4171 0.0097 -0.258819045103 -0.482962913145 0.836516303738 1.2100
0.4177 0.0097 -0.258819045103 -0.250000000000 -0.933012701892 1.2100
0.4161 0.0097 -0.258819045103 -0.250000000000 0.933012701892 1.2100
0.4168 0.0097 -0.258819045103 -0.000000003857 -0.965925826289 1.2100
0.4168 0.0097 -0.258819045103 0.000000000000 0.965925826289 1.2100
0.4161 0.0097 -0.258819045103 0.250000000000 -0.933012701892 1.2100
0.4177 0.0097 -0.258819045103 0.250000000000 0.933012701892 1.2100
0.4171 0.0097 -0.258819045103 0.482962913145 -0.836516303738 1.2100
0.4142 0.0097 -0.258819045103 0.482962913145 0.836516303738 1.2100
0.4165 0.0097 -0.258819045103 0.683012701892 -0.683012701892 1.2100
0.4171 0.0097 -0.258819045103 0.683012701892 0.683012701892 1.2100
0.4133 0.0097 -0.258819045103 0.836516303738 -0.482962913145 1.2100
0.4134 0.0097 -0.258819045103 0.836516303738 0.482962913145 1.2100
0.4116 0.0097 -0.258819045103 0.933012701892 -0.250000000000 1.2100
0.4135 0.0097 -0.258819045103 0.933012701892 0.250000000000 1.2100
0.4140 0.0097 -0.258819045103 0.965925826289 0.000000000000 1.2100
0.4138 0.0097 -0.173648177667 -0.984807753012 0.000000000000 1.2100
0.4133 0.0097 -0.173648177667 -0.951251242564 -0.254887002244 1.2100
0.4113 0.0097 -0.173648177667 -0.951251242564 0.254887002244 1.2100
0.4132 0.0097 -0.173648177667 -0.852868531952 -0.492403876506 1.2100
0.4131 0.0097 -0.173648177667 -0.852868531952 0.492403876506 1.2100
0.4170 0.0097 -0.173648177667 -0.696364240320 -0.696364240320 1.2100
0.4163 0.0097 -0.173648177667 -0.696364240320 0.696364240320 1.2100
0.4140 0.0097 -0.173648177667 -0.492403876506 -0.852868531952 1.2100
0.4170 0.0097 -0.173648177667 -0.492403876506 0.852868531952 1.2100
0.4176 0.0097 -0.173648177667 -0.254887002244 -0.951251242564 1.2100
0.4159 0.0097 -0.173648177667 -0.254887002244 0.951251242564 1.2100
0.4167 0.0097 -0.173648177667 -0.000000000000 -0.984807753012 1.2100
0.4167 0.0097 -0.173648177667 0.000000000000 0.984807753012 1.2100
0.4159 0.0097 -0.173648177667 0.254887002244 -0.951251242564 1.2100
0.4176 0.0097 -0.173648177667 0.254887002244 0.951251242564 1.2100
0.4170 0.0097 -0.173648177667 0.492403876506 -0.852868531952 1.2100
0.4140 0.0097 -0.173648177667 0.492403876506 0.852868531952 1.2100
0.4163 0.0097 -0.173648177667 0.696364240320 -0.696364240320 1.2100
0.4170 0.0097 -0.173648177667 0.696364240320 0.696364240320 1.2100
0.4131 0.0097 -0.173648177667 0.852868531952 -0.492403876506 1.2100
0.4132 0.0097 -0.173648177667 0.852868531952 0.492403876506 1.2100
0.4113 0.0097 -0.173648177667 0.951251242564 -0.254887002244 1.2100
0.4133 0.0097 -0.173648177667 0.951251242564 0.254887002244 1.2100
0.4138 0.0097 -0.173648177667 0.984807753012 0.000000000000 1.2100
0.4137 0.0097 -0.087155742748 -0.996194698092 0.000000000000 1.2100
0.4131 0.0097 -0.087155742748 -0.962250186899 -0.257834160496 1.2100
0.4112 0.0097 -0.087155742748 -0.962250186899 0.257834160496 1.2100
0.4131 0.0097 -0.087155742748 -0.862729915663 -0.498097349046 1.2100
0.4129 0.0097 -0.087155742748 -0.862729915663 0.498097349046 1.2100
0.4169 0.0097 -0.087155742748 -0.704416026403 -0.704416026403 1.2100
0.4163 0.0097 -0.087155742748 -0.704416026403 0.704416026403 1.2100
0.4139 0.0097 -0.087155742748 -0.498097349046 -0.862729915663 1.2100
0.4170 0.0097 -0.087155742748 -0.498097349046 0.862729915663 1.2100
0.4176 0.0097 -0.087155742748 -0.257834160496 -0.962250186899 1.2100
0.4159 0.0097 -0.087155742748 -0.257834160496 0.962250186899 1.2100
0.4167 0.0097 -0.087155742748 -0.000000000000 -0.996194698092 1.2100
0.4167 0.0097 -0.087155742748 0.000000000000 0.996194698092 1.2100
0.4159 0.0097 -0.087155742748 0.257834160496 -0.962250186899 1.2100
0.4176 0.0097 -0.087155742748 0.257834160496 0.962250186899 1.2100
0.4170 0.0097 -0.087155742748 0.498097349046 -0.862729915663 1.2100
0.4139 0.0097 -0.087155742748 0.498097349046 0.862729915663 1.2100
0.4163 0.0097 -0.087155742748 0.704416026403 -0.704416026403 1.2100
0.4169 0.0097 -0.087155742748 0.704416026403 0.704416026403 1.2100
0.4129 0.0097 -0.087155742748 0.862729915663 -0.498097349046 1.2100
0.4131 0.0097 -0.087155742748 0.862729915663 0.498097349046 1.2100
0.4112 0.0097 -0.087155742748 0.962250186899 -0.257834160496 1.2100
0.4131 0.0097 -0.087155742748 0.962250186899 0.257834160496 1.2100
0.4137 0.0097 -0.087155742748 0.996194698092 0.000000000000 1.2100
0.4136 0.0097 0.000000000000 -1.000000000000 0.000000000000 1.2100
0.4131 0.0097 0.000000000000 -0.965925826289 -0.258819045103 1.2100
0.4111 0.0097 0.000000000000 -0.965925826289 0.258819045103 1.2100
0.4130 0.0097 0.000000000000 -0.866025403784 -0.500000000000 1.2100
0.4129 0.0097 0.000000000000 -0.866025403784 0.500000000000 1.2100
0.4169 0.0097 0.000000000000 -0.707106781187 -0.707106781187 1.2100
0.4162 0.0097 0.000000000000 -0.707106781187 0.707106781187 1.2100
0.4139 0.0097 0.000000000000 -0.500000000000 -0.866025403784 1.2100
0.4170 0.0097 0.000000000000 -0.500000000000 0.866025403784 1.2100
0.4176 0.0097 0.000000000000 -0.258819045103 -0.965925826289 1.2100
0.4158 0.0097 0.000000000000 -0.258819045103 0.965925826289 1.2100
0.4167 0.0097 0.000000000000 0.000000000000 -1.000000000000 1.2100
0.4167 0.0097 0.000000000000 0.000000000000 1.000000000000 1.2100
0.4158 0.0097 0.000000000000 0.258819045103 -0.965925826289 1.2100
0.4176 0.0097 0.000000000000 0.258819045103 0.965925826289 1.2100
0.4170 0.0097 0.000000000000 0.500000000000 -0.866025403784 1.2100
0.4139 0.0097 0.000000000000 0.500000000000 0.866025403784 1.2100
0.4162 0.0097 0.000000000000 0.707106781187 -0.707106781187 1.2100
0.4169 0.0097 0.000000000000 0.707106781187 0.707106781187 1.2100
0.4129 0.0097 0.000000000000 0.866025403784 -0.500000000000 1.2100
0.4130 0.0097 0.000000000000 0.866025403784 0.500000000000 1.2100
0.4111 0.0097 0.000000000000 0.965925826289 -0.258819045103 1.2100
0.4131 0.0097 0.000000000000 0.965925826289 0.258819045103 1.2100
0.4136 0.0097 0.000000000000 1.000000000000 0.000000000000 1.2100
0.4137 0.0097 0.087155742748 -0.996194698092 0.000000000000 1.2100
0.4131 0.0097 0.087155742748 -0.962250186899 -0.257834160496 1.2100
0.4112 0.0097 0.087155742748 -0.962250186899 0.257834160496 1.2100
0.4131 0.0097 0.087155742748 -0.862729915663 -0.498097349046 1.2100
0.4129 0.0097 0.087155742748 -0.862729915663 0.498097349046 1.2100
0.4169 0.0097 0.087155742748 -0.704416026403 -0.704416026403 1.2100
0.4163 0.0097 0.087155742748 -0.704416026403 0.704416026403 1.2100
0.4139 0.0097 0.087155742748 -0.498097349046 -0.862729915663 1.2100
0.4170 0.0097 0.087155742748 -0.498097349046 0.862729915663 1.2100
0.4176 0.0097 0.087155742748 -0.257834160496 -0.962250186899 1.2100
0.4159 0.0097 0.087155742748 -0.257834160496 0.962250186899 1.2100
0.4167 0.0097 0.087155742748 0.000000000000 -0.996194698092 1.2100
0.4167 0.0097 0.087155742748 0.000000000000 0.996194698092 1.2100
0.4159 0.0097 0.087155742748 0.257834160496 -0.962250186899 1.2100
0.4176 0.0097 0.087155742748 0.257834160496 0.962250186899 1.2100
0.4170 0.0097 0.087155742748 0.498097349046 -0.862729915663 1.2100
0.4139 0.0097 0.087155742748 0.498097349046 0.862729915663 1.2100
0.4163 0.0097 0.087155742748 0.704416026403 -0.704416026403 1.2100
0.4169 0.0097 0.087155742748 0.704416026403 0.704416026403 1.2100
0.4129 0.0097 0.087155742748 0.862729915663 -0.498097349046 1.2100
0.4131 0.0097 0.087155742748 0.862729915663 0.498097349046 1.2100
0.4112 0.0097 0.087155742748 0.962250186899 -0.257834160496 1.2100
0.4131 0.0097 0.087155742748 0.962250186899 0.257834160496 1.2100
0.4137 0.0097 0.087155742748 0.996194698092 0.000000000000 1.2100
0.4138 0.0097 0.173648177667 -0.984807753012 0.000000000000 1.2100
0.4133 0.0097 0.173648177667 -0.951251242564 -0.254887002244 1.2100
0.4113 0.0097 0.173648177667 -0.951251242564 0.254887002244 1.2100
0.4132 0.0097 0.173648177667 -0.852868531952 -0.492403876506 1.2100
0.4131 0.0097 0.173648177667 -0.852868531952 0.492403876506 1.2100
0.4170 0.0097 0.173648177667 -0.696364240320 -0.696364240320 1.2100
0.4163 0.0097 0.173648177667 -0.696364240320 0.696364240320 1.2100
0.4140 0.0097 0.173648177667 -0.492403876506 -0.852868531952 1.2100
0.4170 0.0097 0.173648177667 -0.492403876506 0.852868531952 1.2100
0.4176 0.0097 0.173648177667 -0.254887002244 -0.951251242564 1.2100
0.4159 0.0097 0.173648177667 -0.254887002244 0.951251242564 1.2100
0.4167 0.0097 0.173648177667 0.000000000000 -0.984807753012 1.2100
0.4167 0.0097 0.173648177667 0.000000000000 0.984807753012 1.2100
0.4159 0.0097 0.173648177667 0.254887002244 -0.951251242564 1.2100
0.4176 0.0097 0.173648177667 0.254887002244 0.951251242564 1.2100
0.4170 0.0097 0.173648177667 0.492403876506 -0.852868531952 1.2100
0.4140 0.0097 0.173648177667 0.492403876506 0.852868531952 1.2100
0.4163 0.0097 0.173648177667 0.696364240320 -0.696364240320 1.2100
0.4170 0.0097 0.173648177667 0.696364240320 0.696364240320 1.2100
0.4131 0.0097 0.173648177667 0.852868531952 -0.492403876506 1.2100
0.4132 0.0097 0.173648177667 0.852868531952 0.492403876506 1.2100
0.4113 0.0097 0.173648177667 0.951251242564 -0.254887002244 1.2100
0.4133 0.0097 0.173648177667 0.951251242564 0.254887002244 1.2100
0.4138 0.0097 0.173648177667 0.984807753012 0.000000000000 1.2100
0.4140 0.0097 0.258819045103 -0.965925826289 0.000000000000 1.2100
0.4135 0.0097 0.258819045103 -0.933012701892 -0.250000000000 1.2100
0.4116 0.0097 0.258819045103 -0.933012701892 0.250000000000 1.2100
0.4134 0.0097 0.258819045103 -0.836516303738 -0.482962913145 1.2100
0.4133 0.0097 0.258819045103 -0.836516303738 0.482962913145 1.2100
0.4171 0.0097 0.258819045103 -0.683012701892 -0.683012701892 1.2100
0.4165 0.0097 0.258819045103 -0.683012701892 0.683012701892 1.2100
0.4142 0.0097 0.258819045103 -0.482962913145 -0.836516303738 1.2100
0.4171 0.0097 0.258819045103 -0.482962913145 0.836516303738 1.2100
0.4177 0.0097 0.258819045103 -0.250000000000 -0.933012701892 1.2100
0.4161 0.0097 0.258819045103 -0.250000000000 0.933012701892 1.2100
0.4168 0.0097 0.258819045103 0.000000000000 -0.965925826289 1.2100
0.4168 0.0097 0.258819045103 0.000000003857 0.965925826289 1.2100
0.4161 0.0097 0.258819045103 0.250000000000 -0.933012701892 1.2100
0.4177 0.0097 0.258819045103 0.250000000000 0.933012701892 1.2100
0.4171 0.0097 0.258819045103 0.482962913145 -0.836516303738 1.2100
0.4142 0.0097 0.258819045103 0.482962913145 0.836516303738 1.2100
0.4165 0.0097 0.258819045103 0.683012701892 -0.683012701892 1.2100
0.4171 0.0097 0.258819045103 0.683012701892 0.683012701892 1.2100
0.4133 0.0097 0.258819045103 0.836516303738 -0.482962913145 1.2100
0.4134 0.0097 0.258819045103 0.836516303738 0.482962913145 1.2100
0.4116 0.0097 0.258819045103 0.933012701892 -0.250000000000 1.2100
0.4135 0.0097 0.258819045103 0.933012701892 0.250000000000 1.2100
0.4140 0.0097 0.258819045103 0.965925826289 0.000000000000 1.2100
0.4143 0.0097 0.342020143326 -0.939692620786 0.000000000000 1.2100
0.4138 0.0097 0.342020143326 -0.907673371190 -0.243210346802 1.2100
0.4121 0.0097 0.342020143326 -0.907673371190 0.243210346802 1.2100
0.4137 0.0097 0.342020143326 -0.813797681349 -0.469846310393 1.2100
0.4136 0.0097 0.342020143326 -0.813797681349 0.469846310393 1.2100
0.4172 0.0097 0.342020143326 -0.664463024389 -0.664463024389 1.2100
0.4166 0.0097 0.342020143326 -0.664463024389 0.664463024389 1.2100
0.4145 0.0097 0.342020143326 -0.469846310393 -0.813797681349 1.2100
0.4172 0.0097 0.342020143326 -0.469846310393 0.813797681349 1.2100
0.4178 0.0097 0.342020143326 -0.243210346802 -0.907673371190 1.2100
0.4162 0.0097 0.342020143326 -0.243210346802 0.907673371190 1.2100
0.4170 0.0097 0.342020143326 0.000000000000 -0.939692620786 1.2100
0.4170 0.0097 0.342020143326 0.000000007208 0.939692620786 1.2100
0.4162 0.0097 0.342020143326 0.243210346802 -0.907673371190 1.2100
0.4178 0.0097 0.342020143326 0.243210346802 0.907673371190 1.2100
0.4172 0.0097 0.342020143326 0.469846310393 -0.813797681349 1.2100
0.4145 0.0097 0.342020143326 0.469846310393 0.813797681349 1.2100
0.4166 0.0097 0.342020143326 0.664463024389 -0.664463024389 1.2100
0.4172 0.0097 0.342020143326 0.664463024389 0.664463024389 1.2100
0.4136 0.0097 0.342020143326 0.813797681349 -0.469846310393 1.2100
0.4138 0.0097 0.342020143326 0.813797681349 0.469846310393 1.2100
0.4120 0.0097 0.342020143326 0.907673371190 -0.243210346802 1.2100
0.4138 0.0097 0.342020143326 0.907673371190 0.243210346802 1.2100
0.4143 0.0097 0.342020143326 0.939692620786 0.000000000000 1.2100
0.4147 0.0097 0.422618261741 -0.906307787037 0.000000000000 1.2100
0.4142 0.0097 0.422618261741 -0.875426098066 -0.234569716010 1.2100
0.4126 0.0097 0.422618261741 -0.875426098066 0.234569716010 1.2100
0.4141 0.0097 0.422618261741 -0.784885567221 -0.453153893518 1.2100
0.4140 0.0097 0.422618261741 -0.784885567221 0.453153893518 1.2100
0.4174 0.0097 0.422618261741 -0.640856382056 -0.640856382056 1.2100
0.4168 0.0097 0.422618261741 -0.640856382056 0.640856382056 1.2100
0.4148 0.0097 0.422618261741 -0.453153893518 -0.784885567221 1.2100
0.4174 0.0097 0.422618261741 -0.453153893518 0.784885567221 1.2100
0.4179 0.0097 0.422618261741 -0.234569716010 -0.875426098066 1.2100
0.4165 0.0097 0.422618261741 -0.234569716010 0.875426098066 1.2100
0.4171 0.0097 0.422618261741 -0.000000006298 -0.906307787037 1.2100
0.4171 0.0097 0.422618261741 0.000000000000 0.906307787037 1.2100
0.4165 0.0097 0.422618261741 0.234569716010 -0.875426098066 1.2100
0.4179 0.0097 0.422618261741 0.234569716010 0.875426098066 1.2100
0.4174 0.0097 0.422618261741 0.453153893518 -0.784885567221 1.2100
0.4148 0.0097 0.422618261741 0.453153893518 0.784885567221 1.2100
0.4168 0.0097 0.422618261741 0.640856382056 -0.640856382056 1.2100
0.4174 0.0097 0.422618261741 0.640856382056 0.640856382056 1.2100
0.4140 0.0097 0.422618261741 0.784885567221 -0.453153893518 1.2100
0.4141 0.0097 0.422618261741 0.784885567221 0.453153893518 1.2100
0.4126 0.0097 0.422618261741 0.875426098066 -0.234569716010 1.2100
0.4142 0.0097 0.422618261741 0.875426098066 0.234569716010 1.2100
0.4147 0.0097 0.422618261741 0.906307787037 0.000000000000 1.2100
0.4151 0.0097 0.500000000000 -0.866025403784 0.000000000000 1.2100
0.4147 0.0097 0.500000000000 -0.836516303738 -0.224143868042 1.2100
0.4132 0.0097 0.500000000000 -0.836516303738 0.224143868042 1.2100
0.4146 0.0097 0.500000000000 -0.750000000000 -0.433012701892 1.2100
0.4145 0.0097 0.500000000000 -0.750000000000 0.433012701892 1.2100
0.4175 0.0097 0.500000000000 -0.612372435696 -0.612372435696 1.2100
0.4170 0.0097 0.500000000000 -0.612372435696 0.612372435696 1.2100
0.4152 0.0097 0.500000000000 -0.433012701892 -0.750000000000 1.2100
0.4175 0.0097 0.500000000000 -0.433012701892 0.750000000000 1.2100
0.4180 0.0097 0.500000000000 -0.224143868042 -0.836516303738 1.2100
0.4167 0.0097 0.500000000000 -0.224143868042 0.836516303738 1.2100
0.4173 0.0097 0.500000000000 0.000000000000 -0.866025403784 1.2100
0.4173 0.0097 0.500000000000 0.000000000000 0.866025403784 1.2100
0.4167 0.0097 0.500000000000 0.224143868042 -0.836516303738 1.2100
0.4180 0.0097 0.500000000000 0.224143868042 0.836516303738 1.2100
0.4176 0.0097 0.500000000000 0.433012701892 -0.750000000000 1.2100
0.4152 0.0097 0.500000000000 0.433012701892 0.750000000000 1.2100
0.4170 0.0097 0.500000000000 0.612372435696 -0.612372435696 1.2100
0.4175 0.0097 0.500000000000 0.612372435696 0.612372435696 1.2100
0.4145 0.0097 0.500000000000 0.750000000000 -0.433012701892 1.2100
0.4146 0.0097 0.500000000000 0.750000000000 0.433012701892 1.2100
0.4131 0.0097 0.500000000000 0.836516303738 -0.224143868042 1.2100
0.4146 0.0097 0.500000000000 0.836516303738 0.224143868042 1.2100
0.4151 0.0097 0.500000000000 0.866025403784 0.000000000000 1.2100
0.4155 0.0097 0.573576436351 -0.819152044289 0.000000000000 1.2100
0.4152 0.0097 0.573576436351 -0.791240115236 -0.212012149897 1.2100
0.4138 0.0097 0.573576436351 -0.791240115236 0.212012149897 1.2100
0.4151 0.0097 0.573576436351 -0.709406479916 -0.409576022144 1.2100
0.4150 0.0097 0.573576436351 -0.709406479916 0.409576022144 1.2100
0.4177 0.0097 0.573576436351 -0.579227965340 -0.579227965340 1.2100
0.4173 0.0097 0.573576436351 -0.579227965340 0.579227965340 1.2100
0.4157 0.0097 0.573576436351 -0.409576022144 -0.709406479916 1.2100
0.4177 0.0097 0.573576436351 -0.409576022144 0.709406479916 1.2100
0.4181 0.0097 0.573576436351 -0.212012149897 -0.791240115236 1.2100
0.4170 0.0097 0.573576436351 -0.212012149897 0.791240115236 1.2100
0.4175 0.0097 0.573576436351 0.000000000000 -0.819152044289 1.2100
0.4175 0.0097 0.573576436351 0.000000000000 0.819152044289 1.2100
0.4170 0.0097 0.573576436351 0.212012149897 -0.791240115236 1.2100
0.4181 0.0097 0.573576436351 0.212012149897 0.791240115236 1.2100
0.4177 0.0097 0.573576436351 0.409576022144 -0.709406479916 1.2100
0.4157 0.0097 0.573576436351 0.409576022144 0.709406479916 1.2100
0.4173 0.0097 0.573576436351 0.579227965340 -0.579227965340 1.2100
0.4177 0.0097 0.573576436351 0.579227965340 0.579227965340 1.2100
0.4150 0.0097 0.573576436351 0.709406479916 -0.409576022144 1.2100
0.4151 0.0097 0.573576436351 0.709406479916 0.409576022144 1.2100
0.4138 0.0097 0.573576436351 0.791240115236 -0.212012149897 1.2100
0.4151 0.0097 0.573576436351 0.791240115236 0.212012149897 1.2100
0.4155 0.0097 0.573576436351 0.819152044289 0.000000000000 1.2100
0.4160 0.0097 0.642787609687 -0.766044443119 0.000000000000 1.2100
0.4157 0.0097 0.642787609687 -0.739942111694 -0.198266891274 1.2100
0.4145 0.0097 0.642787609687 -0.739942111694 0.198266891274 1.2100
0.4156 0.0097 0.642787609687 -0.663413948169 -0.383022221559 1.2100
0.4155 0.0097 0.642787609687 -0.663413948169 0.383022221559 1.2100
0.4179 0.0097 0.642787609687 -0.541675220420 -0.541675220420 1.2100
0.4175 0.0097 0.642787609687 -0.541675220420 0.541675220420 1.2100
0.4161 0.0097 0.642787609687 -0.383022221559 -0.663413948169 1.2100
0.4179 0.0097 0.642787609687 -0.383022221559 0.663413948169 1.2100
0.4183 0.0097 0.642787609687 -0.198266891274 -0.739942111694 1.2100
0.4173 0.0097 0.642787609687 -0.198266891274 0.739942111694 1.2100
0.4178 0.0097 0.642787609687 -0.000000009578 0.766044443119 1.2100
0.4178 0.0097 0.642787609687 0.000000000000 -0.766044443119 1.2100
0.4173 0.0097 0.642787609687 0.198266891274 -0.739942111694 1.2100
0.4183 0.0097 0.642787609687 0.198266891274 0.739942111694 1.2100
0.4179 0.0097 0.642787609687 0.383022221559 -0.663413948169 1.2100
0.4161 0.0097 0.642787609687 0.383022221559 0.663413948169 1.2100
0.4175 0.0097 0.642787609687 0.541675220420 -0.541675220420 1.2100
0.4179 0.0097 0.642787609687 0.541675220420 0.541675220420 1.2100
0.4155 0.0097 0.642787609687 0.663413948169 -0.383022221559 1.2100
0.4156 0.0097 0.642787609687 0.663413948169 0.383022221559 1.2100
0.4145 0.0097 0.642787609687 0.739942111694 -0.198266891274 1.2100
0.4157 0.0097 0.642787609687 0.739942111694 0.198266891274 1.2100
0.4160 0.0097 0.642787609687 0.766044443119 0.000000000000 1.2100
0.4165 0.0097 0.707106781187 -0.707106781187 0.000000000000 1.2100
0.4162 0.0097 0.707106781187 -0.683012701892 -0.183012701892 1.2100
0.4152 0.0097 0.707106781187 -0.683012701892 0.183012701892 1.2100
0.4162 0.0097 0.707106781187 -0.612372435696 -0.353553390593 1.2100
0.4161 0.0097 0.707106781187 -0.612372435696 0.353553390593 1.2100
0.4181 0.0097 0.707106781187 -0.500000000000 -0.500000000000 1.2100
0.4178 0.0097 0.707106781187 -0.500000000000 0.500000000000 1.2100
0.4166 0.0097 0.707106781187 -0.353553390593 -0.612372435696 1.2100
0.4181 0.0097 0.707106781187 -0.353553390593 0.612372435696 1.2100
0.4184 0.0097 0.707106781187 -0.183012701892 -0.683012701892 1.2100
0.4176 0.0097 0.707106781187 -0.183012701892 0.683012701892 1.2100
0.4180 0.0097 0.707106781187 0.000000000000 -0.707106781187 1.2100
0.4180 0.0097 0.707106781187 0.000000000000 0.707106781187 1.2100
0.4176 0.0097 0.707106781187 0.183012701892 -0.683012701892 1.2100
0.4184 0.0097 0.707106781187 0.183012701892 0.683012701892 1.2100
0.4181 0.0097 0.707106781187 0.353553390593 -0.612372435696 1.2100
0.4166 0.0097 0.707106781187 0.353553390593 0.612372435696 1.2100
0.4178 0.0097 0.707106781187 0.500000000000 -0.500000000000 1.2100
0.4181 0.0097 0.707106781187 0.500000000000 0.500000000000 1.2100
0.4161 0.0097 0.707106781187 0.612372435696 -0.353553390593 1.2100
0.4162 0.0097 0.707106781187 0.612372435696 0.353553390593 1.2100
0.4152 0.0097 0.707106781187 0.683012701892 -0.183012701892 1.2100
0.4162 0.0097 0.707106781187 0.683012701892 0.183012701892 1.2100
0.4165 0.0097 0.707106781187 0.707106781187 0.000000000000 1.2100
0.4170 0.0097 0.766044443119 -0.642787609687 0.000000000000 1.2100
0.4168 0.0097 0.766044443119 -0.620885153015 -0.166365675343 1.2100
0.4159 0.0097 0.766044443119 -0.620885153015 0.166365675343 1.2100
0.4167 0.0097 0.766044443119 -0.556670399226 -0.321393804843 1.2100
0.4167 0.0097 0.766044443119 -0.556670399226 0.321393804843 1.2100
0.4183 0.0097 0.766044443119 -0.454519477672 -0.454519477672 1.2100
0.4181 0.0097 0.766044443119 -0.454519477672 0.454519477672 1.2100
0.4171 0.0097 0.766044443119 -0.321393804843 -0.556670399226 1.2100
0.4183 0.0097 0.766044443119 -0.321393804843 0.556670399226 1.2100
0.4186 0.0097 0.766044443119 -0.166365675343 -0.620885153015 1.2100
0.4179 0.0097 0.766044443119 -0.166365675343 0.620885153015 1.2100
0.4182 0.0097 0.766044443119 -0.000000011415 -0.642787609687 1.2100
0.4182 0.0097 0.766044443119 0.000000000000 0.642787609687 1.2100
0.4179 0.0097 0.766044443119 0.166365675343 -0.620885153015 1.2100
0.4186 0.0097 0.766044443119 0.166365675343 0.620885153015 1.2100
0.4184 0.0097 0.766044443119 0.321393804843 -0.556670399226 1.2100
0.4171 0.0097 0.766044443119 0.321393804843 0.556670399226 1.2100
0.4181 0.0097 0.766044443119 0.454519477672 -0.454519477672 1.2100
0.4183 0.0097 0.766044443119 0.454519477672 0.454519477672 1.2100
0.4167 0.0097 0.766044443119 0.556670399226 -0.321393804843 1.2100
0.4167 0.0097 0.766044443119 0.556670399226 0.321393804843 1.2100
0.4159 0.0097 0.766044443119 0.620885153015 -0.166365675343 1.2100
0.4167 0.0097 0.766044443119 0.620885153015 0.166365675343 1.2100
0.4170 0.0097 0.766044443119 0.642787609687 0.000000000000 1.2100
0.4175 0.0097 0.819152044289 -0.573576436351 0.000000000000 1.2100
0.4173 0.0097 0.819152044289 -0.554032293222 -0.148452505550 1.2100
0.4166 0.0097 0.819152044289 -0.554032293222 0.148452505550 1.2100
0.4172 0.0097 0.819152044289 -0.496731764892 -0.286788218176 1.2100
0.4172 0.0097 0.819152044289 -0.496731764892 0.286788218176 1.2100
0.4185 0.0097 0.819152044289 -0.405579787673 -0.405579787673 1.2100
0.4183 0.0097 0.819152044289 -0.405579787673 0.405579787673 1.2100
0.4175 0.0097 0.819152044289 -0.286788218176 -0.496731764892 1.2100
0.4185 0.0097 0.819152044289 -0.286788218176 0.496731764892 1.2100
0.4187 0.0097 0.819152044289 -0.148452505550 -0.554032293222 1.2100
0.4182 0.0097 0.819152044289 -0.148452505550 0.554032293222 1.2100
0.4185 0.0097 0.819152044289 0.000000000000 -0.573576436351 1.2100
0.4184 0.0097 0.819152044289 0.000000000000 0.573576436351 1.2100
0.4182 0.0097 0.819152044289 0.148452505550 -0.554032293222 1.2100
0.4187 0.0097 0.819152044289 0.148452505550 0.554032293222 1.2100
0.4186 0.0097 0.819152044289 0.286788218176 -0.496731764892 1.2100
0.4175 0.0097 0.819152044289 0.286788218176 0.496731764892 1.2100
0.4183 0.0097 0.819152044289 0.405579787673 -0.405579787673 1.2100
0.4185 0.0097 0.819152044289 0.405579787673 0.405579787673 1.2100
0.4172 0.0097 0.819152044289 0.496731764892 -0.286788218176 1.2100
0.4173 0.0097 0.819152044289 0.496731764892 0.286788218176 1.2100
0.4166 0.0097 0.819152044289 0.554032293222 -0.148452505550 1.2100
0.4173 0.0097 0.819152044289 0.554032293222 0.148452505550 1.2100
0.4175 0.0097 0.819152044289 0.573576436351 0.000000000000 1.2100
0.4179 0.0097 0.866025403784 -0.500000000000 0.000000000000 1.2100
0.4178 0.0097 0.866025403784 -0.482962913145 -0.129409522551 1.2100
0.4173 0.0097 0.866025403784 -0.482962913145 0.129409522551 1.2100
0.4177 0.0097 0.866025403784 -0.433012701892 -0.250000000000 1.2100
0.4177 0.0097 0.866025403784 -0.433012701892 0.250000000000 1.2100
0.4187 0.0097 0.866025403784 -0.353553390593 -0.353553390593 1.2100
0.4186 0.0097 0.866025403784 -0.353553390593 0.353553390593 1.2100
0.4180 0.0097 0.866025403784 -0.250000000000 -0.433012701892 1.2100
0.4187 0.0097 0.866025403784 -0.250000000000 0.433012701892 1.2100
0.4189 0.0097 0.866025403784 -0.129409522551 -0.482962913145 1.2100
0.4185 0.0097 0.866025403784 -0.129409522551 0.482962913145 1.2100
0.4187 0.0097 0.866025403784 0.000000000000 -0.500000000000 1.2100
0.4187 0.0097 0.866025403784 0.000000000000 0.500000000000 1.2100
0.4185 0.0097 0.866025403784 0.129409522551 -0.482962913145 1.2100
0.4189 0.0097 0.866025403784 0.129409522551 0.482962913145 1.2100
0.4187 0.0097 0.866025403784 0.250000000000 -0.433012701892 1.2100
0.4180 0.0097 0.866025403784 0.250000000000 0.433012701892 1.2100
0.4186 0.0097 0.866025403784 0.353553390593 -0.353553390593 1.2100
0.4187 0.0097 0.866025403784 0.353553390593 0.353553390593 1.2100
0.4177 0.0097 0.866025403784 0.433012701892 -0.250000000000 1.2100
0.4178 0.0097 0.866025403784 0.433012701892 0.250000000000 1.2100
0.4173 0.0097 0.866025403784 0.482962913145 -0.129409522551 1.2100
0.4178 0.0097 0.866025403784 0.482962913145 0.129409522551 1.2100
0.4179 0.0097 0.866025403784 0.500000000000 0.000000000000 1.2100
0.4183 0.0097 0.906307787037 -0.422618261741 0.000000000000 1.2100
0.4182 0.0097 0.906307787037 -0.408217893677 -0.109381654947 1.2100
0.4179 0.0097 0.906307787037 -0.408217893677 0.109381654947 1.2100
0.4182 0.0097 0.906307787037 -0.365998150771 -0.211309130870 1.2100
0.4182 0.0097 0.906307787037 -0.365998150771 0.211309130870 1.2100
0.4189 0.0097 0.906307787037 -0.298836238730 -0.298836238730 1.2100
0.4188 0.0097 0.906307787037 -0.298836238730 0.298836238730 1.2100
0.4184 0.0097 0.906307787037 -0.211309130870 -0.365998150771 1.2100
0.4189 0.0097 0.906307787037 -0.211309130870 0.365998150771 1.2100
0.4190 0.0097 0.906307787037 -0.109381654947 -0.408217893677 1.2100
0.4187 0.0097 0.906307787037 -0.109381654947 0.408217893677 1.2100
0.4189 0.0097 0.906307787037 -0.000000013505 0.422618261741 1.2100
0.4189 0.0097 0.906307787037 0.000000000000 -0.422618261741 1.2100
0.4187 0.0097 0.906307787037 0.109381654947 -0.408217893677 1.2100
0.4190 0.0097 0.906307787037 0.109381654947 0.408217893677 1.2100
0.4189 0.0097 0.906307787037 0.211309130870 -0.365998150771 1.2100
0.4183 0.0097 0.906307787037 0.211309130870 0.365998150771 1.2100
0.4188 0.0097 0.906307787037 0.298836238730 -0.298836238730 1.2100
0.4189 0.0097 0.906307787037 0.298836238730 0.298836238730 1.2100
0.4182 0.0097 0.906307787037 0.365998150771 -0.211309130870 1.2100
0.4182 0.0097 0.906307787037 0.365998150771 0.211309130870 1.2100
0.4178 0.0097 0.906307787037 0.408217893677 -0.109381654947 1.2100
0.4182 0.0097 0.906307787037 0.408217893677 0.109381654947 1.2100
0.4183 0.0097 0.906307787037 0.422618261741 0.000000000000 1.2100
0.4187 0.0097 0.939692620786 -0.342020143326 0.000000000000 1.2100
0.4186 0.0097 0.939692620786 -0.330366089549 -0.088521326901 1.2100
0.4184 0.0097 0.939692620786 -0.330366089549 0.088521326901 1.2100
0.4186 0.0097 0.939692620786 -0.296198132726 -0.171010071663 1.2100
0.4186 0.0097 0.939692620786 -0.296198132726 0.171010071663 1.2100
0.4190 0.0097 0.939692620786 -0.241844762648 -0.241844762648 1.2100
0.4190 0.0097 0.939692620786 -0.241844762648 0.241844762648 1.2100
0.4187 0.0097 0.939692620786 -0.171010071663 -0.296198132726 1.2100
0.4190 0.0097 0.939692620786 -0.171010071663 0.296198132726 1.2100
0.4191 0.0097 0.939692620786 -0.088521326901 -0.330366089549 1.2100
0.4189 0.0097 0.939692620786 -0.088521326901 0.330366089549 1.2100
0.4190 0.0097 0.939692620786 0.000000000000 -0.342020143326 1.2100
0.4190 0.0097 0.939692620786 0.000000000000 0.342020143326 1.2100
0.4189 0.0097 0.939692620786 0.088521326901 -0.330366089549 1.2100
0.4191 0.0097 0.939692620786 0.088521326901 0.330366089549 1.2100
0.4191 0.0097 0.939692620786 0.171010071663 -0.296198132726 1.2100
0.4187 0.0097 0.939692620786 0.171010071663 0.296198132726 1.2100
0.4190 0.0097 0.939692620786 0.241844762648 -0.241844762648 1.2100
0.4190 0.0097 0.939692620786 0.241844762648 0.241844762648 1.2100
0.4186 0.0097 0.939692620786 0.296198132726 -0.171010071663 1.2100
0.4186 0.0097 0.939692620786 0.296198132726 0.171010071663 1.2100
0.4184 0.0097 0.939692620786 0.330366089549 -0.088521326901 1.2100
0.4186 0.0097 0.939692620786 0.330366089549 0.088521326901 1.2100
0.4187 0.0097 0.939692620786 0.342020143326 0.000000000000 1.2100
0.4189 0.0097 0.965925826289 -0.258819045103 0.000000000000 1.2100
0.4189 0.0097 0.965925826289 -0.250000000000 -0.066987298108 1.2100
0.4188 0.0097 0.965925826289 -0.250000000000 0.066987298108 1.2100
0.4189 0.0097 0.965925826289 -0.224143868042 -0.129409522551 1.2100
0.4189 0.0097 0.965925826289 -0.224143868042 0.129409522551 1.2100
0.4192 0.0097 0.965925826289 -0.183012701892 -0.183012701892 1.2100
0.4191 0.0097 0.965925826289 -0.183012701892 0.183012701892 1.2100
0.4190 0.0097 0.965925826289 -0.129409522551 -0.224143868042 1.2100
0.4192 0.0097 0.965925826289 -0.129409522551 0.224143868042 1.2100
0.4192 0.0097 0.965925826289 -0.066987298108 -0.250000000000 1.2100
0.4191 0.0097 0.965925826289 -0.066987298108 0.250000000000 1.2100
0.4192 0.0097 0.965925826289 -0.000000014393 -0.258819045103 1.2100
0.4191 0.0097 0.965925826289 0.000000000000 0.258819045103 1.2100
0.4191 0.0097 0.965925826289 0.066987298108 -0.250000000000 1.2100
0.4192 0.0097 0.965925826289 0.066987298108 0.250000000000 1.2100
0.4192 0.0097 0.965925826289 0.129409522551 -0.224143868042 1.2100
0.4190 0.0097 0.965925826289 0.129409522551 0.224143868042 1.2100
0.4191 0.0097 0.965925826289 0.183012701892 -0.183012701892 1.2100
0.4192 0.0097 0.965925826289 0.183012701892 0.183012701892 1.2100
0.4189 0.0097 0.965925826289 0.224143868042 -0.129409522551 1.2100
0.4189 0.0097 0.965925826289 0.224143868042 0.129409522551 1.2100
0.4188 0.0097 0.965925826289 0.250000000000 -0.066987298108 1.2100
0.4189 0.0097 0.965925826289 0.250000000000 0.066987298108 1.2100
0.4190 0.0097 0.965925826289 0.258819045103 0.000000000000 1.2100
0.4192 0.0097 0.984807753012 -0.173648177667 0.000000000000 1.2100
0.4191 0.0097 0.984807753012 -0.167731259497 -0.044943455528 1.2100
0.4191 0.0097 0.984807753012 -0.167731259497 0.044943455528 1.2100
0.4191 0.0097 0.984807753012 -0.150383733180 -0.086824088833 1.2100
0.4191 0.0097 0.984807753012 -0.150383733180 0.086824088833 1.2100
0.4193 0.0097 0.984807753012 -0.122787803969 -0.122787803969 1.2100
0.4192 0.0097 0.984807753012 -0.122787803969 0.122787803969 1.2100
0.4192 0.0097 0.984807753012 -0.086824088833 -0.150383733180 1.2100
0.4193 0.0097 0.984807753012 -0.086824088833 0.150383733180 1.2100
0.4193 0.0097 0.984807753012 -0.044943455528 -0.167731259497 1.2100
0.4192 0.0097 0.984807753012 -0.044943455528 0.167731259497 1.2100
0.4193 0.0097 0.984807753012 -0.000000014675 -0.173648177667 1.2100
0.4192 0.0097 0.984807753012 0.000000000000 0.173648177667 1.2100
0.4192 0.0097 0.984807753012 0.044943455528 -0.167731259497 1.2100
0.4193 0.0097 0.984807753012 0.044943455528 0.167731259497 1.2100
0.4193 0.0097 0.984807753012 0.086824088833 -0.150383733180 1.2100
0.4192 0.0097 0.984807753012 0.086824088833 0.150383733180 1.2100
0.4192 0.0097 0.984807753012 0.122787803969 -0.122787803969 1.2100
0.4193 0.0097 0.984807753012 0.122787803969 0.122787803969 1.2100
0.4191 0.0097 0.984807753012 0.150383733180 -0.086824088833 1.2100
0.4191 0.0097 0.984807753012 0.150383733180 0.086824088833 1.2100
0.4191 0.0097 0.984807753012 0.167731259497 -0.044943455528 1.2100
0.4191 0.0097 0.984807753012 0.167731259497 0.044943455528 1.2100
0.4192 0.0097 0.984807753012 0.173648177667 0.000000000000 1.2100
0.4193 0.0097 0.996194698092 -0.087155742748 0.000000000000 1.2100
0.4193 0.0097 0.996194698092 -0.084185982829 -0.022557566113 1.2100
0.4193 0.0097 0.996194698092 -0.084185982829 0.022557566113 1.2100
0.4193 0.0097 0.996194698092 -0.075479087305 -0.043577871374 1.2100
0.4193 0.0097 0.996194698092 -0.075479087305 0.043577871374 1.2100
0.4193 0.0097 0.996194698092 -0.061628416716 -0.061628416716 1.2100
0.4193 0.0097 0.996194698092 -0.061628416716 0.061628416716 1.2100
0.4193 0.0097 0.996194698092 -0.043577871374 -0.075479087305 1.2100
0.4193 0.0097 0.996194698092 -0.043577871374 0.075479087305 1.2100
0.4193 0.0097 0.996194698092 -0.022557566113 -0.084185982829 1.2100
0.4193 0.0097 0.996194698092 -0.022557566113 0.084185982829 1.2100
0.4193 0.0097 0.996194698092 0.000000000000 -0.087155742748 1.2100
0.4193 0.0097 0.996194698092 0.000000000000 0.087155742748 1.2100
0.4193 0.0097 0.996194698092 0.022557566113 -0.084185982829 1.2100
0.4193 0.0097 0.996194698092 0.022557566113 0.084185982829 1.2100
0.4193 0.0097 0.996194698092 0.043577871374 -0.075479087305 1.2100
0.4193 0.0097 0.996194698092 0.043577871374 0.075479087305 1.2100
0.4193 0.0097 0.996194698092 0.061628416716 -0.061628416716 1.2100
0.4193 0.0097 0.996194698092 0.061628416716 0.061628416716 1.2100
0.4193 0.0097 0.996194698092 0.075479087305 -0.043577871374 1.2100
0.4193 0.0097 0.996194698092 0.075479087305 0.043577871374 1.2100
0.4193 0.0097 0.996194698092 0.084185982829 -0.022557566113 1.2100
0.4193 0.0097 0.996194698092 0.084185982829 0.022557566113 1.2100
0.4193 0.0097 0.996194698092 0.087155742748 0.000000000000 1.2100
0.4193 0.0097 1.000000000000 0.000000000000 0.000000000000 1.2100
