0.3212 0.0246 -1.000000000000 0.000000000000 0.000000000000 10.0000
0.3210 0.0246 -0.996194698092 -0.087155742748 0.000000000000 10.0000
0.3210 0.0246 -0.996194698092 -0.084185982829 -0.022557566113 10.0000
0.3210 0.0246 -0.996194698092 -0.084185982829 0.022557566113 10.0000
0.3210 0.0246 -0.996194698092 -0.075479087305 -0.043577871374 10.0000
0.3210 0.0246 -0.996194698092 -0.075479087305 0.043577871374 10.0000
0.3210 0.0246 -0.996194698092 -0.061628416716 -0.061628416716 10.0000
0.3210 0.0246 -0.996194698092 -0.061628416716 0.061628416716 10.0000
0.3210 0.0246 -0.996194698092 -0.043577871374 -0.075479087305 10.0000
0.3210 0.0246 -0.996194698092 -0.043577871374 0.075479087305 10.0000
0.3210 0.0246 -0.996194698092 -0.022557566113 -0.084185982829 10.0000
0.3210 0.0246 -0.996194698092 -0.022557566113 0.084185982829 10.0000
0.3210 0.0246 -0.996194698092 0.000000000000 -0.087155742748 10.0000
0.3210 0.0246 -0.996194698092 0.000000014844 0.087155742748 10.0000
0.3210 0.0246 -0.996194698092 0.022557566113 -0.084185982829 10.0000
0.3210 0.0246 -0.996194698092 0.022557566113 0.084185982829 10.0000
0.3210 0.0246 -0.996194698092 0.043577871374 -0.075479087305 10.0000
0.3210 0.0246 -0.996194698092 0.043577871374 0.075479087305 10.0000
0.3210 0.0246 -0.996194698092 0.061628416716 -0.061628416716 10.0000
0.3210 0.0246 -0.996194698092 0.061628416716 0.061628416716 10.0000
0.3210 0.0246 -0.996194698092 0.075479087305 -0.043577871374 10.0000
0.3210 0.0246 -0.996194698092 0.075479087305 0.043577871374 10.0000
0.3210 0.0246 -0.996194698092 0.084185982829 -0.022557566113 10.0000
0.3210 0.0246 -0.996194698092 0.084185982829 0.022557566113 10.0000
0.3210 0.0246 -0.996194698092 0.087155742748 0.000000000000 10.0000
0.3206 0.0246 -0.984807753012 -0.173648177667 0.000000000000 10.0000
0.3206 0.0246 -0.984807753012 -0.167731259497 -0.044943455528 10.0000
0.3206 0.0246 -0.984807753012 -0.167731259497 0.044943455528 10.0000
0.3206 0.0246 -0.984807753012 -0.150383733180 -0.086824088833 10.0000
0.3205 0.0246 -0.984807753012 -0.150383733180 0.086824088833 10.0000
0.3205 0.0246 -0.984807753012 -0.122787803969 -0.122787803969 10.0000
0.3206 0.0246 -0.984807753012 -0.122787803969 0.122787803969 10.0000
0.3206 0.0246 -0.984807753012 -0.086824088833 -0.150383733180 10.0000
0.3206 0.0246 -0.984807753012 -0.086824088833 0.150383733180 10.0000
0.3205 0.0246 -0.984807753012 -0.044943455528 -0.167731259497 10.0000
0.3206 0.0246 -0.984807753012 -0.044943455528 0.167731259497 10.0000
0.3206 0.0246 -0.984807753012 0.000000000000 -0.173648177667 10.0000
0.3206 0.0246 -0.984807753012 0.000000000000 0.173648177667 10.0000
0.3206 0.0246 -0.984807753012 0.044943455528 -0.167731259497 10.0000
0.3206 0.0246 -0.984807753012 0.044943455528 0.167731259497 10.0000
0.3206 0.0246 -0.984807753012 0.086824088833 -0.150383733180 10.0000
0.3206 0.0246 -0.984807753012 0.086824088833 0.150383733180 10.0000
0.3206 0.0246 -0.984807753012 0.122787803969 -0.122787803969 10.0000
0.3205 0.0246 -0.984807753012 0.122787803969 0.122787803969 10.0000
0.3206 0.0246 -0.984807753012 0.150383733180 -0.086824088833 10.0000
0.3206 0.0246 -0.984807753012 0.150383733180 0.086824088833 10.0000
0.3206 0.0246 -0.984807753012 0.167731259497 -0.044943455528 10.0000
0.3206 0.0246 -0.984807753012 0.167731259497 0.044943455528 10.0000
0.3206 0.0246 -0.984807753012 0.173648177667 0.000000000000 10.0000
0.3200 0.0246 -0.965925826289 -0.258819045103 0.000000000000 10.0000
0.3199 0.0246 -0.965925826289 -0.250000000000 -0.066987298108 10.0000
0.3200 0.0246 -0.965925826289 -0.250000000000 0.066987298108 10.0000
0.3198 0.0246 -0.965925826289 -0.224143868042 -0.129409522551 10.0000
0.3198 0.0246 -0.965925826289 -0.224143868042 0.129409522551 10.0000
0.3197 0.0246 -0.965925826289 -0.183012701892 -0.183012701892 10.0000
0.3199 0.0246 -0.965925826289 -0.183012701892 0.183012701892 10.0000
0.3198 0.0246 -0.965925826289 -0.129409522551 -0.224143868042 10.0000
0.3199 0.0246 -0.965925826289 -0.129409522551 0.224143868042 10.0000
0.3198 0.0246 -0.965925826289 -0.066987298108 -0.250000000000 10.0000
0.3200 0.0246 -0.965925826289 -0.066987298108 0.250000000000 10.0000
0.3200 0.0246 -0.965925826289 0.000000000000 -0.258819045103 10.0000
0.3200 0.0246 -0.965925826289 0.000000014393 0.258819045103 10.0000
0.3200 0.0246 -0.965925826289 0.066987298108 -0.250000000000 10.0000
0.3198 0.0246 -0.965925826289 0.066987298108 0.250000000000 10.0000
0.3199 0.0246 -0.965925826289 0.129409522551 -0.224143868042 10.0000
0.3198 0.0246 -0.965925826289 0.129409522551 0.224143868042 10.0000
0.3200 0.0246 -0.965925826289 0.183012701892 -0.183012701892 10.0000
0.3197 0.0246 -0.965925826289 0.183012701892 0.183012701892 10.0000
0.3198 0.0246 -0.965925826289 0.224143868042 -0.129409522551 10.0000
0.3198 0.0246 -0.965925826289 0.224143868042 0.129409522551 10.0000
0.3200 0.0246 -0.965925826289 0.250000000000 -0.066987298108 10.0000
0.3199 0.0246 -0.965925826289 0.250000000000 0.066987298108 10.0000
0.3200 0.0246 -0.965925826289 0.258819045103 0.000000000000 10.0000
0.3191 0.0246 -0.939692620786 -0.342020143326 0.000000000000 10.0000
0.3190 0.0246 -0.939692620786 -0.330366089549 -0.088521326901 10.0000
0.3191 0.0246 -0.939692620786 -0.330366089549 0.088521326901 10.0000
0.3188 0.0246 -0.939692620786 -0.296198132726 -0.171010071663 10.0000
0.3188 0.0246 -0.939692620786 -0.296198132726 0.171010071663 10.0000
0.3187 0.0246 -0.939692620786 -0.241844762648 -0.241844762648 10.0000
0.3191 0.0246 -0.939692620786 -0.241844762648 0.241844762648 10.0000
0.3189 0.0246 -0.939692620786 -0.171010071663 -0.296198132726 10.0000
0.3190 0.0246 -0.939692620786 -0.171010071663 0.296198132726 10.0000
0.3188 0.0246 -0.939692620786 -0.088521326901 -0.330366089549 10.0000
0.3191 0.0246 -0.939692620786 -0.088521326901 0.330366089549 10.0000
0.3191 0.0246 -0.939692620786 0.000000000000 -0.342020143326 10.0000
0.3191 0.0246 -0.939692620786 0.000000000000 0.342020143326 10.0000
0.3191 0.0246 -0.939692620786 0.088521326901 -0.330366089549 10.0000
0.3188 0.0246 -0.939692620786 0.088521326901 0.330366089549 10.0000
0.3190 0.0246 -0.939692620786 0.171010071663 -0.296198132726 10.0000
0.3188 0.0246 -0.939692620786 0.171010071663 0.296198132726 10.0000
0.3191 0.0246 -0.939692620786 0.241844762648 -0.241844762648 10.0000
0.3187 0.0246 -0.939692620786 0.241844762648 0.241844762648 10.0000
0.3188 0.0246 -0.939692620786 0.296198132726 -0.171010071663 10.0000
0.3188 0.0246 -0.939692620786 0.296198132726 0.171010071663 10.0000
0.3191 0.0246 -0.939692620786 0.330366089549 -0.088521326901 10.0000
0.3190 0.0246 -0.939692620786 0.330366089549 0.088521326901 10.0000
0.3192 0.0246 -0.939692620786 0.342020143326 0.000000000000 10.0000
0.3181 0.0246 -0.906307787037 -0.422618261741 0.000000000000 10.0000
0.3179 0.0246 -0.906307787037 -0.408217893677 -0.109381654947 10.0000
0.3181 0.0246 -0.906307787037 -0.408217893677 0.109381654947 10.0000
0.3176 0.0246 -0.906307787037 -0.365998150771 -0.211309130870 10.0000
0.3176 0.0246 -0.906307787037 -0.365998150771 0.211309130870 10.0000
0.3174 0.0246 -0.906307787037 -0.298836238730 -0.298836238730 10.0000
0.3180 0.0246 -0.906307787037 -0.298836238730 0.298836238730 10.0000
0.3176 0.0246 -0.906307787037 -0.211309130870 -0.365998150771 10.0000
0.3179 0.0246 -0.906307787037 -0.211309130870 0.365998150771 10.0000
0.3176 0.0246 -0.906307787037 -0.109381654947 -0.408217893677 10.0000
0.3181 0.0246 -0.906307787037 -0.109381654947 0.408217893677 10.0000
0.3180 0.0246 -0.906307787037 -0.000000000000 -0.422618261741 10.0000
0.3181 0.0246 -0.906307787037 0.000000000000 0.422618261741 10.0000
0.3181 0.0246 -0.906307787037 0.109381654947 -0.408217893677 10.0000
0.3176 0.0246 -0.906307787037 0.109381654947 0.408217893677 10.0000
0.3179 0.0246 -0.906307787037 0.211309130870 -0.365998150771 10.0000
0.3176 0.0246 -0.906307787037 0.211309130870 0.365998150771 10.0000
0.3180 0.0246 -0.906307787037 0.298836238730 -0.298836238730 10.0000
0.3174 0.0246 -0.906307787037 0.298836238730 0.298836238730 10.0000
0.3176 0.0246 -0.906307787037 0.365998150771 -0.211309130870 10.0000
0.3176 0.0246 -0.906307787037 0.365998150771 0.211309130870 10.0000
0.3181 0.0246 -0.906307787037 0.408217893677 -0.109381654947 10.0000
0.3179 0.0246 -0.906307787037 0.408217893677 0.109381654947 10.0000
0.3181 0.0246 -0.906307787037 0.422618261741 0.000000000000 10.0000
0.3168 0.0246 -0.866025403784 -0.500000000000 0.000000000000 10.0000
0.3166 0.0246 -0.866025403784 -0.482962913145 -0.129409522551 10.0000
0.3168 0.0246 -0.866025403784 -0.482962913145 0.129409522551 10.0000
0.3162 0.0246 -0.866025403784 -0.433012701892 -0.250000000000 10.0000
0.3161 0.0246 -0.866025403784 -0.433012701892 0.250000000000 10.0000
0.3159 0.0246 -0.866025403784 -0.353553390593 -0.353553390593 10.0000
0.3167 0.0246 -0.866025403784 -0.353553390593 0.353553390593 10.0000
0.3162 0.0246 -0.866025403784 -0.250000000000 -0.433012701892 10.0000
0.3166 0.0246 -0.866025403784 -0.250000000000 0.433012701892 10.0000
0.3161 0.0246 -0.866025403784 -0.129409522551 -0.482962913145 10.0000
0.3168 0.0246 -0.866025403784 -0.129409522551 0.482962913145 10.0000
0.3168 0.0246 -0.866025403784 -0.000000012905 -0.500000000000 10.0000
0.3168 0.0246 -0.866025403784 0.000000000000 0.500000000000 10.0000
0.3168 0.0246 -0.866025403784 0.129409522551 -0.482962913145 10.0000
0.3162 0.0246 -0.866025403784 0.129409522551 0.482962913145 10.0000
0.3166 0.0246 -0.866025403784 0.250000000000 -0.433012701892 10.0000
0.3162 0.0246 -0.866025403784 0.250000000000 0.433012701892 10.0000
0.3167 0.0246 -0.866025403784 0.353553390593 -0.353553390593 10.0000
0.3159 0.0246 -0.866025403784 0.353553390593 0.353553390593 10.0000
0.3162 0.0246 -0.866025403784 0.433012701892 -0.250000000000 10.0000
0.3162 0.0246 -0.866025403784 0.433012701892 0.250000000000 10.0000
0.3168 0.0246 -0.866025403784 0.482962913145 -0.129409522551 10.0000
0.3165 0.0246 -0.866025403784 0.482962913145 0.129409522551 10.0000
0.3169 0.0246 -0.866025403784 0.500000000000 0.000000000000 10.0000
0.3155 0.0246 -0.819152044289 -0.573576436351 0.000000000000 10.0000
0.3151 0.0246 -0.819152044289 -0.554032293222 -0.148452505550 10.0000
0.3155 0.0246 -0.819152044289 -0.554032293222 0.148452505550 10.0000
0.3146 0.0246 -0.819152044289 -0.496731764892 -0.286788218176 10.0000
0.3146 0.0246 -0.819152044289 -0.496731764892 0.286788218176 10.0000
0.3142 0.0246 -0.819152044289 -0.405579787673 -0.405579787673 10.0000
0.3153 0.0246 -0.819152044289 -0.405579787673 0.405579787673 10.0000
0.3147 0.0246 -0.819152044289 -0.286788218176 -0.496731764892 10.0000
0.3152 0.0246 -0.819152044289 -0.286788218176 0.496731764892 10.0000
0.3145 0.0246 -0.819152044289 -0.148452505550 -0.554032293222 10.0000
0.3155 0.0246 -0.819152044289 -0.148452505550 0.554032293222 10.0000
0.3154 0.0246 -0.819152044289 -0.000000000000 -0.573576436351 10.0000
0.3154 0.0246 -0.819152044289 0.000000000000 0.573576436351 10.0000
0.3155 0.0246 -0.819152044289 0.148452505550 -0.554032293222 10.0000
0.3146 0.0246 -0.819152044289 0.148452505550 0.554032293222 10.0000
0.3152 0.0246 -0.819152044289 0.286788218176 -0.496731764892 10.0000
0.3146 0.0246 -0.819152044289 0.286788218176 0.496731764892 10.0000
0.3153 0.0246 -0.819152044289 0.405579787673 -0.405579787673 10.0000
0.3142 0.0246 -0.819152044289 0.405579787673 0.405579787673 10.0000
0.3146 0.0246 -0.819152044289 0.496731764892 -0.286788218176 10.0000
0.3147 0.0246 -0.819152044289 0.496731764892 0.286788218176 10.0000
0.3155 0.0246 -0.819152044289 0.554032293222 -0.148452505550 10.0000
0.3151 0.0246 -0.819152044289 0.554032293222 0.148452505550 10.0000
0.3155 0.0246 -0.819152044289 0.573576436351 0.000000000000 10.0000
0.3140 0.0246 -0.766044443119 -0.642787609687 0.000000000000 10.0000
0.3135 0.0246 -0.766044443119 -0.620885153015 -0.166365675343 10.0000
0.3140 0.0246 -0.766044443119 -0.620885153015 0.166365675343 10.0000
0.3130 0.0246 -0.766044443119 -0.556670399226 -0.321393804843 10.0000
0.3129 0.0246 -0.766044443119 -0.556670399226 0.321393804843 10.0000
0.3125 0.0246 -0.766044443119 -0.454519477672 -0.454519477672 10.0000
0.3138 0.0246 -0.766044443119 -0.454519477672 0.454519477672 10.0000
0.3130 0.0246 -0.766044443119 -0.321393804843 -0.556670399226 10.0000
0.3137 0.0246 -0.766044443119 -0.321393804843 0.556670399226 10.0000
0.3128 0.0246 -0.766044443119 -0.166365675343 -0.620885153015 10.0000
0.3140 0.0246 -0.766044443119 -0.166365675343 0.620885153015 10.0000
0.3139 0.0246 -0.766044443119 -0.000000000000 -0.642787609687 10.0000
0.3140 0.0246 -0.766044443119 0.000000000000 0.642787609687 10.0000
0.3140 0.0246 -0.766044443119 0.166365675343 -0.620885153015 10.0000
0.3129 0.0246 -0.766044443119 0.166365675343 0.620885153015 10.0000
0.3137 0.0246 -0.766044443119 0.321393804843 -0.556670399226 10.0000
0.3130 0.0246 -0.766044443119 0.321393804843 0.556670399226 10.0000
0.3138 0.0246 -0.766044443119 0.454519477672 -0.454519477672 10.0000
0.3125 0.0246 -0.766044443119 0.454519477672 0.454519477672 10.0000
0.3129 0.0246 -0.766044443119 0.556670399226 -0.321393804843 10.0000
0.3130 0.0246 -0.766044443119 0.556670399226 0.321393804843 10.0000
0.3140 0.0246 -0.766044443119 0.620885153015 -0.166365675343 10.0000
0.3135 0.0246 -0.766044443119 0.620885153015 0.166365675343 10.0000
0.3141 0.0246 -0.766044443119 0.642787609687 0.000000000000 10.0000
0.3126 0.0246 -0.707106781187 -0.707106781187 0.000000000000 10.0000
0.3119 0.0246 -0.707106781187 -0.683012701892 -0.183012701892 10.0000
0.3125 0.0246 -0.707106781187 -0.683012701892 0.183012701892 10.0000
0.3112 0.0246 -0.707106781187 -0.612372435696 -0.353553390593 10.0000
0.3111 0.0246 -0.707106781187 -0.612372435696 0.353553390593 10.0000
0.3107 0.0246 -0.707106781187 -0.500000000000 -0.500000000000 10.0000
0.3122 0.0246 -0.707106781187 -0.500000000000 0.500000000000 10.0000
0.3113 0.0246 -0.707106781187 -0.353553390593 -0.612372435696 10.0000
0.3121 0.0246 -0.707106781187 -0.353553390593 0.612372435696 10.0000
0.3111 0.0246 -0.707106781187 -0.183012701892 -0.683012701892 10.0000
0.3125 0.0246 -0.707106781187 -0.183012701892 0.683012701892 10.0000
0.3124 0.0246 -0.707106781187 -0.000000000000 -0.707106781187 10.0000
0.3125 0.0246 -0.707106781187 0.000000000000 0.707106781187 10.0000
0.3125 0.0246 -0.707106781187 0.183012701892 -0.683012701892 10.0000
0.3112 0.0246 -0.707106781187 0.183012701892 0.683012701892 10.0000
0.3121 0.0246 -0.707106781187 0.353553390593 -0.612372435696 10.0000
0.3113 0.0246 -0.707106781187 0.353553390593 0.612372435696 10.0000
0.3123 0.0246 -0.707106781187 0.500000000000 -0.500000000000 10.0000
0.3107 0.0246 -0.707106781187 0.500000000000 0.500000000000 10.0000
0.3112 0.0246 -0.707106781187 0.612372435696 -0.353553390593 10.0000
0.3113 0.0246 -0.707106781187 0.612372435696 0.353553390593 10.0000
0.3125 0.0246 -0.707106781187 0.683012701892 -0.183012701892 10.0000
0.3119 0.0246 -0.707106781187 0.683012701892 0.183012701892 10.0000
0.3126 0.0246 -0.707106781187 0.707106781187 0.000000000000 10.0000
0.3111 0.0246 -0.642787609687 -0.766044443119 0.000000000000 10.0000
0.3103 0.0246 -0.642787609687 -0.739942111694 -0.198266891274 10.0000
0.3110 0.0246 -0.642787609687 -0.739942111694 0.198266891274 10.0000
0.3095 0.0246 -0.642787609687 -0.663413948169 -0.383022221559 10.0000
0.3094 0.0246 -0.642787609687 -0.663413948169 0.383022221559 10.0000
0.3088 0.0246 -0.642787609687 -0.541675220420 -0.541675220420 10.0000
0.3107 0.0246 -0.642787609687 -0.541675220420 0.541675220420 10.0000
0.3096 0.0246 -0.642787609687 -0.383022221559 -0.663413948169 10.0000
0.3106 0.0246 -0.642787609687 -0.383022221559 0.663413948169 10.0000
0.3094 0.0246 -0.642787609687 -0.198266891274 -0.739942111694 10.0000
0.3110 0.0246 -0.642787609687 -0.198266891274 0.739942111694 10.0000
0.3109 0.0246 -0.642787609687 -0.000000000000 -0.766044443119 10.0000
0.3110 0.0246 -0.642787609687 0.000000009578 0.766044443119 10.0000
0.3110 0.0246 -0.642787609687 0.198266891274 -0.739942111694 10.0000
0.3094 0.0246 -0.642787609687 0.198266891274 0.739942111694 10.0000
0.3106 0.0246 -0.642787609687 0.383022221559 -0.663413948169 10.0000
0.3096 0.0246 -0.642787609687 0.383022221559 0.663413948169 10.0000
0.3107 0.0246 -0.642787609687 0.541675220420 -0.541675220420 10.0000
0.3088 0.0246 -0.642787609687 0.541675220420 0.541675220420 10.0000
0.3094 0.0246 -0.642787609687 0.663413948169 -0.383022221559 10.0000
0.3095 0.0246 -0.642787609687 0.663413948169 0.383022221559 10.0000
0.3110 0.0246 -0.642787609687 0.739942111694 -0.198266891274 10.0000
0.3103 0.0246 -0.642787609687 0.739942111694 0.198266891274 10.0000
0.3111 0.0246 -0.642787609687 0.766044443119 0.000000000000 10.0000
0.3096 0.0246 -0.573576436351 -0.819152044289 0.000000000000 10.0000
0.3088 0.0246 -0.573576436351 -0.791240115236 -0.212012149897 10.0000
0.3096 0.0246 -0.573576436351 -0.791240115236 0.212012149897 10.0000
0.3078 0.0246 -0.573576436351 -0.709406479916 -0.409576022144 10.0000
0.3077 0.0246 -0.573576436351 -0.709406479916 0.409576022144 10.0000
0.3071 0.0246 -0.573576436351 -0.579227965340 -0.579227965340 10.0000
0.3092 0.0246 -0.573576436351 -0.579227965340 0.579227965340 10.0000
0.3079 0.0246 -0.573576436351 -0.409576022144 -0.709406479916 10.0000
0.3091 0.0246 -0.573576436351 -0.409576022144 0.709406479916 10.0000
0.3077 0.0246 -0.573576436351 -0.212012149897 -0.791240115236 10.0000
0.3096 0.0246 -0.573576436351 -0.212012149897 0.791240115236 10.0000
0.3095 0.0246 -0.573576436351 -0.000000008547 -0.819152044289 10.0000
0.3095 0.0246 -0.573576436351 0.000000000000 0.819152044289 10.0000
0.3096 0.0246 -0.573576436351 0.212012149897 -0.791240115236 10.0000
0.3077 0.0246 -0.573576436351 0.212012149897 0.791240115236 10.0000
0.3090 0.0246 -0.573576436351 0.409576022144 -0.709406479916 10.0000
0.3079 0.0246 -0.573576436351 0.409576022144 0.709406479916 10.0000
0.3092 0.0246 -0.573576436351 0.579227965340 -0.579227965340 10.0000
0.3071 0.0246 -0.573576436351 0.579227965340 0.579227965340 10.0000
0.3078 0.0246 -0.573576436351 0.709406479916 -0.409576022144 10.0000
0.3079 0.0246 -0.573576436351 0.709406479916 0.409576022144 10.0000
0.3096 0.0246 -0.573576436351 0.791240115236 -0.212012149897 10.0000
0.3088 0.0246 -0.573576436351 0.791240115236 0.212012149897 10.0000
0.3096 0.0246 -0.573576436351 0.819152044289 0.000000000000 10.0000
0.3083 0.0246 -0.500000000000 -0.866025403784 0.000000000000 10.0000
0.3073 0.0246 -0.500000000000 -0.836516303738 -0.224143868042 10.0000
0.3082 0.0246 -0.500000000000 -0.836516303738 0.224143868042 10.0000
0.3063 0.0246 -0.500000000000 -0.750000000000 -0.433012701892 10.0000
0.3062 0.0246 -0.500000000000 -0.750000000000 0.433012701892 10.0000
0.3054 0.0246 -0.500000000000 -0.612372435696 -0.612372435696 10.0000
0.3078 0.0246 -0.500000000000 -0.612372435696 0.612372435696 10.0000
0.3064 0.0246 -0.500000000000 -0.433012701892 -0.750000000000 10.0000
0.3076 0.0246 -0.500000000000 -0.433012701892 0.750000000000 10.0000
0.3061 0.0246 -0.500000000000 -0.224143868042 -0.836516303738 10.0000
0.3082 0.0246 -0.500000000000 -0.224143868042 0.836516303738 10.0000
0.3081 0.0246 -0.500000000000 -0.000000000000 -0.866025403784 10.0000
0.3081 0.0246 -0.500000000000 0.000000000000 0.866025403784 10.0000
0.3082 0.0246 -0.500000000000 0.224143868042 -0.836516303738 10.0000
0.3062 0.0246 -0.500000000000 0.224143868042 0.836516303738 10.0000
0.3076 0.0246 -0.500000000000 0.433012701892 -0.750000000000 10.0000
0.3063 0.0246 -0.500000000000 0.433012701892 0.750000000000 10.0000
0.3078 0.0246 -0.500000000000 0.612372435696 -0.612372435696 10.0000
0.3054 0.0246 -0.500000000000 0.612372435696 0.612372435696 10.0000
0.3062 0.0246 -0.500000000000 0.750000000000 -0.433012701892 10.0000
0.3063 0.0246 -0.500000000000 0.750000000000 0.433012701892 10.0000
0.3082 0.0246 -0.500000000000 0.836516303738 -0.224143868042 10.0000
0.3073 0.0246 -0.500000000000 0.836516303738 0.224143868042 10.0000
0.3083 0.0246 -0.500000000000 0.866025403784 0.000000000000 10.0000
0.3070 0.0246 -0.422618261741 -0.906307787037 0.000000000000 10.0000
0.3060 0.0246 -0.422618261741 -0.875426098066 -0.234569716010 10.0000
0.3070 0.0246 -0.422618261741 -0.875426098066 0.234569716010 10.0000
0.3049 0.0246 -0.422618261741 -0.784885567221 -0.453153893518 10.0000
0.3047 0.0246 -0.422618261741 -0.784885567221 0.453153893518 10.0000
0.3039 0.0246 -0.422618261741 -0.640856382056 -0.640856382056 10.0000
0.3065 0.0246 -0.422618261741 -0.640856382056 0.640856382056 10.0000
0.3049 0.0246 -0.422618261741 -0.453153893518 -0.784885567221 10.0000
0.3063 0.0246 -0.422618261741 -0.453153893518 0.784885567221 10.0000
0.3047 0.0246 -0.422618261741 -0.234569716010 -0.875426098066 10.0000
0.3070 0.0246 -0.422618261741 -0.234569716010 0.875426098066 10.0000
0.3069 0.0246 -0.422618261741 -0.000000000000 -0.906307787037 10.0000
0.3069 0.0246 -0.422618261741 0.000000000000 0.906307787037 10.0000
0.3070 0.0246 -0.422618261741 0.234569716010 -0.875426098066 10.0000
0.3047 0.0246 -0.422618261741 0.234569716010 0.875426098066 10.0000
0.3063 0.0246 -0.422618261741 0.453153893518 -0.784885567221 10.0000
0.3049 0.0246 -0.422618261741 0.453153893518 0.784885567221 10.0000
0.3065 0.0246 -0.422618261741 0.640856382056 -0.640856382056 10.0000
0.3039 0.0246 -0.422618261741 0.640856382056 0.640856382056 10.0000
0.3048 0.0246 -0.422618261741 0.784885567221 -0.453153893518 10.0000
0.3049 0.0246 -0.422618261741 0.784885567221 0.453153893518 10.0000
0.3070 0.0246 -0.422618261741 0.875426098066 -0.234569716010 10.0000
0.3060 0.0246 -0.422618261741 0.875426098066 0.234569716010 10.0000
0.3071 0.0246 -0.422618261741 0.906307787037 0.000000000000 10.0000
0.3060 0.0246 -0.342020143326 -0.939692620786 0.000000000000 10.0000
0.3049 0.0246 -0.342020143326 -0.907673371190 -0.243210346802 10.0000
0.3059 0.0246 -0.342020143326 -0.907673371190 0.243210346802 10.0000
0.3037 0.0246 -0.342020143326 -0.813797681349 -0.469846310393 10.0000
0.3035 0.0246 -0.342020143326 -0.813797681349 0.469846310393 10.0000
0.3026 0.0246 -0.342020143326 -0.664463024389 -0.664463024389 10.0000
0.3054 0.0246 -0.342020143326 -0.664463024389 0.664463024389 10.0000
0.3037 0.0246 -0.342020143326 -0.469846310393 -0.813797681349 10.0000
0.3052 0.0246 -0.342020143326 -0.469846310393 0.813797681349 10.0000
0.3035 0.0246 -0.342020143326 -0.243210346802 -0.907673371190 10.0000
0.3059 0.0246 -0.342020143326 -0.243210346802 0.907673371190 10.0000
0.3058 0.0246 -0.342020143326 -0.000000000000 -0.939692620786 10.0000
0.3058 0.0246 -0.342020143326 0.000000000000 0.939692620786 10.0000
0.3059 0.0246 -0.342020143326 0.243210346802 -0.907673371190 10.0000
0.3035 0.0246 -0.342020143326 0.243210346802 0.907673371190 10.0000
0.3052 0.0246 -0.342020143326 0.469846310393 -0.813797681349 10.0000
0.3037 0.0246 -0.342020143326 0.469846310393 0.813797681349 10.0000
0.3054 0.0246 -0.342020143326 0.664463024389 -0.664463024389 10.0000
0.3026 0.0246 -0.342020143326 0.664463024389 0.664463024389 10.0000
0.3035 0.0246 -0.342020143326 0.813797681349 -0.469846310393 10.0000
0.3037 0.0246 -0.342020143326 0.813797681349 0.469846310393 10.0000
0.3059 0.0246 -0.342020143326 0.907673371190 -0.243210346802 10.0000
0.3049 0.0246 -0.342020143326 0.907673371190 0.243210346802 10.0000
0.3060 0.0246 -0.342020143326 0.939692620786 0.000000000000 10.0000
0.3051 0.0246 -0.258819045103 -0.965925826289 0.000000000000 10.0000
0.3040 0.0246 -0.258819045103 -0.933012701892 -0.250000000000 10.0000
0.3050 0.0246 -0.258819045103 -0.933012701892 0.250000000000 10.0000
0.3027 0.0246 -0.258819045103 -0.836516303738 -0.482962913145 10.0000
0.3025 0.0246 -0.258819045103 -0.836516303738 0.482962913145 10.0000
0.3016 0.0246 -0.258819045103 -0.683012701892 -0.683012701892 10.0000
0.3045 0.0246 -0.258819045103 -0.683012701892 0.683012701892 10.0000
0.3027 0.0246 -0.258819045103 -0.482962913145 -0.836516303738 10.0000
0.3043 0.0246 -0.258819045103 -0.482962913145 0.836516303738 10.0000
0.3025 0.0246 -0.258819045103 -0.250000000000 -0.933012701892 10.0000
0.3050 0.0246 -0.258819045103 -0.250000000000 0.933012701892 10.0000
0.3049 0.0246 -0.258819045103 -0.000000000000 -0.965925826289 10.0000
0.3049 0.0246 -0.258819045103 0.000000000000 0.965925826289 10.0000
0.3050 0.0246 -0.258819045103 0.250000000000 -0.933012701892 10.0000
0.3025 0.0246 -0.258819045103 0.250000000000 0.933012701892 10.0000
0.3043 0.0246 -0.258819045103 0.482962913145 -0.836516303738 10.0000
0.3027 0.0246 -0.258819045103 0.482962913145 0.836516303738 10.0000
0.3046 0.0246 -0.258819045103 0.683012701892 -0.683012701892 10.0000
0.3016 0.0246 -0.258819045103 0.683012701892 0.683012701892 10.0000
0.3025 0.0246 -0.258819045103 0.836516303738 -0.482962913145 10.0000
0.3027 0.0246 -0.258819045103 0.836516303738 0.482962913145 10.0000
0.3050 0.0246 -0.258819045103 0.933012701892 -0.250000000000 10.0000
0.3040 0.0246 -0.258819045103 0.933012701892 0.250000000000 10.0000
0.3051 0.0246 -0.258819045103 0.965925826289 0.000000000000 10.0000
0.3045 0.0246 -0.173648177667 -0.984807753012 0.000000000000 10.0000
0.3033 0.0246 -0.173648177667 -0.951251242564 -0.254887002244 10.0000
0.3044 0.0246 -0.173648177667 -0.951251242564 0.254887002244 10.0000
0.3019 0.0246 -0.173648177667 -0.852868531952 -0.492403876506 10.0000
0.3018 0.0246 -0.173648177667 -0.852868531952 0.492403876506 10.0000
0.3008 0.0246 -0.173648177667 -0.696364240320 -0.696364240320 10.0000
0.3039 0.0246 -0.173648177667 -0.696364240320 0.696364240320 10.0000
0.3020 0.0246 -0.173648177667 -0.492403876506 -0.852868531952 10.0000
0.3037 0.0246 -0.173648177667 -0.492403876506 0.852868531952 10.0000
0.3017 0.0246 -0.173648177667 -0.254887002244 -0.951251242564 10.0000
0.3044 0.0246 -0.173648177667 -0.254887002244 0.951251242564 10.0000
0.3043 0.0246 -0.173648177667 -0.000000002588 -0.984807753012 10.0000
0.3043 0.0246 -0.173648177667 0.000000002588 0.984807753012 10.0000
0.3044 0.0246 -0.173648177667 0.254887002244 -0.951251242564 10.0000
0.3017 0.0246 -0.173648177667 0.254887002244 0.951251242564 10.0000
0.3036 0.0246 -0.173648177667 0.492403876506 -0.852868531952 10.0000
0.3020 0.0246 -0.173648177667 0.492403876506 0.852868531952 10.0000
0.3039 0.0246 -0.173648177667 0.696364240320 -0.696364240320 10.0000
0.3008 0.0246 -0.173648177667 0.696364240320 0.696364240320 10.0000
0.3018 0.0246 -0.173648177667 0.852868531952 -0.492403876506 10.0000
0.3019 0.0246 -0.173648177667 0.852868531952 0.492403876506 10.0000
0.3044 0.0246 -0.173648177667 0.951251242564 -0.254887002244 10.0000
0.3033 0.0246 -0.173648177667 0.951251242564 0.254887002244 10.0000
0.3045 0.0246 -0.173648177667 0.984807753012 0.000000000000 10.0000
0.3041 0.0246 -0.087155742748 -0.996194698092 0.000000000000 10.0000
0.3029 0.0246 -0.087155742748 -0.962250186899 -0.257834160496 10.0000
0.3040 0.0246 -0.087155742748 -0.962250186899 0.257834160496 10.0000
0.3015 0.0246 -0.087155742748 -0.862729915663 -0.498097349046 10.0000
0.3013 0.0246 -0.087155742748 -0.862729915663 0.498097349046 10.0000
0.3003 0.0246 -0.087155742748 -0.704416026403 -0.704416026403 10.0000
0.3035 0.0246 -0.087155742748 -0.704416026403 0.704416026403 10.0000
0.3016 0.0246 -0.087155742748 -0.498097349046 -0.862729915663 10.0000
0.3032 0.0246 -0.087155742748 -0.498097349046 0.862729915663 10.0000
0.3013 0.0246 -0.087155742748 -0.257834160496 -0.962250186899 10.0000
0.3040 0.0246 -0.087155742748 -0.257834160496 0.962250186899 10.0000
0.3039 0.0246 -0.087155742748 -0.000000000000 -0.996194698092 10.0000
0.3039 0.0246 -0.087155742748 0.000000000000 0.996194698092 10.0000
0.3040 0.0246 -0.087155742748 0.257834160496 -0.962250186899 10.0000
0.3013 0.0246 -0.087155742748 0.257834160496 0.962250186899 10.0000
0.3032 0.0246 -0.087155742748 0.498097349046 -0.862729915663 10.0000
0.3016 0.0246 -0.087155742748 0.498097349046 0.862729915663 10.0000
0.3035 0.0246 -0.087155742748 0.704416026403 -0.704416026403 10.0000
0.3003 0.0246 -0.087155742748 0.704416026403 0.704416026403 10.0000
0.3013 0.0246 -0.087155742748 0.862729915663 -0.498097349046 10.0000
0.3015 0.0246 -0.087155742748 0.862729915663 0.498097349046 10.0000
0.3040 0.0246 -0.087155742748 0.962250186899 -0.257834160496 10.0000
0.3029 0.0246 -0.087155742748 0.962250186899 0.257834160496 10.0000
0.3041 0.0246 -0.087155742748 0.996194698092 0.000000000000 10.0000
0.3040 0.0246 0.000000000000 -1.000000000000 0.000000000000 10.0000
0.3027 0.0246 0.000000000000 -0.965925826289 -0.258819045103 10.0000
0.3039 0.0246 0.000000000000 -0.965925826289 0.258819045103 10.0000
0.3013 0.0246 0.000000000000 -0.866025403784 -0.500000000000 10.0000
0.3012 0.0246 0.000000000000 -0.866025403784 0.500000000000 10.0000
0.3002 0.0246 0.000000000000 -0.707106781187 -0.707106781187 10.0000
0.3033 0.0246 0.000000000000 -0.707106781187 0.707106781187 10.0000
0.3014 0.0246 0.000000000000 -0.500000000000 -0.866025403784 10.0000
0.3031 0.0246 0.000000000000 -0.500000000000 0.866025403784 10.0000
0.3011 0.0246 0.000000000000 -0.258819045103 -0.965925826289 10.0000
0.3039 0.0246 0.000000000000 -0.258819045103 0.965925826289 10.0000
0.3038 0.0246 0.000000000000 0.000000000000 -1.000000000000 10.0000
0.3038 0.0246 -0.000000000000 0.000000000000 1.000000000000 10.0000
0.3039 0.0246 0.000000000000 0.258819045103 -0.965925826289 10.0000
0.3011 0.0246 0.000000000000 0.258819045103 0.965925826289 10.0000
0.3031 0.0246 0.000000000000 0.500000000000 -0.866025403784 10.0000
0.3014 0.0246 0.000000000000 0.500000000000 0.866025403784 10.0000
0.3033 0.0246 0.000000000000 0.707106781187 -0.707106781187 10.0000
0.3002 0.0246 0.000000000000 0.707106781187 0.707106781187 10.0000
0.3012 0.0246 0.000000000000 0.866025403784 -0.500000000000 10.0000
0.3013 0.0246 0.000000000000 0.866025403784 0.500000000000 10.0000
0.3039 0.0246 0.000000000000 0.965925826289 -0.258819045103 10.0000
0.3027 0.0246 0.000000000000 0.965925826289 0.258819045103 10.0000
0.3040 0.0246 0.000000000000 1.000000000000 0.000000000000 10.0000
0.3041 0.0246 0.087155742748 -0.996194698092 0.000000000000 10.0000
0.3029 0.0246 0.087155742748 -0.962250186899 -0.257834160496 10.0000
0.3040 0.0246 0.087155742748 -0.962250186899 0.257834160496 10.0000
0.3015 0.0246 0.087155742748 -0.862729915663 -0.498097349046 10.0000
0.3013 0.0246 0.087155742748 -0.862729915663 0.498097349046 10.0000
0.3003 0.0246 0.087155742748 -0.704416026403 -0.704416026403 10.0000
0.3035 0.0246 0.087155742748 -0.704416026403 0.704416026403 10.0000
0.3016 0.0246 0.087155742748 -0.498097349046 -0.862729915663 10.0000
0.3032 0.0246 0.087155742748 -0.498097349046 0.862729915663 10.0000
0.3013 0.0246 0.087155742748 -0.257834160496 -0.962250186899 10.0000
0.3040 0.0246 0.087155742748 -0.257834160496 0.962250186899 10.0000
0.3039 0.0246 0.087155742748 0.000000000000 -0.996194698092 10.0000
0.3039 0.0246 0.087155742748 0.000000000000 0.996194698092 10.0000
0.3040 0.0246 0.087155742748 0.257834160496 -0.962250186899 10.0000
0.3013 0.0246 0.087155742748 0.257834160496 0.962250186899 10.0000
0.3032 0.0246 0.087155742748 0.498097349046 -0.862729915663 10.0000
0.3016 0.0246 0.087155742748 0.498097349046 0.862729915663 10.0000
0.3035 0.0246 0.087155742748 0.704416026403 -0.704416026403 10.0000
0.3003 0.0246 0.087155742748 0.704416026403 0.704416026403 10.0000
0.3013 0.0246 0.087155742748 0.862729915663 -0.498097349046 10.0000
0.3015 0.0246 0.087155742748 0.862729915663 0.498097349046 10.0000
0.3040 0.0246 0.087155742748 0.962250186899 -0.257834160496 10.0000
0.3029 0.0246 0.087155742748 0.962250186899 0.257834160496 10.0000
0.3041 0.0246 0.087155742748 0.996194698092 0.000000000000 10.0000
0.3045 0.0246 0.173648177667 -0.984807753012 0.000000000000 10.0000
0.3033 0.0246 0.173648177667 -0.951251242564 -0.254887002244 10.0000
0.3044 0.0246 0.173648177667 -0.951251242564 0.254887002244 10.0000
0.3019 0.0246 0.173648177667 -0.852868531952 -0.492403876506 10.0000
0.3018 0.0246 0.173648177667 -0.852868531952 0.492403876506 10.0000
0.3008 0.0246 0.173648177667 -0.696364240320 -0.696364240320 10.0000
0.3039 0.0246 0.173648177667 -0.696364240320 0.696364240320 10.0000
0.3020 0.0246 0.173648177667 -0.492403876506 -0.852868531952 10.0000
0.3036 0.0246 0.173648177667 -0.492403876506 0.852868531952 10.0000
0.3017 0.0246 0.173648177667 -0.254887002244 -0.951251242564 10.0000
0.3044 0.0246 0.173648177667 -0.254887002244 0.951251242564 10.0000
0.3043 0.0246 0.173648177667 -0.000000002588 -0.984807753012 10.0000
0.3043 0.0246 0.173648177667 0.000000002588 0.984807753012 10.0000
0.3044 0.0246 0.173648177667 0.254887002244 -0.951251242564 10.0000
0.3017 0.0246 0.173648177667 0.254887002244 0.951251242564 10.0000
0.3037 0.0246 0.173648177667 0.492403876506 -0.852868531952 10.0000
0.3020 0.0246 0.173648177667 0.492403876506 0.852868531952 10.0000
0.3039 0.0246 0.173648177667 0.696364240320 -0.696364240320 10.0000
0.3008 0.0246 0.173648177667 0.696364240320 0.696364240320 10.0000
0.3018 0.0246 0.173648177667 0.852868531952 -0.492403876506 10.0000
0.3019 0.0246 0.173648177667 0.852868531952 0.492403876506 10.0000
0.3044 0.0246 0.173648177667 0.951251242564 -0.254887002244 10.0000
0.3033 0.0246 0.173648177667 0.951251242564 0.254887002244 10.0000
0.3045 0.0246 0.173648177667 0.984807753012 0.000000000000 10.0000
0.3051 0.0246 0.258819045103 -0.965925826289 0.000000000000 10.0000
0.3040 0.0246 0.258819045103 -0.933012701892 -0.250000000000 10.0000
0.3050 0.0246 0.258819045103 -0.933012701892 0.250000000000 10.0000
0.3027 0.0246 0.258819045103 -0.836516303738 -0.482962913145 10.0000
0.3025 0.0246 0.258819045103 -0.836516303738 0.482962913145 10.0000
0.3016 0.0246 0.258819045103 -0.683012701892 -0.683012701892 10.0000
0.3046 0.0246 0.258819045103 -0.683012701892 0.683012701892 10.0000
0.3027 0.0246 0.258819045103 -0.482962913145 -0.836516303738 10.0000
0.3043 0.0246 0.258819045103 -0.482962913145 0.836516303738 10.0000
0.3025 0.0246 0.258819045103 -0.250000000000 -0.933012701892 10.0000
0.3050 0.0246 0.258819045103 -0.250000000000 0.933012701892 10.0000
0.3049 0.0246 0.258819045103 0.000000000000 -0.965925826289 10.0000
0.3049 0.0246 0.258819045103 0.000000000000 0.965925826289 10.0000
0.3050 0.0246 0.258819045103 0.250000000000 -0.933012701892 10.0000
0.3025 0.0246 0.258819045103 0.250000000000 0.933012701892 10.0000
0.3043 0.0246 0.258819045103 0.482962913145 -0.836516303738 10.0000
0.3027 0.0246 0.258819045103 0.482962913145 0.836516303738 10.0000
0.3045 0.0246 0.258819045103 0.683012701892 -0.683012701892 10.0000
0.3016 0.0246 0.258819045103 0.683012701892 0.683012701892 10.0000
0.3025 0.0246 0.258819045103 0.836516303738 -0.482962913145 10.0000
0.3027 0.0246 0.258819045103 0.836516303738 0.482962913145 10.0000
0.3050 0.0246 0.258819045103 0.933012701892 -0.250000000000 10.0000
0.3040 0.0246 0.258819045103 0.933012701892 0.250000000000 10.0000
0.3051 0.0246 0.258819045103 0.965925826289 0.000000000000 10.0000
0.3060 0.0246 0.342020143326 -0.939692620786 0.000000000000 10.0000
0.3049 0.0246 0.342020143326 -0.907673371190 -0.243210346802 10.0000
0.3059 0.0246 0.342020143326 -0.907673371190 0.243210346802 10.0000
0.3037 0.0246 0.342020143326 -0.813797681349 -0.469846310393 10.0000
0.3035 0.0246 0.342020143326 -0.813797681349 0.469846310393 10.0000
0.3026 0.0246 0.342020143326 -0.664463024389 -0.664463024389 10.0000
0.3054 0.0246 0.342020143326 -0.664463024389 0.664463024389 10.0000
0.3037 0.0246 0.342020143326 -0.469846310393 -0.813797681349 10.0000
0.3052 0.0246 0.342020143326 -0.469846310393 0.813797681349 10.0000
0.3035 0.0246 0.342020143326 -0.243210346802 -0.907673371190 10.0000
0.3059 0.0246 0.342020143326 -0.243210346802 0.907673371190 10.0000
0.3058 0.0246 0.342020143326 0.000000000000 -0.939692620786 10.0000
0.3058 0.0246 0.342020143326 0.000000000000 0.939692620786 10.0000
0.3059 0.0246 0.342020143326 0.243210346802 -0.907673371190 10.0000
0.3035 0.0246 0.342020143326 0.243210346802 0.907673371190 10.0000
0.3052 0.0246 0.342020143326 0.469846310393 -0.813797681349 10.0000
0.3037 0.0246 0.342020143326 0.469846310393 0.813797681349 10.0000
0.3054 0.0246 0.342020143326 0.664463024389 -0.664463024389 10.0000
0.3026 0.0246 0.342020143326 0.664463024389 0.664463024389 10.0000
0.3035 0.0246 0.342020143326 0.813797681349 -0.469846310393 10.0000
0.3037 0.0246 0.342020143326 0.813797681349 0.469846310393 10.0000
0.3059 0.0246 0.342020143326 0.907673371190 -0.243210346802 10.0000
0.3049 0.0246 0.342020143326 0.907673371190 0.243210346802 10.0000
0.3060 0.0246 0.342020143326 0.939692620786 0.000000000000 10.0000
0.3071 0.0246 0.422618261741 -0.906307787037 0.000000000000 10.0000
0.3060 0.0246 0.422618261741 -0.875426098066 -0.234569716010 10.0000
0.3070 0.0246 0.422618261741 -0.875426098066 0.234569716010 10.0000
0.3049 0.0246 0.422618261741 -0.784885567221 -0.453153893518 10.0000
0.3048 0.0246 0.422618261741 -0.784885567221 0.453153893518 10.0000
0.3039 0.0246 0.422618261741 -0.640856382056 -0.640856382056 10.0000
0.3065 0.0246 0.422618261741 -0.640856382056 0.640856382056 10.0000
0.3049 0.0246 0.422618261741 -0.453153893518 -0.784885567221 10.0000
0.3063 0.0246 0.422618261741 -0.453153893518 0.784885567221 10.0000
0.3047 0.0246 0.422618261741 -0.234569716010 -0.875426098066 10.0000
0.3070 0.0246 0.422618261741 -0.234569716010 0.875426098066 10.0000
0.3069 0.0246 0.422618261741 0.000000000000 -0.906307787037 10.0000
0.3069 0.0246 0.422618261741 0.000000000000 0.906307787037 10.0000
0.3070 0.0246 0.422618261741 0.234569716010 -0.875426098066 10.0000
0.3047 0.0246 0.422618261741 0.234569716010 0.875426098066 10.0000
0.3063 0.0246 0.422618261741 0.453153893518 -0.784885567221 10.0000
0.3049 0.0246 0.422618261741 0.453153893518 0.784885567221 10.0000
0.3065 0.0246 0.422618261741 0.640856382056 -0.640856382056 10.0000
0.3039 0.0246 0.422618261741 0.640856382056 0.640856382056 10.0000
0.3047 0.0246 0.422618261741 0.784885567221 -0.453153893518 10.0000
0.3049 0.0246 0.422618261741 0.784885567221 0.453153893518 10.0000
0.3070 0.0246 0.422618261741 0.875426098066 -0.234569716010 10.0000
0.3060 0.0246 0.422618261741 0.875426098066 0.234569716010 10.0000
0.3070 0.0246 0.422618261741 0.906307787037 0.000000000000 10.0000
0.3083 0.0246 0.500000000000 -0.866025403784 0.000000000000 10.0000
0.3073 0.0246 0.500000000000 -0.836516303738 -0.224143868042 10.0000
0.3082 0.0246 0.500000000000 -0.836516303738 0.224143868042 10.0000
0.3063 0.0246 0.500000000000 -0.750000000000 -0.433012701892 10.0000
0.3062 0.0246 0.500000000000 -0.750000000000 0.433012701892 10.0000
0.3054 0.0246 0.500000000000 -0.612372435696 -0.612372435696 10.0000
0.3078 0.0246 0.500000000000 -0.612372435696 0.612372435696 10.0000
0.3063 0.0246 0.500000000000 -0.433012701892 -0.750000000000 10.0000
0.3076 0.0246 0.500000000000 -0.433012701892 0.750000000000 10.0000
0.3062 0.0246 0.500000000000 -0.224143868042 -0.836516303738 10.0000
0.3082 0.0246 0.500000000000 -0.224143868042 0.836516303738 10.0000
0.3081 0.0246 0.500000000000 0.000000000000 -0.866025403784 10.0000
0.3081 0.0246 0.500000000000 0.000000000000 0.866025403784 10.0000
0.3082 0.0246 0.500000000000 0.224143868042 -0.836516303738 10.0000
0.3061 0.0246 0.500000000000 0.224143868042 0.836516303738 10.0000
0.3076 0.0246 0.500000000000 0.433012701892 -0.750000000000 10.0000
0.3064 0.0246 0.500000000000 0.433012701892 0.750000000000 10.0000
0.3078 0.0246 0.500000000000 0.612372435696 -0.612372435696 10.0000
0.3054 0.0246 0.500000000000 0.612372435696 0.612372435696 10.0000
0.3062 0.0246 0.500000000000 0.750000000000 -0.433012701892 10.0000
0.3063 0.0246 0.500000000000 0.750000000000 0.433012701892 10.0000
0.3082 0.0246 0.500000000000 0.836516303738 -0.224143868042 10.0000
0.3073 0.0246 0.500000000000 0.836516303738 0.224143868042 10.0000
0.3083 0.0246 0.500000000000 0.866025403784 0.000000000000 10.0000
0.3096 0.0246 0.573576436351 -0.819152044289 0.000000000000 10.0000
0.3088 0.0246 0.573576436351 -0.791240115236 -0.212012149897 10.0000
0.3096 0.0246 0.573576436351 -0.791240115236 0.212012149897 10.0000
0.3079 0.0246 0.573576436351 -0.709406479916 -0.409576022144 10.0000
0.3078 0.0246 0.573576436351 -0.709406479916 0.409576022144 10.0000
0.3071 0.0246 0.573576436351 -0.579227965340 -0.579227965340 10.0000
0.3092 0.0246 0.573576436351 -0.579227965340 0.579227965340 10.0000
0.3079 0.0246 0.573576436351 -0.409576022144 -0.709406479916 10.0000
0.3090 0.0246 0.573576436351 -0.409576022144 0.709406479916 10.0000
0.3077 0.0246 0.573576436351 -0.212012149897 -0.791240115236 10.0000
0.3096 0.0246 0.573576436351 -0.212012149897 0.791240115236 10.0000
0.3095 0.0246 0.573576436351 0.000000000000 -0.819152044289 10.0000
0.3095 0.0246 0.573576436351 0.000000008547 0.819152044289 10.0000
0.3096 0.0246 0.573576436351 0.212012149897 -0.791240115236 10.0000
0.3077 0.0246 0.573576436351 0.212012149897 0.791240115236 10.0000
0.3091 0.0246 0.573576436351 0.409576022144 -0.709406479916 10.0000
0.3079 0.0246 0.573576436351 0.409576022144 0.709406479916 10.0000
0.3092 0.0246 0.573576436351 0.579227965340 -0.579227965340 10.0000
0.3071 0.0246 0.573576436351 0.579227965340 0.579227965340 10.0000
0.3077 0.0246 0.573576436351 0.709406479916 -0.409576022144 10.0000
0.3078 0.0246 0.573576436351 0.709406479916 0.409576022144 10.0000
0.3096 0.0246 0.573576436351 0.791240115236 -0.212012149897 10.0000
0.3088 0.0246 0.573576436351 0.791240115236 0.212012149897 10.0000
0.3096 0.0246 0.573576436351 0.819152044289 0.000000000000 10.0000
0.3111 0.0246 0.642787609687 -0.766044443119 0.000000000000 10.0000
0.3103 0.0246 0.642787609687 -0.739942111694 -0.198266891274 10.0000
0.3110 0.0246 0.642787609687 -0.739942111694 0.198266891274 10.0000
0.3095 0.0246 0.642787609687 -0.663413948169 -0.383022221559 10.0000
0.3094 0.0246 0.642787609687 -0.663413948169 0.383022221559 10.0000
0.3088 0.0246 0.642787609687 -0.541675220420 -0.541675220420 10.0000
0.3107 0.0246 0.642787609687 -0.541675220420 0.541675220420 10.0000
0.3096 0.0246 0.642787609687 -0.383022221559 -0.663413948169 10.0000
0.3106 0.0246 0.642787609687 -0.383022221559 0.663413948169 10.0000
0.3094 0.0246 0.642787609687 -0.198266891274 -0.739942111694 10.0000
0.3110 0.0246 0.642787609687 -0.198266891274 0.739942111694 10.0000
0.3110 0.0246 0.642787609687 -0.000000009578 -0.766044443119 10.0000
0.3109 0.0246 0.642787609687 0.000000000000 0.766044443119 10.0000
0.3110 0.0246 0.642787609687 0.198266891274 -0.739942111694 10.0000
0.3094 0.0246 0.642787609687 0.198266891274 0.739942111694 10.0000
0.3106 0.0246 0.642787609687 0.383022221559 -0.663413948169 10.0000
0.3096 0.0246 0.642787609687 0.383022221559 0.663413948169 10.0000
0.3107 0.0246 0.642787609687 0.541675220420 -0.541675220420 10.0000
0.3088 0.0246 0.642787609687 0.541675220420 0.541675220420 10.0000
0.3094 0.0246 0.642787609687 0.663413948169 -0.383022221559 10.0000
0.3095 0.0246 0.642787609687 0.663413948169 0.383022221559 10.0000
0.3110 0.0246 0.642787609687 0.739942111694 -0.198266891274 10.0000
0.3103 0.0246 0.642787609687 0.739942111694 0.198266891274 10.0000
0.3111 0.0246 0.642787609687 0.766044443119 0.000000000000 10.0000
0.3126 0.0246 0.707106781187 -0.707106781187 0.000000000000 10.0000
0.3119 0.0246 0.707106781187 -0.683012701892 -0.183012701892 10.0000
0.3125 0.0246 0.707106781187 -0.683012701892 0.183012701892 10.0000
0.3113 0.0246 0.707106781187 -0.612372435696 -0.353553390593 10.0000
0.3112 0.0246 0.707106781187 -0.612372435696 0.353553390593 10.0000
0.3107 0.0246 0.707106781187 -0.500000000000 -0.500000000000 10.0000
0.3123 0.0246 0.707106781187 -0.500000000000 0.500000000000 10.0000
0.3113 0.0246 0.707106781187 -0.353553390593 -0.612372435696 10.0000
0.3121 0.0246 0.707106781187 -0.353553390593 0.612372435696 10.0000
0.3112 0.0246 0.707106781187 -0.183012701892 -0.683012701892 10.0000
0.3125 0.0246 0.707106781187 -0.183012701892 0.683012701892 10.0000
0.3125 0.0246 0.707106781187 0.000000000000 -0.707106781187 10.0000
0.3124 0.0246 0.707106781187 0.000000000000 0.707106781187 10.0000
0.3125 0.0246 0.707106781187 0.183012701892 -0.683012701892 10.0000
0.3111 0.0246 0.707106781187 0.183012701892 0.683012701892 10.0000
0.3121 0.0246 0.707106781187 0.353553390593 -0.612372435696 10.0000
0.3113 0.0246 0.707106781187 0.353553390593 0.612372435696 10.0000
0.3122 0.0246 0.707106781187 0.500000000000 -0.500000000000 10.0000
0.3107 0.0246 0.707106781187 0.500000000000 0.500000000000 10.0000
0.3111 0.0246 0.707106781187 0.612372435696 -0.353553390593 10.0000
0.3112 0.0246 0.707106781187 0.612372435696 0.353553390593 10.0000
0.3125 0.0246 0.707106781187 0.683012701892 -0.183012701892 10.0000
0.3119 0.0246 0.707106781187 0.683012701892 0.183012701892 10.0000
0.3126 0.0246 0.707106781187 0.707106781187 0.000000000000 10.0000
0.3141 0.0246 0.766044443119 -0.642787609687 0.000000000000 10.0000
0.3135 0.0246 0.766044443119 -0.620885153015 -0.166365675343 10.0000
0.3140 0.0246 0.766044443119 -0.620885153015 0.166365675343 10.0000
0.3130 0.0246 0.766044443119 -0.556670399226 -0.321393804843 10.0000
0.3129 0.0246 0.766044443119 -0.556670399226 0.321393804843 10.0000
0.3125 0.0246 0.766044443119 -0.454519477672 -0.454519477672 10.0000
0.3138 0.0246 0.766044443119 -0.454519477672 0.454519477672 10.0000
0.3130 0.0246 0.766044443119 -0.321393804843 -0.556670399226 10.0000
0.3137 0.0246 0.766044443119 -0.321393804843 0.556670399226 10.0000
0.3129 0.0246 0.766044443119 -0.166365675343 -0.620885153015 10.0000
0.3140 0.0246 0.766044443119 -0.166365675343 0.620885153015 10.0000
0.3140 0.0246 0.766044443119 0.000000000000 -0.642787609687 10.0000
0.3139 0.0246 0.766044443119 0.000000000000 0.642787609687 10.0000
0.3140 0.0246 0.766044443119 0.166365675343 -0.620885153015 10.0000
0.3128 0.0246 0.766044443119 0.166365675343 0.620885153015 10.0000
0.3137 0.0246 0.766044443119 0.321393804843 -0.556670399226 10.0000
0.3130 0.0246 0.766044443119 0.321393804843 0.556670399226 10.0000
0.3138 0.0246 0.766044443119 0.454519477672 -0.454519477672 10.0000
0.3125 0.0246 0.766044443119 0.454519477672 0.454519477672 10.0000
0.3129 0.0246 0.766044443119 0.556670399226 -0.321393804843 10.0000
0.3130 0.0246 0.766044443119 0.556670399226 0.321393804843 10.0000
0.3140 0.0246 0.766044443119 0.620885153015 -0.166365675343 10.0000
0.3135 0.0246 0.766044443119 0.620885153015 0.166365675343 10.0000
0.3140 0.0246 0.766044443119 0.642787609687 0.000000000000 10.0000
0.3155 0.0246 0.819152044289 -0.573576436351 0.000000000000 10.0000
0.3151 0.0246 0.819152044289 -0.554032293222 -0.148452505550 10.0000
0.3155 0.0246 0.819152044289 -0.554032293222 0.148452505550 10.0000
0.3147 0.0246 0.819152044289 -0.496731764892 -0.286788218176 10.0000
0.3146 0.0246 0.819152044289 -0.496731764892 0.286788218176 10.0000
0.3142 0.0246 0.819152044289 -0.405579787673 -0.405579787673 10.0000
0.3153 0.0246 0.819152044289 -0.405579787673 0.405579787673 10.0000
0.3146 0.0246 0.819152044289 -0.286788218176 -0.496731764892 10.0000
0.3152 0.0246 0.819152044289 -0.286788218176 0.496731764892 10.0000
0.3146 0.0246 0.819152044289 -0.148452505550 -0.554032293222 10.0000
0.3155 0.0246 0.819152044289 -0.148452505550 0.554032293222 10.0000
0.3154 0.0246 0.819152044289 0.000000000000 -0.573576436351 10.0000
0.3154 0.0246 0.819152044289 0.000000000000 0.573576436351 10.0000
0.3155 0.0246 0.819152044289 0.148452505550 -0.554032293222 10.0000
0.3145 0.0246 0.819152044289 0.148452505550 0.554032293222 10.0000
0.3152 0.0246 0.819152044289 0.286788218176 -0.496731764892 10.0000
0.3147 0.0246 0.819152044289 0.286788218176 0.496731764892 10.0000
0.3153 0.0246 0.819152044289 0.405579787673 -0.405579787673 10.0000
0.3142 0.0246 0.819152044289 0.405579787673 0.405579787673 10.0000
0.3146 0.0246 0.819152044289 0.496731764892 -0.286788218176 10.0000
0.3146 0.0246 0.819152044289 0.496731764892 0.286788218176 10.0000
0.3155 0.0246 0.819152044289 0.554032293222 -0.148452505550 10.0000
0.3151 0.0246 0.819152044289 0.554032293222 0.148452505550 10.0000
0.3155 0.0246 0.819152044289 0.573576436351 0.000000000000 10.0000
0.3169 0.0246 0.866025403784 -0.500000000000 0.000000000000 10.0000
0.3165 0.0246 0.866025403784 -0.482962913145 -0.129409522551 10.0000
0.3168 0.0246 0.866025403784 -0.482962913145 0.129409522551 10.0000
0.3162 0.0246 0.866025403784 -0.433012701892 -0.250000000000 10.0000
0.3162 0.0246 0.866025403784 -0.433012701892 0.250000000000 10.0000
0.3159 0.0246 0.866025403784 -0.353553390593 -0.353553390593 10.0000
0.3167 0.0246 0.866025403784 -0.353553390593 0.353553390593 10.0000
0.3162 0.0246 0.866025403784 -0.250000000000 -0.433012701892 10.0000
0.3166 0.0246 0.866025403784 -0.250000000000 0.433012701892 10.0000
0.3162 0.0246 0.866025403784 -0.129409522551 -0.482962913145 10.0000
0.3168 0.0246 0.866025403784 -0.129409522551 0.482962913145 10.0000
0.3168 0.0246 0.866025403784 0.000000000000 -0.500000000000 10.0000
0.3168 0.0246 0.866025403784 0.000000012905 0.500000000000 10.0000
0.3168 0.0246 0.866025403784 0.129409522551 -0.482962913145 10.0000
0.3161 0.0246 0.866025403784 0.129409522551 0.482962913145 10.0000
0.3166 0.0246 0.866025403784 0.250000000000 -0.433012701892 10.0000
0.3162 0.0246 0.866025403784 0.250000000000 0.433012701892 10.0000
0.3167 0.0246 0.866025403784 0.353553390593 -0.353553390593 10.0000
0.3159 0.0246 0.866025403784 0.353553390593 0.353553390593 10.0000
0.3161 0.0246 0.866025403784 0.433012701892 -0.250000000000 10.0000
0.3162 0.0246 0.866025403784 0.433012701892 0.250000000000 10.0000
0.3168 0.0246 0.866025403784 0.482962913145 -0.129409522551 10.0000
0.3166 0.0246 0.866025403784 0.482962913145 0.129409522551 10.0000
0.3168 0.0246 0.866025403784 0.500000000000 0.000000000000 10.0000
0.3181 0.0246 0.906307787037 -0.422618261741 0.000000000000 10.0000
0.3179 0.0246 0.906307787037 -0.408217893677 -0.109381654947 10.0000
0.3181 0.0246 0.906307787037 -0.408217893677 0.109381654947 10.0000
0.3176 0.0246 0.906307787037 -0.365998150771 -0.211309130870 10.0000
0.3176 0.0246 0.906307787037 -0.365998150771 0.211309130870 10.0000
0.3174 0.0246 0.906307787037 -0.298836238730 -0.298836238730 10.0000
0.3180 0.0246 0.906307787037 -0.298836238730 0.298836238730 10.0000
0.3176 0.0246 0.906307787037 -0.211309130870 -0.365998150771 10.0000
0.3179 0.0246 0.906307787037 -0.211309130870 0.365998150771 10.0000
0.3176 0.0246 0.906307787037 -0.109381654947 -0.408217893677 10.0000
0.3181 0.0246 0.906307787037 -0.109381654947 0.408217893677 10.0000
0.3181 0.0246 0.906307787037 0.000000000000 -0.422618261741 10.0000
0.3180 0.0246 0.906307787037 0.000000000000 0.422618261741 10.0000
0.3181 0.0246 0.906307787037 0.109381654947 -0.408217893677 10.0000
0.3176 0.0246 0.906307787037 0.109381654947 0.408217893677 10.0000
0.3179 0.0246 0.906307787037 0.211309130870 -0.365998150771 10.0000
0.3176 0.0246 0.906307787037 0.211309130870 0.365998150771 10.0000
0.3180 0.0246 0.906307787037 0.298836238730 -0.298836238730 10.0000
0.3174 0.0246 0.906307787037 0.298836238730 0.298836238730 10.0000
0.3176 0.0246 0.906307787037 0.365998150771 -0.211309130870 10.0000
0.3176 0.0246 0.906307787037 0.365998150771 0.211309130870 10.0000
0.3181 0.0246 0.906307787037 0.408217893677 -0.109381654947 10.0000
0.3179 0.0246 0.906307787037 0.408217893677 0.109381654947 10.0000
0.3181 0.0246 0.906307787037 0.422618261741 0.000000000000 10.0000
0.3192 0.0246 0.939692620786 -0.342020143326 0.000000000000 10.0000
0.3190 0.0246 0.939692620786 -0.330366089549 -0.088521326901 10.0000
0.3191 0.0246 0.939692620786 -0.330366089549 0.088521326901 10.0000
0.3188 0.0246 0.939692620786 -0.296198132726 -0.171010071663 10.0000
0.3188 0.0246 0.939692620786 -0.296198132726 0.171010071663 10.0000
0.3187 0.0246 0.939692620786 -0.241844762648 -0.241844762648 10.0000
0.3191 0.0246 0.939692620786 -0.241844762648 0.241844762648 10.0000
0.3188 0.0246 0.939692620786 -0.171010071663 -0.296198132726 10.0000
0.3190 0.0246 0.939692620786 -0.171010071663 0.296198132726 10.0000
0.3188 0.0246 0.939692620786 -0.088521326901 -0.330366089549 10.0000
0.3191 0.0246 0.939692620786 -0.088521326901 0.330366089549 10.0000
0.3191 0.0246 0.939692620786 0.000000000000 -0.342020143326 10.0000
0.3191 0.0246 0.939692620786 0.000000000000 0.342020143326 10.0000
0.3191 0.0246 0.939692620786 0.088521326901 -0.330366089549 10.0000
0.3188 0.0246 0.939692620786 0.088521326901 0.330366089549 10.0000
0.3190 0.0246 0.939692620786 0.171010071663 -0.296198132726 10.0000
0.3189 0.0246 0.939692620786 0.171010071663 0.296198132726 10.0000
0.3191 0.0246 0.939692620786 0.241844762648 -0.241844762648 10.0000
0.3187 0.0246 0.939692620786 0.241844762648 0.241844762648 10.0000
0.3188 0.0246 0.939692620786 0.296198132726 -0.171010071663 10.0000
0.3188 0.0246 0.939692620786 0.296198132726 0.171010071663 10.0000
0.3191 0.0246 0.939692620786 0.330366089549 -0.088521326901 10.0000
0.3190 0.0246 0.939692620786 0.330366089549 0.088521326901 10.0000
0.3191 0.0246 0.939692620786 0.342020143326 0.000000000000 10.0000
0.3200 0.0246 0.965925826289 -0.258819045103 0.000000000000 10.0000
0.3199 0.0246 0.965925826289 -0.250000000000 -0.066987298108 10.0000
0.3200 0.0246 0.965925826289 -0.250000000000 0.066987298108 10.0000
0.3198 0.0246 0.965925826289 -0.224143868042 -0.129409522551 10.0000
0.3198 0.0246 0.965925826289 -0.224143868042 0.129409522551 10.0000
0.3197 0.0246 0.965925826289 -0.183012701892 -0.183012701892 10.0000
0.3200 0.0246 0.965925826289 -0.183012701892 0.183012701892 10.0000
0.3198 0.0246 0.965925826289 -0.129409522551 -0.224143868042 10.0000
0.3199 0.0246 0.965925826289 -0.129409522551 0.224143868042 10.0000
0.3198 0.0246 0.965925826289 -0.066987298108 -0.250000000000 10.0000
0.3200 0.0246 0.965925826289 -0.066987298108 0.250000000000 10.0000
0.3200 0.0246 0.965925826289 -0.000000014393 -0.258819045103 10.0000
0.3200 0.0246 0.965925826289 0.000000000000 0.258819045103 10.0000
0.3200 0.0246 0.965925826289 0.066987298108 -0.250000000000 10.0000
0.3198 0.0246 0.965925826289 0.066987298108 0.250000000000 10.0000
0.3199 0.0246 0.965925826289 0.129409522551 -0.224143868042 10.0000
0.3198 0.0246 0.965925826289 0.129409522551 0.224143868042 10.0000
0.3199 0.0246 0.965925826289 0.183012701892 -0.183012701892 10.0000
0.3197 0.0246 0.965925826289 0.183012701892 0.183012701892 10.0000
0.3198 0.0246 0.965925826289 0.224143868042 -0.129409522551 10.0000
0.3198 0.0246 0.965925826289 0.224143868042 0.129409522551 10.0000
0.3200 0.0246 0.965925826289 0.250000000000 -0.066987298108 10.0000
0.3199 0.0246 0.965925826289 0.250000000000 0.066987298108 10.0000
0.3200 0.0246 0.965925826289 0.258819045103 0.000000000000 10.0000
0.3206 0.0246 0.984807753012 -0.173648177667 0.000000000000 10.0000
0.3206 0.0246 0.984807753012 -0.167731259497 -0.044943455528 10.0000
0.3206 0.0246 0.984807753012 -0.167731259497 0.044943455528 10.0000
0.3206 0.0246 0.984807753012 -0.150383733180 -0.086824088833 10.0000
0.3206 0.0246 0.984807753012 -0.150383733180 0.086824088833 10.0000
0.3205 0.0246 0.984807753012 -0.122787803969 -0.122787803969 10.0000
0.3206 0.0246 0.984807753012 -0.122787803969 0.122787803969 10.0000
0.3206 0.0246 0.984807753012 -0.086824088833 -0.150383733180 10.0000
0.3206 0.0246 0.984807753012 -0.086824088833 0.150383733180 10.0000
0.3206 0.0246 0.984807753012 -0.044943455528 -0.167731259497 10.0000
0.3206 0.0246 0.984807753012 -0.044943455528 0.167731259497 10.0000
0.3206 0.0246 0.984807753012 0.000000000000 -0.173648177667 10.0000
0.3206 0.0246 0.984807753012 0.000000000000 0.173648177667 10.0000
0.3206 0.0246 0.984807753012 0.044943455528 -0.167731259497 10.0000
0.3205 0.0246 0.984807753012 0.044943455528 0.167731259497 10.0000
0.3206 0.0246 0.984807753012 0.086824088833 -0.150383733180 10.0000
0.3206 0.0246 0.984807753012 0.086824088833 0.150383733180 10.0000
0.3206 0.0246 0.984807753012 0.122787803969 -0.122787803969 10.0000
0.3205 0.0246 0.984807753012 0.122787803969 0.122787803969 10.0000
0.3205 0.0246 0.984807753012 0.150383733180 -0.086824088833 10.0000
0.3206 0.0246 0.984807753012 0.150383733180 0.086824088833 10.0000
0.3206 0.0246 0.984807753012 0.167731259497 -0.044943455528 10.0000
0.3206 0.0246 0.984807753012 0.167731259497 0.044943455528 10.0000
0.3206 0.0246 0.984807753012 0.173648177667 0.000000000000 10.0000
0.3210 0.0246 0.996194698092 -0.087155742748 0.000000000000 10.0000
0.3210 0.0246 0.996194698092 -0.084185982829 -0.022557566113 10.0000
0.3210 0.0246 0.996194698092 -0.084185982829 0.022557566113 10.0000
0.3210 0.0246 0.996194698092 -0.075479087305 -0.043577871374 10.0000
0.3210 0.0246 0.996194698092 -0.075479087305 0.043577871374 10.0000
0.3210 0.0246 0.996194698092 -0.061628416716 -0.061628416716 10.0000
0.3210 0.0246 0.996194698092 -0.061628416716 0.061628416716 10.0000
0.3210 0.0246 0.996194698092 -0.043577871374 -0.075479087305 10.0000
0.3210 0.0246 0.996194698092 -0.043577871374 0.075479087305 10.0000
0.3210 0.0246 0.996194698092 -0.022557566113 -0.084185982829 10.0000
0.3210 0.0246 0.996194698092 -0.022557566113 0.084185982829 10.0000
0.3210 0.0246 0.996194698092 -0.000000014844 -0.087155742748 10.0000
0.3210 0.0246 0.996194698092 0.000000000000 0.087155742748 10.0000
0.3210 0.0246 0.996194698092 0.022557566113 -0.084185982829 10.0000
0.3210 0.0246 0.996194698092 0.022557566113 0.084185982829 10.0000
0.3210 0.0246 0.996194698092 0.043577871374 -0.075479087305 10.0000
0.3210 0.0246 0.996194698092 0.043577871374 0.075479087305 10.0000
0.3210 0.0246 0.996194698092 0.061628416716 -0.061628416716 10.0000
0.3210 0.0246 0.996194698092 0.061628416716 0.061628416716 10.0000
0.3210 0.0246 0.996194698092 0.075479087305 -0.043577871374 10.0000
0.3210 0.0246 0.996194698092 0.075479087305 0.043577871374 10.0000
0.3210 0.0246 0.996194698092 0.084185982829 -0.022557566113 10.0000
0.3210 0.0246 0.996194698092 0.084185982829 0.022557566113 10.0000
0.3210 0.0246 0.996194698092 0.087155742748 0.000000000000 10.0000
0.3212 0.0246 1.000000000000 0.000000000000 0.000000000000 10.0000
