0.3772 0.0101 -1.000000000000 0.000000000000 0.000000000000 3.6200
0.3772 0.0101 -0.996194698092 -0.087155742748 0.000000000000 3.6200
0.3772 0.0101 -0.996194698092 -0.084185982829 -0.022557566113 3.6200
0.3772 0.0101 -0.996194698092 -0.084185982829 0.022557566113 3.6200
0.3771 0.0101 -0.996194698092 -0.075479087305 -0.043577871374 3.6200
0.3772 0.0101 -0.996194698092 -0.075479087305 0.043577871374 3.6200
0.3772 0.0101 -0.996194698092 -0.061628416716 -0.061628416716 3.6200
0.3771 0.0101 -0.996194698092 -0.061628416716 0.061628416716 3.6200
0.3771 0.0101 -0.996194698092 -0.043577871374 -0.075479087305 3.6200
0.3772 0.0101 -0.996194698092 -0.043577871374 0.075479087305 3.6200
0.3771 0.0101 -0.996194698092 -0.022557566113 -0.084185982829 3.6200
0.3772 0.0101 -0.996194698092 -0.022557566113 0.084185982829 3.6200
0.3772 0.0101 -0.996194698092 0.000000000000 -0.087155742748 3.6200
0.3772 0.0101 -0.996194698092 0.000000014844 0.087155742748 3.6200
0.3772 0.0101 -0.996194698092 0.022557566113 -0.084185982829 3.6200
0.3771 0.0101 -0.996194698092 0.022557566113 0.084185982829 3.6200
0.3772 0.0101 -0.996194698092 0.043577871374 -0.075479087305 3.6200
0.3771 0.0101 -0.996194698092 0.043577871374 0.075479087305 3.6200
0.3771 0.0101 -0.996194698092 0.061628416716 -0.061628416716 3.6200
0.3772 0.0101 -0.996194698092 0.061628416716 0.061628416716 3.6200
0.3772 0.0101 -0.996194698092 0.075479087305 -0.043577871374 3.6200
0.3771 0.0101 -0.996194698092 0.075479087305 0.043577871374 3.6200
0.3772 0.0101 -0.996194698092 0.084185982829 -0.022557566113 3.6200
0.3772 0.0101 -0.996194698092 0.084185982829 0.022557566113 3.6200
0.3772 0.0101 -0.996194698092 0.087155742748 0.000000000000 3.6200
0.3769 0.0101 -0.984807753012 -0.173648177667 0.000000000000 3.6200
0.3769 0.0101 -0.984807753012 -0.167731259497 -0.044943455528 3.6200
0.3769 0.0101 -0.984807753012 -0.167731259497 0.044943455528 3.6200
0.3768 0.0101 -0.984807753012 -0.150383733180 -0.086824088833 3.6200
0.3769 0.0101 -0.984807753012 -0.150383733180 0.086824088833 3.6200
0.3769 0.0101 -0.984807753012 -0.122787803969 -0.122787803969 3.6200
0.3769 0.0101 -0.984807753012 -0.122787803969 0.122787803969 3.6200
0.3769 0.0101 -0.984807753012 -0.086824088833 -0.150383733180 3.6200
0.3769 0.0101 -0.984807753012 -0.086824088833 0.150383733180 3.6200
0.3769 0.0101 -0.984807753012 -0.044943455528 -0.167731259497 3.6200
0.3769 0.0101 -0.984807753012 -0.044943455528 0.167731259497 3.6200
0.3769 0.0101 -0.984807753012 0.000000000000 -0.173648177667 3.6200
0.3769 0.0101 -0.984807753012 0.000000000000 0.173648177667 3.6200
0.3769 0.0101 -0.984807753012 0.044943455528 -0.167731259497 3.6200
0.3769 0.0101 -0.984807753012 0.044943455528 0.167731259497 3.6200
0.3769 0.0101 -0.984807753012 0.086824088833 -0.150383733180 3.6200
0.3769 0.0101 -0.984807753012 0.086824088833 0.150383733180 3.6200
0.3769 0.0101 -0.984807753012 0.122787803969 -0.122787803969 3.6200
0.3769 0.0101 -0.984807753012 0.122787803969 0.122787803969 3.6200
0.3769 0.0101 -0.984807753012 0.150383733180 -0.086824088833 3.6200
0.3768 0.0101 -0.984807753012 0.150383733180 0.086824088833 3.6200
0.3769 0.0101 -0.984807753012 0.167731259497 -0.044943455528 3.6200
0.3769 0.0101 -0.984807753012 0.167731259497 0.044943455528 3.6200
0.3769 0.0101 -0.984807753012 0.173648177667 0.000000000000 3.6200
0.3765 0.0101 -0.965925826289 -0.258819045103 0.000000000000 3.6200
0.3765 0.0101 -0.965925826289 -0.250000000000 -0.066987298108 3.6200
0.3765 0.0101 -0.965925826289 -0.250000000000 0.066987298108 3.6200
0.3763 0.0101 -0.965925826289 -0.224143868042 -0.129409522551 3.6200
0.3766 0.0101 -0.965925826289 -0.224143868042 0.129409522551 3.6200
0.3765 0.0101 -0.965925826289 -0.183012701892 -0.183012701892 3.6200
0.3764 0.0101 -0.965925826289 -0.183012701892 0.183012701892 3.6200
0.3764 0.0101 -0.965925826289 -0.129409522551 -0.224143868042 3.6200
0.3764 0.0101 -0.965925826289 -0.129409522551 0.224143868042 3.6200
0.3764 0.0101 -0.965925826289 -0.066987298108 -0.250000000000 3.6200
0.3765 0.0101 -0.965925826289 -0.066987298108 0.250000000000 3.6200
0.3765 0.0101 -0.965925826289 0.000000000000 -0.258819045103 3.6200
0.3765 0.0101 -0.965925826289 0.000000014393 0.258819045103 3.6200
0.3764 0.0101 -0.965925826289 0.066987298108 -0.250000000000 3.6200
0.3764 0.0101 -0.965925826289 0.066987298108 0.250000000000 3.6200
0.3764 0.0101 -0.965925826289 0.129409522551 -0.224143868042 3.6200
0.3764 0.0101 -0.965925826289 0.129409522551 0.224143868042 3.6200
0.3764 0.0101 -0.965925826289 0.183012701892 -0.183012701892 3.6200
0.3765 0.0101 -0.965925826289 0.183012701892 0.183012701892 3.6200
0.3766 0.0101 -0.965925826289 0.224143868042 -0.129409522551 3.6200
0.3763 0.0101 -0.965925826289 0.224143868042 0.129409522551 3.6200
0.3765 0.0101 -0.965925826289 0.250000000000 -0.066987298108 3.6200
0.3765 0.0101 -0.965925826289 0.250000000000 0.066987298108 3.6200
0.3765 0.0101 -0.965925826289 0.258819045103 0.000000000000 3.6200
0.3760 0.0101 -0.939692620786 -0.342020143326 0.000000000000 3.6200
0.3760 0.0101 -0.939692620786 -0.330366089549 -0.088521326901 3.6200
0.3760 0.0101 -0.939692620786 -0.330366089549 0.088521326901 3.6200
0.3757 0.0101 -0.939692620786 -0.296198132726 -0.171010071663 3.6200
0.3761 0.0101 -0.939692620786 -0.296198132726 0.171010071663 3.6200
0.3759 0.0101 -0.939692620786 -0.241844762648 -0.241844762648 3.6200
0.3758 0.0101 -0.939692620786 -0.241844762648 0.241844762648 3.6200
0.3758 0.0101 -0.939692620786 -0.171010071663 -0.296198132726 3.6200
0.3758 0.0101 -0.939692620786 -0.171010071663 0.296198132726 3.6200
0.3757 0.0101 -0.939692620786 -0.088521326901 -0.330366089549 3.6200
0.3759 0.0101 -0.939692620786 -0.088521326901 0.330366089549 3.6200
0.3759 0.0101 -0.939692620786 0.000000000000 0.342020143326 3.6200
0.3759 0.0101 -0.939692620786 0.000000014003 -0.342020143326 3.6200
0.3759 0.0101 -0.939692620786 0.088521326901 -0.330366089549 3.6200
0.3757 0.0101 -0.939692620786 0.088521326901 0.330366089549 3.6200
0.3758 0.0101 -0.939692620786 0.171010071663 -0.296198132726 3.6200
0.3758 0.0101 -0.939692620786 0.171010071663 0.296198132726 3.6200
0.3757 0.0101 -0.939692620786 0.241844762648 -0.241844762648 3.6200
0.3759 0.0101 -0.939692620786 0.241844762648 0.241844762648 3.6200
0.3761 0.0101 -0.939692620786 0.296198132726 -0.171010071663 3.6200
0.3756 0.0101 -0.939692620786 0.296198132726 0.171010071663 3.6200
0.3760 0.0101 -0.939692620786 0.330366089549 -0.088521326901 3.6200
0.3759 0.0101 -0.939692620786 0.330366089549 0.088521326901 3.6200
0.3760 0.0101 -0.939692620786 0.342020143326 0.000000000000 3.6200
0.3754 0.0101 -0.906307787037 -0.422618261741 0.000000000000 3.6200
0.3753 0.0101 -0.906307787037 -0.408217893677 -0.109381654947 3.6200
0.3754 0.0101 -0.906307787037 -0.408217893677 0.109381654947 3.6200
0.3748 0.0101 -0.906307787037 -0.365998150771 -0.211309130870 3.6200
0.3755 0.0101 -0.906307787037 -0.365998150771 0.211309130870 3.6200
0.3752 0.0101 -0.906307787037 -0.298836238730 -0.298836238730 3.6200
0.3750 0.0101 -0.906307787037 -0.298836238730 0.298836238730 3.6200
0.3750 0.0101 -0.906307787037 -0.211309130870 -0.365998150771 3.6200
0.3751 0.0101 -0.906307787037 -0.211309130870 0.365998150771 3.6200
0.3749 0.0101 -0.906307787037 -0.109381654947 -0.408217893677 3.6200
0.3752 0.0101 -0.906307787037 -0.109381654947 0.408217893677 3.6200
0.3752 0.0101 -0.906307787037 0.000000000000 -0.422618261741 3.6200
0.3752 0.0101 -0.906307787037 0.000000000000 0.422618261741 3.6200
0.3751 0.0101 -0.906307787037 0.109381654947 -0.408217893677 3.6200
0.3749 0.0101 -0.906307787037 0.109381654947 0.408217893677 3.6200
0.3751 0.0101 -0.906307787037 0.211309130870 -0.365998150771 3.6200
0.3750 0.0101 -0.906307787037 0.211309130870 0.365998150771 3.6200
0.3749 0.0101 -0.906307787037 0.298836238730 -0.298836238730 3.6200
0.3753 0.0101 -0.906307787037 0.298836238730 0.298836238730 3.6200
0.3754 0.0101 -0.906307787037 0.365998150771 -0.211309130870 3.6200
0.3748 0.0101 -0.906307787037 0.365998150771 0.211309130870 3.6200
0.3754 0.0101 -0.906307787037 0.408217893677 -0.109381654947 3.6200
0.3752 0.0101 -0.906307787037 0.408217893677 0.109381654947 3.6200
0.3754 0.0101 -0.906307787037 0.422618261741 0.000000000000 3.6200
0.3746 0.0101 -0.866025403784 -0.500000000000 0.000000000000 3.6200
0.3745 0.0101 -0.866025403784 -0.482962913145 -0.129409522551 3.6200
0.3746 0.0101 -0.866025403784 -0.482962913145 0.129409522551 3.6200
0.3739 0.0101 -0.866025403784 -0.433012701892 -0.250000000000 3.6200
0.3747 0.0101 -0.866025403784 -0.433012701892 0.250000000000 3.6200
0.3744 0.0101 -0.866025403784 -0.353553390593 -0.353553390593 3.6200
0.3741 0.0101 -0.866025403784 -0.353553390593 0.353553390593 3.6200
0.3741 0.0101 -0.866025403784 -0.250000000000 -0.433012701892 3.6200
0.3742 0.0101 -0.866025403784 -0.250000000000 0.433012701892 3.6200
0.3740 0.0101 -0.866025403784 -0.129409522551 -0.482962913145 3.6200
0.3743 0.0101 -0.866025403784 -0.129409522551 0.482962913145 3.6200
0.3744 0.0101 -0.866025403784 0.000000000000 -0.500000000000 3.6200
0.3744 0.0101 -0.866025403784 0.000000000000 0.500000000000 3.6200
0.3743 0.0101 -0.866025403784 0.129409522551 -0.482962913145 3.6200
0.3740 0.0101 -0.866025403784 0.129409522551 0.482962913145 3.6200
0.3742 0.0101 -0.866025403784 0.250000000000 -0.433012701892 3.6200
0.3741 0.0101 -0.866025403784 0.250000000000 0.433012701892 3.6200
0.3740 0.0101 -0.866025403784 0.353553390593 -0.353553390593 3.6200
0.3745 0.0101 -0.866025403784 0.353553390593 0.353553390593 3.6200
0.3747 0.0101 -0.866025403784 0.433012701892 -0.250000000000 3.6200
0.3738 0.0101 -0.866025403784 0.433012701892 0.250000000000 3.6200
0.3746 0.0101 -0.866025403784 0.482962913145 -0.129409522551 3.6200
0.3745 0.0101 -0.866025403784 0.482962913145 0.129409522551 3.6200
0.3746 0.0101 -0.866025403784 0.500000000000 0.000000000000 3.6200
0.3738 0.0101 -0.819152044289 -0.573576436351 0.000000000000 3.6200
0.3736 0.0101 -0.819152044289 -0.554032293222 -0.148452505550 3.6200
0.3738 0.0101 -0.819152044289 -0.554032293222 0.148452505550 3.6200
0.3728 0.0101 -0.819152044289 -0.496731764892 -0.286788218176 3.6200
0.3740 0.0101 -0.819152044289 -0.496731764892 0.286788218176 3.6200
0.3736 0.0101 -0.819152044289 -0.405579787673 -0.405579787673 3.6200
0.3730 0.0101 -0.819152044289 -0.405579787673 0.405579787673 3.6200
0.3731 0.0101 -0.819152044289 -0.286788218176 -0.496731764892 3.6200
0.3733 0.0101 -0.819152044289 -0.286788218176 0.496731764892 3.6200
0.3730 0.0101 -0.819152044289 -0.148452505550 -0.554032293222 3.6200
0.3734 0.0101 -0.819152044289 -0.148452505550 0.554032293222 3.6200
0.3735 0.0101 -0.819152044289 -0.000000000000 -0.573576436351 3.6200
0.3735 0.0101 -0.819152044289 0.000000000000 0.573576436351 3.6200
0.3734 0.0101 -0.819152044289 0.148452505550 -0.554032293222 3.6200
0.3730 0.0101 -0.819152044289 0.148452505550 0.554032293222 3.6200
0.3733 0.0101 -0.819152044289 0.286788218176 -0.496731764892 3.6200
0.3731 0.0101 -0.819152044289 0.286788218176 0.496731764892 3.6200
0.3730 0.0101 -0.819152044289 0.405579787673 -0.405579787673 3.6200
0.3736 0.0101 -0.819152044289 0.405579787673 0.405579787673 3.6200
0.3739 0.0101 -0.819152044289 0.496731764892 -0.286788218176 3.6200
0.3728 0.0101 -0.819152044289 0.496731764892 0.286788218176 3.6200
0.3738 0.0101 -0.819152044289 0.554032293222 -0.148452505550 3.6200
0.3736 0.0101 -0.819152044289 0.554032293222 0.148452505550 3.6200
0.3738 0.0101 -0.819152044289 0.573576436351 0.000000000000 3.6200
0.3729 0.0101 -0.766044443119 -0.642787609687 0.000000000000 3.6200
0.3727 0.0101 -0.766044443119 -0.620885153015 -0.166365675343 3.6200
0.3729 0.0101 -0.766044443119 -0.620885153015 0.166365675343 3.6200
0.3716 0.0101 -0.766044443119 -0.556670399226 -0.321393804843 3.6200
0.3731 0.0101 -0.766044443119 -0.556670399226 0.321393804843 3.6200
0.3726 0.0101 -0.766044443119 -0.454519477672 -0.454519477672 3.6200
0.3720 0.0101 -0.766044443119 -0.454519477672 0.454519477672 3.6200
0.3720 0.0101 -0.766044443119 -0.321393804843 -0.556670399226 3.6200
0.3723 0.0101 -0.766044443119 -0.321393804843 0.556670399226 3.6200
0.3719 0.0101 -0.766044443119 -0.166365675343 -0.620885153015 3.6200
0.3724 0.0101 -0.766044443119 -0.166365675343 0.620885153015 3.6200
0.3725 0.0101 -0.766044443119 -0.000000011415 -0.642787609687 3.6200
0.3725 0.0101 -0.766044443119 0.000000011415 0.642787609687 3.6200
0.3724 0.0101 -0.766044443119 0.166365675343 -0.620885153015 3.6200
0.3719 0.0101 -0.766044443119 0.166365675343 0.620885153015 3.6200
0.3723 0.0101 -0.766044443119 0.321393804843 -0.556670399226 3.6200
0.3720 0.0101 -0.766044443119 0.321393804843 0.556670399226 3.6200
0.3719 0.0101 -0.766044443119 0.454519477672 -0.454519477672 3.6200
0.3726 0.0101 -0.766044443119 0.454519477672 0.454519477672 3.6200
0.3731 0.0101 -0.766044443119 0.556670399226 -0.321393804843 3.6200
0.3716 0.0101 -0.766044443119 0.556670399226 0.321393804843 3.6200
0.3729 0.0101 -0.766044443119 0.620885153015 -0.166365675343 3.6200
0.3726 0.0101 -0.766044443119 0.620885153015 0.166365675343 3.6200
0.3729 0.0101 -0.766044443119 0.642787609687 0.000000000000 3.6200
0.3720 0.0101 -0.707106781187 -0.707106781187 0.000000000000 3.6200
0.3717 0.0101 -0.707106781187 -0.683012701892 -0.183012701892 3.6200
0.3720 0.0101 -0.707106781187 -0.683012701892 0.183012701892 3.6200
0.3704 0.0101 -0.707106781187 -0.612372435696 -0.353553390593 3.6200
0.3722 0.0101 -0.707106781187 -0.612372435696 0.353553390593 3.6200
0.3716 0.0101 -0.707106781187 -0.500000000000 -0.500000000000 3.6200
0.3708 0.0101 -0.707106781187 -0.500000000000 0.500000000000 3.6200
0.3709 0.0101 -0.707106781187 -0.353553390593 -0.612372435696 3.6200
0.3712 0.0101 -0.707106781187 -0.353553390593 0.612372435696 3.6200
0.3708 0.0101 -0.707106781187 -0.183012701892 -0.683012701892 3.6200
0.3714 0.0101 -0.707106781187 -0.183012701892 0.683012701892 3.6200
0.3715 0.0101 -0.707106781187 -0.000000000000 -0.707106781187 3.6200
0.3715 0.0101 -0.707106781187 0.000000000000 0.707106781187 3.6200
0.3713 0.0101 -0.707106781187 0.183012701892 -0.683012701892 3.6200
0.3708 0.0101 -0.707106781187 0.183012701892 0.683012701892 3.6200
0.3712 0.0101 -0.707106781187 0.353553390593 -0.612372435696 3.6200
0.3709 0.0101 -0.707106781187 0.353553390593 0.612372435696 3.6200
0.3708 0.0101 -0.707106781187 0.500000000000 -0.500000000000 3.6200
0.3717 0.0101 -0.707106781187 0.500000000000 0.500000000000 3.6200
0.3722 0.0101 -0.707106781187 0.612372435696 -0.353553390593 3.6200
0.3704 0.0101 -0.707106781187 0.612372435696 0.353553390593 3.6200
0.3720 0.0101 -0.707106781187 0.683012701892 -0.183012701892 3.6200
0.3717 0.0101 -0.707106781187 0.683012701892 0.183012701892 3.6200
0.3720 0.0101 -0.707106781187 0.707106781187 0.000000000000 3.6200
0.3711 0.0101 -0.642787609687 -0.766044443119 0.000000000000 3.6200
0.3707 0.0101 -0.642787609687 -0.739942111694 -0.198266891274 3.6200
0.3711 0.0101 -0.642787609687 -0.739942111694 0.198266891274 3.6200
0.3693 0.0101 -0.642787609687 -0.663413948169 -0.383022221559 3.6200
0.3714 0.0101 -0.642787609687 -0.663413948169 0.383022221559 3.6200
0.3707 0.0101 -0.642787609687 -0.541675220420 -0.541675220420 3.6200
0.3697 0.0101 -0.642787609687 -0.541675220420 0.541675220420 3.6200
0.3698 0.0101 -0.642787609687 -0.383022221559 -0.663413948169 3.6200
0.3702 0.0101 -0.642787609687 -0.383022221559 0.663413948169 3.6200
0.3697 0.0101 -0.642787609687 -0.198266891274 -0.739942111694 3.6200
0.3703 0.0101 -0.642787609687 -0.198266891274 0.739942111694 3.6200
0.3705 0.0101 -0.642787609687 -0.000000000000 -0.766044443119 3.6200
0.3705 0.0101 -0.642787609687 0.000000000000 0.766044443119 3.6200
0.3703 0.0101 -0.642787609687 0.198266891274 -0.739942111694 3.6200
0.3697 0.0101 -0.642787609687 0.198266891274 0.739942111694 3.6200
0.3702 0.0101 -0.642787609687 0.383022221559 -0.663413948169 3.6200
0.3698 0.0101 -0.642787609687 0.383022221559 0.663413948169 3.6200
0.3697 0.0101 -0.642787609687 0.541675220420 -0.541675220420 3.6200
0.3707 0.0101 -0.642787609687 0.541675220420 0.541675220420 3.6200
0.3713 0.0101 -0.642787609687 0.663413948169 -0.383022221559 3.6200
0.3692 0.0101 -0.642787609687 0.663413948169 0.383022221559 3.6200
0.3711 0.0101 -0.642787609687 0.739942111694 -0.198266891274 3.6200
0.3707 0.0101 -0.642787609687 0.739942111694 0.198266891274 3.6200
0.3711 0.0101 -0.642787609687 0.766044443119 0.000000000000 3.6200
0.3702 0.0101 -0.573576436351 -0.819152044289 0.000000000000 3.6200
0.3698 0.0101 -0.573576436351 -0.791240115236 -0.212012149897 3.6200
0.3702 0.0101 -0.573576436351 -0.791240115236 0.212012149897 3.6200
0.3681 0.0101 -0.573576436351 -0.709406479916 -0.409576022144 3.6200
0.3705 0.0101 -0.573576436351 -0.709406479916 0.409576022144 3.6200
0.3697 0.0101 -0.573576436351 -0.579227965340 -0.579227965340 3.6200
0.3687 0.0101 -0.573576436351 -0.579227965340 0.579227965340 3.6200
0.3687 0.0101 -0.573576436351 -0.409576022144 -0.709406479916 3.6200
0.3692 0.0101 -0.573576436351 -0.409576022144 0.709406479916 3.6200
0.3686 0.0101 -0.573576436351 -0.212012149897 -0.791240115236 3.6200
0.3694 0.0101 -0.573576436351 -0.212012149897 0.791240115236 3.6200
0.3695 0.0101 -0.573576436351 -0.000000000000 -0.819152044289 3.6200
0.3696 0.0101 -0.573576436351 0.000000000000 0.819152044289 3.6200
0.3693 0.0101 -0.573576436351 0.212012149897 -0.791240115236 3.6200
0.3686 0.0101 -0.573576436351 0.212012149897 0.791240115236 3.6200
0.3692 0.0101 -0.573576436351 0.409576022144 -0.709406479916 3.6200
0.3687 0.0101 -0.573576436351 0.409576022144 0.709406479916 3.6200
0.3686 0.0101 -0.573576436351 0.579227965340 -0.579227965340 3.6200
0.3698 0.0101 -0.573576436351 0.579227965340 0.579227965340 3.6200
0.3705 0.0101 -0.573576436351 0.709406479916 -0.409576022144 3.6200
0.3681 0.0101 -0.573576436351 0.709406479916 0.409576022144 3.6200
0.3702 0.0101 -0.573576436351 0.791240115236 -0.212012149897 3.6200
0.3698 0.0101 -0.573576436351 0.791240115236 0.212012149897 3.6200
0.3702 0.0101 -0.573576436351 0.819152044289 0.000000000000 3.6200
0.3694 0.0101 -0.500000000000 -0.866025403784 0.000000000000 3.6200
0.3689 0.0101 -0.500000000000 -0.836516303738 -0.224143868042 3.6200
0.3694 0.0101 -0.500000000000 -0.836516303738 0.224143868042 3.6200
0.3670 0.0101 -0.500000000000 -0.750000000000 -0.433012701892 3.6200
0.3697 0.0101 -0.500000000000 -0.750000000000 0.433012701892 3.6200
0.3689 0.0101 -0.500000000000 -0.612372435696 -0.612372435696 3.6200
0.3676 0.0101 -0.500000000000 -0.612372435696 0.612372435696 3.6200
0.3677 0.0101 -0.500000000000 -0.433012701892 -0.750000000000 3.6200
0.3682 0.0101 -0.500000000000 -0.433012701892 0.750000000000 3.6200
0.3676 0.0101 -0.500000000000 -0.224143868042 -0.836516303738 3.6200
0.3684 0.0101 -0.500000000000 -0.224143868042 0.836516303738 3.6200
0.3686 0.0101 -0.500000000000 -0.000000000000 -0.866025403784 3.6200
0.3686 0.0101 -0.500000000000 0.000000000000 0.866025403784 3.6200
0.3684 0.0101 -0.500000000000 0.224143868042 -0.836516303738 3.6200
0.3676 0.0101 -0.500000000000 0.224143868042 0.836516303738 3.6200
0.3682 0.0101 -0.500000000000 0.433012701892 -0.750000000000 3.6200
0.3677 0.0101 -0.500000000000 0.433012701892 0.750000000000 3.6200
0.3676 0.0101 -0.500000000000 0.612372435696 -0.612372435696 3.6200
0.3689 0.0101 -0.500000000000 0.612372435696 0.612372435696 3.6200
0.3697 0.0101 -0.500000000000 0.750000000000 -0.433012701892 3.6200
0.3670 0.0101 -0.500000000000 0.750000000000 0.433012701892 3.6200
0.3693 0.0101 -0.500000000000 0.836516303738 -0.224143868042 3.6200
0.3689 0.0101 -0.500000000000 0.836516303738 0.224143868042 3.6200
0.3694 0.0101 -0.500000000000 0.866025403784 0.000000000000 3.6200
0.3687 0.0101 -0.422618261741 -0.906307787037 0.000000000000 3.6200
0.3681 0.0101 -0.422618261741 -0.875426098066 -0.234569716010 3.6200
0.3686 0.0101 -0.422618261741 -0.875426098066 0.234569716010 3.6200
0.3661 0.0101 -0.422618261741 -0.784885567221 -0.453153893518 3.6200
0.3690 0.0101 -0.422618261741 -0.784885567221 0.453153893518 3.6200
0.3681 0.0101 -0.422618261741 -0.640856382056 -0.640856382056 3.6200
0.3667 0.0101 -0.422618261741 -0.640856382056 0.640856382056 3.6200
0.3668 0.0101 -0.422618261741 -0.453153893518 -0.784885567221 3.6200
0.3674 0.0101 -0.422618261741 -0.453153893518 0.784885567221 3.6200
0.3666 0.0101 -0.422618261741 -0.234569716010 -0.875426098066 3.6200
0.3676 0.0101 -0.422618261741 -0.234569716010 0.875426098066 3.6200
0.3678 0.0101 -0.422618261741 -0.000000006298 -0.906307787037 3.6200
0.3678 0.0101 -0.422618261741 0.000000000000 0.906307787037 3.6200
0.3676 0.0101 -0.422618261741 0.234569716010 -0.875426098066 3.6200
0.3666 0.0101 -0.422618261741 0.234569716010 0.875426098066 3.6200
0.3674 0.0101 -0.422618261741 0.453153893518 -0.784885567221 3.6200
0.3668 0.0101 -0.422618261741 0.453153893518 0.784885567221 3.6200
0.3667 0.0101 -0.422618261741 0.640856382056 -0.640856382056 3.6200
0.3681 0.0101 -0.422618261741 0.640856382056 0.640856382056 3.6200
0.3690 0.0101 -0.422618261741 0.784885567221 -0.453153893518 3.6200
0.3661 0.0101 -0.422618261741 0.784885567221 0.453153893518 3.6200
0.3686 0.0101 -0.422618261741 0.875426098066 -0.234569716010 3.6200
0.3681 0.0101 -0.422618261741 0.875426098066 0.234569716010 3.6200
0.3687 0.0101 -0.422618261741 0.906307787037 0.000000000000 3.6200
0.3680 0.0101 -0.342020143326 -0.939692620786 0.000000000000 3.6200
0.3674 0.0101 -0.342020143326 -0.907673371190 -0.243210346802 3.6200
0.3680 0.0101 -0.342020143326 -0.907673371190 0.243210346802 3.6200
0.3652 0.0101 -0.342020143326 -0.813797681349 -0.469846310393 3.6200
0.3684 0.0101 -0.342020143326 -0.813797681349 0.469846310393 3.6200
0.3674 0.0101 -0.342020143326 -0.664463024389 -0.664463024389 3.6200
0.3659 0.0101 -0.342020143326 -0.664463024389 0.664463024389 3.6200
0.3660 0.0101 -0.342020143326 -0.469846310393 -0.813797681349 3.6200
0.3666 0.0101 -0.342020143326 -0.469846310393 0.813797681349 3.6200
0.3659 0.0101 -0.342020143326 -0.243210346802 -0.907673371190 3.6200
0.3669 0.0101 -0.342020143326 -0.243210346802 0.907673371190 3.6200
0.3671 0.0101 -0.342020143326 -0.000000000000 -0.939692620786 3.6200
0.3671 0.0101 -0.342020143326 0.000000005096 0.939692620786 3.6200
0.3668 0.0101 -0.342020143326 0.243210346802 -0.907673371190 3.6200
0.3659 0.0101 -0.342020143326 0.243210346802 0.907673371190 3.6200
0.3666 0.0101 -0.342020143326 0.469846310393 -0.813797681349 3.6200
0.3660 0.0101 -0.342020143326 0.469846310393 0.813797681349 3.6200
0.3659 0.0101 -0.342020143326 0.664463024389 -0.664463024389 3.6200
0.3674 0.0101 -0.342020143326 0.664463024389 0.664463024389 3.6200
0.3684 0.0101 -0.342020143326 0.813797681349 -0.469846310393 3.6200
0.3652 0.0101 -0.342020143326 0.813797681349 0.469846310393 3.6200
0.3679 0.0101 -0.342020143326 0.907673371190 -0.243210346802 3.6200
0.3674 0.0101 -0.342020143326 0.907673371190 0.243210346802 3.6200
0.3680 0.0101 -0.342020143326 0.939692620786 0.000000000000 3.6200
0.3675 0.0101 -0.258819045103 -0.965925826289 0.000000000000 3.6200
0.3669 0.0101 -0.258819045103 -0.933012701892 -0.250000000000 3.6200
0.3674 0.0101 -0.258819045103 -0.933012701892 0.250000000000 3.6200
0.3645 0.0101 -0.258819045103 -0.836516303738 -0.482962913145 3.6200
0.3679 0.0101 -0.258819045103 -0.836516303738 0.482962913145 3.6200
0.3668 0.0101 -0.258819045103 -0.683012701892 -0.683012701892 3.6200
0.3653 0.0101 -0.258819045103 -0.683012701892 0.683012701892 3.6200
0.3654 0.0101 -0.258819045103 -0.482962913145 -0.836516303738 3.6200
0.3660 0.0101 -0.258819045103 -0.482962913145 0.836516303738 3.6200
0.3652 0.0101 -0.258819045103 -0.250000000000 -0.933012701892 3.6200
0.3663 0.0101 -0.258819045103 -0.250000000000 0.933012701892 3.6200
0.3665 0.0101 -0.258819045103 -0.000000000000 -0.965925826289 3.6200
0.3665 0.0101 -0.258819045103 0.000000000000 0.965925826289 3.6200
0.3662 0.0101 -0.258819045103 0.250000000000 -0.933012701892 3.6200
0.3652 0.0101 -0.258819045103 0.250000000000 0.933012701892 3.6200
0.3660 0.0101 -0.258819045103 0.482962913145 -0.836516303738 3.6200
0.3654 0.0101 -0.258819045103 0.482962913145 0.836516303738 3.6200
0.3653 0.0101 -0.258819045103 0.683012701892 -0.683012701892 3.6200
0.3668 0.0101 -0.258819045103 0.683012701892 0.683012701892 3.6200
0.3679 0.0101 -0.258819045103 0.836516303738 -0.482962913145 3.6200
0.3645 0.0101 -0.258819045103 0.836516303738 0.482962913145 3.6200
0.3674 0.0101 -0.258819045103 0.933012701892 -0.250000000000 3.6200
0.3669 0.0101 -0.258819045103 0.933012701892 0.250000000000 3.6200
0.3675 0.0101 -0.258819045103 0.965925826289 0.000000000000 3.6200
0.3671 0.0101 -0.173648177667 -0.984807753012 0.000000000000 3.6200
0.3665 0.0101 -0.173648177667 -0.951251242564 -0.254887002244 3.6200
0.3670 0.0101 -0.173648177667 -0.951251242564 0.254887002244 3.6200
0.3640 0.0101 -0.173648177667 -0.852868531952 -0.492403876506 3.6200
0.3675 0.0101 -0.173648177667 -0.852868531952 0.492403876506 3.6200
0.3664 0.0101 -0.173648177667 -0.696364240320 -0.696364240320 3.6200
0.3648 0.0101 -0.173648177667 -0.696364240320 0.696364240320 3.6200
0.3649 0.0101 -0.173648177667 -0.492403876506 -0.852868531952 3.6200
0.3656 0.0101 -0.173648177667 -0.492403876506 0.852868531952 3.6200
0.3647 0.0101 -0.173648177667 -0.254887002244 -0.951251242564 3.6200
0.3658 0.0101 -0.173648177667 -0.254887002244 0.951251242564 3.6200
0.3661 0.0101 -0.173648177667 -0.000000000000 -0.984807753012 3.6200
0.3661 0.0101 -0.173648177667 0.000000000000 0.984807753012 3.6200
0.3658 0.0101 -0.173648177667 0.254887002244 -0.951251242564 3.6200
0.3647 0.0101 -0.173648177667 0.254887002244 0.951251242564 3.6200
0.3656 0.0101 -0.173648177667 0.492403876506 -0.852868531952 3.6200
0.3649 0.0101 -0.173648177667 0.492403876506 0.852868531952 3.6200
0.3648 0.0101 -0.173648177667 0.696364240320 -0.696364240320 3.6200
0.3664 0.0101 -0.173648177667 0.696364240320 0.696364240320 3.6200
0.3675 0.0101 -0.173648177667 0.852868531952 -0.492403876506 3.6200
0.3640 0.0101 -0.173648177667 0.852868531952 0.492403876506 3.6200
0.3670 0.0101 -0.173648177667 0.951251242564 -0.254887002244 3.6200
0.3665 0.0101 -0.173648177667 0.951251242564 0.254887002244 3.6200
0.3671 0.0101 -0.173648177667 0.984807753012 0.000000000000 3.6200
0.3669 0.0101 -0.087155742748 -0.996194698092 0.000000000000 3.6200
0.3662 0.0101 -0.087155742748 -0.962250186899 -0.257834160496 3.6200
0.3668 0.0101 -0.087155742748 -0.962250186899 0.257834160496 3.6200
0.3637 0.0101 -0.087155742748 -0.862729915663 -0.498097349046 3.6200
0.3673 0.0101 -0.087155742748 -0.862729915663 0.498097349046 3.6200
0.3662 0.0101 -0.087155742748 -0.704416026403 -0.704416026403 3.6200
0.3645 0.0101 -0.087155742748 -0.704416026403 0.704416026403 3.6200
0.3647 0.0101 -0.087155742748 -0.498097349046 -0.862729915663 3.6200
0.3653 0.0101 -0.087155742748 -0.498097349046 0.862729915663 3.6200
0.3644 0.0101 -0.087155742748 -0.257834160496 -0.962250186899 3.6200
0.3656 0.0101 -0.087155742748 -0.257834160496 0.962250186899 3.6200
0.3659 0.0101 -0.087155742748 -0.000000000000 -0.996194698092 3.6200
0.3659 0.0101 -0.087155742748 0.000000000000 0.996194698092 3.6200
0.3656 0.0101 -0.087155742748 0.257834160496 -0.962250186899 3.6200
0.3644 0.0101 -0.087155742748 0.257834160496 0.962250186899 3.6200
0.3653 0.0101 -0.087155742748 0.498097349046 -0.862729915663 3.6200
0.3647 0.0101 -0.087155742748 0.498097349046 0.862729915663 3.6200
0.3645 0.0101 -0.087155742748 0.704416026403 -0.704416026403 3.6200
0.3662 0.0101 -0.087155742748 0.704416026403 0.704416026403 3.6200
0.3673 0.0101 -0.087155742748 0.862729915663 -0.498097349046 3.6200
0.3637 0.0101 -0.087155742748 0.862729915663 0.498097349046 3.6200
0.3668 0.0101 -0.087155742748 0.962250186899 -0.257834160496 3.6200
0.3662 0.0101 -0.087155742748 0.962250186899 0.257834160496 3.6200
0.3669 0.0101 -0.087155742748 0.996194698092 0.000000000000 3.6200
0.3658 0.0101 -0.000000011327 0.000000009682 1.000000000000 3.6200
0.3668 0.0101 0.000000000000 -1.000000000000 0.000000000000 3.6200
0.3661 0.0101 0.000000000000 -0.965925826289 -0.258819045103 3.6200
0.3667 0.0101 0.000000000000 -0.965925826289 0.258819045103 3.6200
0.3636 0.0101 0.000000000000 -0.866025403784 -0.500000000000 3.6200
0.3672 0.0101 0.000000000000 -0.866025403784 0.500000000000 3.6200
0.3661 0.0101 0.000000000000 -0.707106781187 -0.707106781187 3.6200
0.3644 0.0101 0.000000000000 -0.707106781187 0.707106781187 3.6200
0.3646 0.0101 0.000000000000 -0.500000000000 -0.866025403784 3.6200
0.3652 0.0101 0.000000000000 -0.500000000000 0.866025403784 3.6200
0.3643 0.0101 0.000000000000 -0.258819045103 -0.965925826289 3.6200
0.3655 0.0101 0.000000000000 -0.258819045103 0.965925826289 3.6200
0.3655 0.0101 0.000000000000 0.258819045103 -0.965925826289 3.6200
0.3643 0.0101 0.000000000000 0.258819045103 0.965925826289 3.6200
0.3652 0.0101 0.000000000000 0.500000000000 -0.866025403784 3.6200
0.3646 0.0101 0.000000000000 0.500000000000 0.866025403784 3.6200
0.3644 0.0101 0.000000000000 0.707106781187 -0.707106781187 3.6200
0.3661 0.0101 0.000000000000 0.707106781187 0.707106781187 3.6200
0.3672 0.0101 0.000000000000 0.866025403784 -0.500000000000 3.6200
0.3636 0.0101 0.000000000000 0.866025403784 0.500000000000 3.6200
0.3667 0.0101 0.000000000000 0.965925826289 -0.258819045103 3.6200
0.3661 0.0101 0.000000000000 0.965925826289 0.258819045103 3.6200
0.3668 0.0101 0.000000000000 1.000000000000 0.000000000000 3.6200
0.3658 0.0101 0.000000011327 -0.000000009682 -1.000000000000 3.6200
0.3669 0.0101 0.087155742748 -0.996194698092 0.000000000000 3.6200
0.3662 0.0101 0.087155742748 -0.962250186899 -0.257834160496 3.6200
0.3668 0.0101 0.087155742748 -0.962250186899 0.257834160496 3.6200
0.3637 0.0101 0.087155742748 -0.862729915663 -0.498097349046 3.6200
0.3673 0.0101 0.087155742748 -0.862729915663 0.498097349046 3.6200
0.3662 0.0101 0.087155742748 -0.704416026403 -0.704416026403 3.6200
0.3645 0.0101 0.087155742748 -0.704416026403 0.704416026403 3.6200
0.3647 0.0101 0.087155742748 -0.498097349046 -0.862729915663 3.6200
0.3653 0.0101 0.087155742748 -0.498097349046 0.862729915663 3.6200
0.3644 0.0101 0.087155742748 -0.257834160496 -0.962250186899 3.6200
0.3656 0.0101 0.087155742748 -0.257834160496 0.962250186899 3.6200
0.3659 0.0101 0.087155742748 0.000000000000 -0.996194698092 3.6200
0.3659 0.0101 0.087155742748 0.000000000000 0.996194698092 3.6200
0.3656 0.0101 0.087155742748 0.257834160496 -0.962250186899 3.6200
0.3644 0.0101 0.087155742748 0.257834160496 0.962250186899 3.6200
0.3653 0.0101 0.087155742748 0.498097349046 -0.862729915663 3.6200
0.3647 0.0101 0.087155742748 0.498097349046 0.862729915663 3.6200
0.3645 0.0101 0.087155742748 0.704416026403 -0.704416026403 3.6200
0.3662 0.0101 0.087155742748 0.704416026403 0.704416026403 3.6200
0.3673 0.0101 0.087155742748 0.862729915663 -0.498097349046 3.6200
0.3637 0.0101 0.087155742748 0.862729915663 0.498097349046 3.6200
0.3668 0.0101 0.087155742748 0.962250186899 -0.257834160496 3.6200
0.3662 0.0101 0.087155742748 0.962250186899 0.257834160496 3.6200
0.3669 0.0101 0.087155742748 0.996194698092 0.000000000000 3.6200
0.3671 0.0101 0.173648177667 -0.984807753012 0.000000000000 3.6200
0.3665 0.0101 0.173648177667 -0.951251242564 -0.254887002244 3.6200
0.3670 0.0101 0.173648177667 -0.951251242564 0.254887002244 3.6200
0.3640 0.0101 0.173648177667 -0.852868531952 -0.492403876506 3.6200
0.3675 0.0101 0.173648177667 -0.852868531952 0.492403876506 3.6200
0.3664 0.0101 0.173648177667 -0.696364240320 -0.696364240320 3.6200
0.3648 0.0101 0.173648177667 -0.696364240320 0.696364240320 3.6200
0.3649 0.0101 0.173648177667 -0.492403876506 -0.852868531952 3.6200
0.3656 0.0101 0.173648177667 -0.492403876506 0.852868531952 3.6200
0.3647 0.0101 0.173648177667 -0.254887002244 -0.951251242564 3.6200
0.3658 0.0101 0.173648177667 -0.254887002244 0.951251242564 3.6200
0.3661 0.0101 0.173648177667 0.000000000000 -0.984807753012 3.6200
0.3661 0.0101 0.173648177667 0.000000000000 0.984807753012 3.6200
0.3658 0.0101 0.173648177667 0.254887002244 -0.951251242564 3.6200
0.3647 0.0101 0.173648177667 0.254887002244 0.951251242564 3.6200
0.3656 0.0101 0.173648177667 0.492403876506 -0.852868531952 3.6200
0.3649 0.0101 0.173648177667 0.492403876506 0.852868531952 3.6200
0.3648 0.0101 0.173648177667 0.696364240320 -0.696364240320 3.6200
0.3664 0.0101 0.173648177667 0.696364240320 0.696364240320 3.6200
0.3675 0.0101 0.173648177667 0.852868531952 -0.492403876506 3.6200
0.3640 0.0101 0.173648177667 0.852868531952 0.492403876506 3.6200
0.3670 0.0101 0.173648177667 0.951251242564 -0.254887002244 3.6200
0.3665 0.0101 0.173648177667 0.951251242564 0.254887002244 3.6200
0.3671 0.0101 0.173648177667 0.984807753012 0.000000000000 3.6200
0.3675 0.0101 0.258819045103 -0.965925826289 0.000000000000 3.6200
0.3669 0.0101 0.258819045103 -0.933012701892 -0.250000000000 3.6200
0.3674 0.0101 0.258819045103 -0.933012701892 0.250000000000 3.6200
0.3645 0.0101 0.258819045103 -0.836516303738 -0.482962913145 3.6200
0.3679 0.0101 0.258819045103 -0.836516303738 0.482962913145 3.6200
0.3668 0.0101 0.258819045103 -0.683012701892 -0.683012701892 3.6200
0.3653 0.0101 0.258819045103 -0.683012701892 0.683012701892 3.6200
0.3654 0.0101 0.258819045103 -0.482962913145 -0.836516303738 3.6200
0.3660 0.0101 0.258819045103 -0.482962913145 0.836516303738 3.6200
0.3652 0.0101 0.258819045103 -0.250000000000 -0.933012701892 3.6200
0.3662 0.0101 0.258819045103 -0.250000000000 0.933012701892 3.6200
0.3665 0.0101 0.258819045103 0.000000000000 -0.965925826289 3.6200
0.3665 0.0101 0.258819045103 0.000000000000 0.965925826289 3.6200
0.3663 0.0101 0.258819045103 0.250000000000 -0.933012701892 3.6200
0.3652 0.0101 0.258819045103 0.250000000000 0.933012701892 3.6200
0.3660 0.0101 0.258819045103 0.482962913145 -0.836516303738 3.6200
0.3654 0.0101 0.258819045103 0.482962913145 0.836516303738 3.6200
0.3653 0.0101 0.258819045103 0.683012701892 -0.683012701892 3.6200
0.3668 0.0101 0.258819045103 0.683012701892 0.683012701892 3.6200
0.3679 0.0101 0.258819045103 0.836516303738 -0.482962913145 3.6200
0.3645 0.0101 0.258819045103 0.836516303738 0.482962913145 3.6200
0.3674 0.0101 0.258819045103 0.933012701892 -0.250000000000 3.6200
0.3669 0.0101 0.258819045103 0.933012701892 0.250000000000 3.6200
0.3675 0.0101 0.258819045103 0.965925826289 0.000000000000 3.6200
0.3680 0.0101 0.342020143326 -0.939692620786 0.000000000000 3.6200
0.3674 0.0101 0.342020143326 -0.907673371190 -0.243210346802 3.6200
0.3679 0.0101 0.342020143326 -0.907673371190 0.243210346802 3.6200
0.3652 0.0101 0.342020143326 -0.813797681349 -0.469846310393 3.6200
0.3684 0.0101 0.342020143326 -0.813797681349 0.469846310393 3.6200
0.3674 0.0101 0.342020143326 -0.664463024389 -0.664463024389 3.6200
0.3659 0.0101 0.342020143326 -0.664463024389 0.664463024389 3.6200
0.3660 0.0101 0.342020143326 -0.469846310393 -0.813797681349 3.6200
0.3666 0.0101 0.342020143326 -0.469846310393 0.813797681349 3.6200
0.3659 0.0101 0.342020143326 -0.243210346802 -0.907673371190 3.6200
0.3668 0.0101 0.342020143326 -0.243210346802 0.907673371190 3.6200
0.3671 0.0101 0.342020143326 -0.000000005096 -0.939692620786 3.6200
0.3671 0.0101 0.342020143326 0.000000000000 0.939692620786 3.6200
0.3669 0.0101 0.342020143326 0.243210346802 -0.907673371190 3.6200
0.3659 0.0101 0.342020143326 0.243210346802 0.907673371190 3.6200
0.3666 0.0101 0.342020143326 0.469846310393 -0.813797681349 3.6200
0.3660 0.0101 0.342020143326 0.469846310393 0.813797681349 3.6200
0.3659 0.0101 0.342020143326 0.664463024389 -0.664463024389 3.6200
0.3674 0.0101 0.342020143326 0.664463024389 0.664463024389 3.6200
0.3684 0.0101 0.342020143326 0.813797681349 -0.469846310393 3.6200
0.3652 0.0101 0.342020143326 0.813797681349 0.469846310393 3.6200
0.3680 0.0101 0.342020143326 0.907673371190 -0.243210346802 3.6200
0.3674 0.0101 0.342020143326 0.907673371190 0.243210346802 3.6200
0.3680 0.0101 0.342020143326 0.939692620786 0.000000000000 3.6200
0.3687 0.0101 0.422618261741 -0.906307787037 0.000000000000 3.6200
0.3681 0.0101 0.422618261741 -0.875426098066 -0.234569716010 3.6200
0.3686 0.0101 0.422618261741 -0.875426098066 0.234569716010 3.6200
0.3661 0.0101 0.422618261741 -0.784885567221 -0.453153893518 3.6200
0.3690 0.0101 0.422618261741 -0.784885567221 0.453153893518 3.6200
0.3681 0.0101 0.422618261741 -0.640856382056 -0.640856382056 3.6200
0.3667 0.0101 0.422618261741 -0.640856382056 0.640856382056 3.6200
0.3668 0.0101 0.422618261741 -0.453153893518 -0.784885567221 3.6200
0.3674 0.0101 0.422618261741 -0.453153893518 0.784885567221 3.6200
0.3666 0.0101 0.422618261741 -0.234569716010 -0.875426098066 3.6200
0.3676 0.0101 0.422618261741 -0.234569716010 0.875426098066 3.6200
0.3678 0.0101 0.422618261741 0.000000000000 -0.906307787037 3.6200
0.3678 0.0101 0.422618261741 0.000000006298 0.906307787037 3.6200
0.3676 0.0101 0.422618261741 0.234569716010 -0.875426098066 3.6200
0.3666 0.0101 0.422618261741 0.234569716010 0.875426098066 3.6200
0.3674 0.0101 0.422618261741 0.453153893518 -0.784885567221 3.6200
0.3668 0.0101 0.422618261741 0.453153893518 0.784885567221 3.6200
0.3667 0.0101 0.422618261741 0.640856382056 -0.640856382056 3.6200
0.3681 0.0101 0.422618261741 0.640856382056 0.640856382056 3.6200
0.3690 0.0101 0.422618261741 0.784885567221 -0.453153893518 3.6200
0.3661 0.0101 0.422618261741 0.784885567221 0.453153893518 3.6200
0.3686 0.0101 0.422618261741 0.875426098066 -0.234569716010 3.6200
0.3681 0.0101 0.422618261741 0.875426098066 0.234569716010 3.6200
0.3687 0.0101 0.422618261741 0.906307787037 0.000000000000 3.6200
0.3694 0.0101 0.500000000000 -0.866025403784 0.000000000000 3.6200
0.3689 0.0101 0.500000000000 -0.836516303738 -0.224143868042 3.6200
0.3693 0.0101 0.500000000000 -0.836516303738 0.224143868042 3.6200
0.3670 0.0101 0.500000000000 -0.750000000000 -0.433012701892 3.6200
0.3697 0.0101 0.500000000000 -0.750000000000 0.433012701892 3.6200
0.3689 0.0101 0.500000000000 -0.612372435696 -0.612372435696 3.6200
0.3676 0.0101 0.500000000000 -0.612372435696 0.612372435696 3.6200
0.3677 0.0101 0.500000000000 -0.433012701892 -0.750000000000 3.6200
0.3682 0.0101 0.500000000000 -0.433012701892 0.750000000000 3.6200
0.3676 0.0101 0.500000000000 -0.224143868042 -0.836516303738 3.6200
0.3684 0.0101 0.500000000000 -0.224143868042 0.836516303738 3.6200
0.3686 0.0101 0.500000000000 0.000000000000 -0.866025403784 3.6200
0.3686 0.0101 0.500000000000 0.000000000000 0.866025403784 3.6200
0.3684 0.0101 0.500000000000 0.224143868042 -0.836516303738 3.6200
0.3676 0.0101 0.500000000000 0.224143868042 0.836516303738 3.6200
0.3682 0.0101 0.500000000000 0.433012701892 -0.750000000000 3.6200
0.3677 0.0101 0.500000000000 0.433012701892 0.750000000000 3.6200
0.3676 0.0101 0.500000000000 0.612372435696 -0.612372435696 3.6200
0.3689 0.0101 0.500000000000 0.612372435696 0.612372435696 3.6200
0.3697 0.0101 0.500000000000 0.750000000000 -0.433012701892 3.6200
0.3670 0.0101 0.500000000000 0.750000000000 0.433012701892 3.6200
0.3694 0.0101 0.500000000000 0.836516303738 -0.224143868042 3.6200
0.3689 0.0101 0.500000000000 0.836516303738 0.224143868042 3.6200
0.3694 0.0101 0.500000000000 0.866025403784 0.000000000000 3.6200
0.3702 0.0101 0.573576436351 -0.819152044289 0.000000000000 3.6200
0.3698 0.0101 0.573576436351 -0.791240115236 -0.212012149897 3.6200
0.3702 0.0101 0.573576436351 -0.791240115236 0.212012149897 3.6200
0.3681 0.0101 0.573576436351 -0.709406479916 -0.409576022144 3.6200
0.3705 0.0101 0.573576436351 -0.709406479916 0.409576022144 3.6200
0.3698 0.0101 0.573576436351 -0.579227965340 -0.579227965340 3.6200
0.3686 0.0101 0.573576436351 -0.579227965340 0.579227965340 3.6200
0.3687 0.0101 0.573576436351 -0.409576022144 -0.709406479916 3.6200
0.3692 0.0101 0.573576436351 -0.409576022144 0.709406479916 3.6200
0.3686 0.0101 0.573576436351 -0.212012149897 -0.791240115236 3.6200
0.3693 0.0101 0.573576436351 -0.212012149897 0.791240115236 3.6200
0.3696 0.0101 0.573576436351 0.000000000000 -0.819152044289 3.6200
0.3695 0.0101 0.573576436351 0.000000000000 0.819152044289 3.6200
0.3694 0.0101 0.573576436351 0.212012149897 -0.791240115236 3.6200
0.3686 0.0101 0.573576436351 0.212012149897 0.791240115236 3.6200
0.3692 0.0101 0.573576436351 0.409576022144 -0.709406479916 3.6200
0.3687 0.0101 0.573576436351 0.409576022144 0.709406479916 3.6200
0.3687 0.0101 0.573576436351 0.579227965340 -0.579227965340 3.6200
0.3697 0.0101 0.573576436351 0.579227965340 0.579227965340 3.6200
0.3705 0.0101 0.573576436351 0.709406479916 -0.409576022144 3.6200
0.3681 0.0101 0.573576436351 0.709406479916 0.409576022144 3.6200
0.3702 0.0101 0.573576436351 0.791240115236 -0.212012149897 3.6200
0.3698 0.0101 0.573576436351 0.791240115236 0.212012149897 3.6200
0.3702 0.0101 0.573576436351 0.819152044289 0.000000000000 3.6200
0.3711 0.0101 0.642787609687 -0.766044443119 0.000000000000 3.6200
0.3707 0.0101 0.642787609687 -0.739942111694 -0.198266891274 3.6200
0.3711 0.0101 0.642787609687 -0.739942111694 0.198266891274 3.6200
0.3692 0.0101 0.642787609687 -0.663413948169 -0.383022221559 3.6200
0.3713 0.0101 0.642787609687 -0.663413948169 0.383022221559 3.6200
0.3707 0.0101 0.642787609687 -0.541675220420 -0.541675220420 3.6200
0.3697 0.0101 0.642787609687 -0.541675220420 0.541675220420 3.6200
0.3698 0.0101 0.642787609687 -0.383022221559 -0.663413948169 3.6200
0.3702 0.0101 0.642787609687 -0.383022221559 0.663413948169 3.6200
0.3697 0.0101 0.642787609687 -0.198266891274 -0.739942111694 3.6200
0.3703 0.0101 0.642787609687 -0.198266891274 0.739942111694 3.6200
0.3705 0.0101 0.642787609687 0.000000000000 -0.766044443119 3.6200
0.3705 0.0101 0.642787609687 0.000000000000 0.766044443119 3.6200
0.3703 0.0101 0.642787609687 0.198266891274 -0.739942111694 3.6200
0.3697 0.0101 0.642787609687 0.198266891274 0.739942111694 3.6200
0.3702 0.0101 0.642787609687 0.383022221559 -0.663413948169 3.6200
0.3698 0.0101 0.642787609687 0.383022221559 0.663413948169 3.6200
0.3697 0.0101 0.642787609687 0.541675220420 -0.541675220420 3.6200
0.3707 0.0101 0.642787609687 0.541675220420 0.541675220420 3.6200
0.3714 0.0101 0.642787609687 0.663413948169 -0.383022221559 3.6200
0.3693 0.0101 0.642787609687 0.663413948169 0.383022221559 3.6200
0.3711 0.0101 0.642787609687 0.739942111694 -0.198266891274 3.6200
0.3707 0.0101 0.642787609687 0.739942111694 0.198266891274 3.6200
0.3711 0.0101 0.642787609687 0.766044443119 0.000000000000 3.6200
0.3720 0.0101 0.707106781187 -0.707106781187 0.000000000000 3.6200
0.3717 0.0101 0.707106781187 -0.683012701892 -0.183012701892 3.6200
0.3720 0.0101 0.707106781187 -0.683012701892 0.183012701892 3.6200
0.3704 0.0101 0.707106781187 -0.612372435696 -0.353553390593 3.6200
0.3722 0.0101 0.707106781187 -0.612372435696 0.353553390593 3.6200
0.3717 0.0101 0.707106781187 -0.500000000000 -0.500000000000 3.6200
0.3708 0.0101 0.707106781187 -0.500000000000 0.500000000000 3.6200
0.3709 0.0101 0.707106781187 -0.353553390593 -0.612372435696 3.6200
0.3712 0.0101 0.707106781187 -0.353553390593 0.612372435696 3.6200
0.3708 0.0101 0.707106781187 -0.183012701892 -0.683012701892 3.6200
0.3713 0.0101 0.707106781187 -0.183012701892 0.683012701892 3.6200
0.3715 0.0101 0.707106781187 0.000000000000 -0.707106781187 3.6200
0.3715 0.0101 0.707106781187 0.000000000000 0.707106781187 3.6200
0.3714 0.0101 0.707106781187 0.183012701892 -0.683012701892 3.6200
0.3708 0.0101 0.707106781187 0.183012701892 0.683012701892 3.6200
0.3712 0.0101 0.707106781187 0.353553390593 -0.612372435696 3.6200
0.3709 0.0101 0.707106781187 0.353553390593 0.612372435696 3.6200
0.3708 0.0101 0.707106781187 0.500000000000 -0.500000000000 3.6200
0.3716 0.0101 0.707106781187 0.500000000000 0.500000000000 3.6200
0.3722 0.0101 0.707106781187 0.612372435696 -0.353553390593 3.6200
0.3704 0.0101 0.707106781187 0.612372435696 0.353553390593 3.6200
0.3720 0.0101 0.707106781187 0.683012701892 -0.183012701892 3.6200
0.3717 0.0101 0.707106781187 0.683012701892 0.183012701892 3.6200
0.3720 0.0101 0.707106781187 0.707106781187 0.000000000000 3.6200
0.3729 0.0101 0.766044443119 -0.642787609687 0.000000000000 3.6200
0.3726 0.0101 0.766044443119 -0.620885153015 -0.166365675343 3.6200
0.3729 0.0101 0.766044443119 -0.620885153015 0.166365675343 3.6200
0.3716 0.0101 0.766044443119 -0.556670399226 -0.321393804843 3.6200
0.3731 0.0101 0.766044443119 -0.556670399226 0.321393804843 3.6200
0.3726 0.0101 0.766044443119 -0.454519477672 -0.454519477672 3.6200
0.3719 0.0101 0.766044443119 -0.454519477672 0.454519477672 3.6200
0.3720 0.0101 0.766044443119 -0.321393804843 -0.556670399226 3.6200
0.3723 0.0101 0.766044443119 -0.321393804843 0.556670399226 3.6200
0.3719 0.0101 0.766044443119 -0.166365675343 -0.620885153015 3.6200
0.3724 0.0101 0.766044443119 -0.166365675343 0.620885153015 3.6200
0.3725 0.0101 0.766044443119 -0.000000011415 -0.642787609687 3.6200
0.3725 0.0101 0.766044443119 0.000000011415 0.642787609687 3.6200
0.3724 0.0101 0.766044443119 0.166365675343 -0.620885153015 3.6200
0.3719 0.0101 0.766044443119 0.166365675343 0.620885153015 3.6200
0.3723 0.0101 0.766044443119 0.321393804843 -0.556670399226 3.6200
0.3720 0.0101 0.766044443119 0.321393804843 0.556670399226 3.6200
0.3720 0.0101 0.766044443119 0.454519477672 -0.454519477672 3.6200
0.3726 0.0101 0.766044443119 0.454519477672 0.454519477672 3.6200
0.3731 0.0101 0.766044443119 0.556670399226 -0.321393804843 3.6200
0.3716 0.0101 0.766044443119 0.556670399226 0.321393804843 3.6200
0.3729 0.0101 0.766044443119 0.620885153015 -0.166365675343 3.6200
0.3727 0.0101 0.766044443119 0.620885153015 0.166365675343 3.6200
0.3729 0.0101 0.766044443119 0.642787609687 0.000000000000 3.6200
0.3738 0.0101 0.819152044289 -0.573576436351 0.000000000000 3.6200
0.3736 0.0101 0.819152044289 -0.554032293222 -0.148452505550 3.6200
0.3738 0.0101 0.819152044289 -0.554032293222 0.148452505550 3.6200
0.3728 0.0101 0.819152044289 -0.496731764892 -0.286788218176 3.6200
0.3739 0.0101 0.819152044289 -0.496731764892 0.286788218176 3.6200
0.3736 0.0101 0.819152044289 -0.405579787673 -0.405579787673 3.6200
0.3730 0.0101 0.819152044289 -0.405579787673 0.405579787673 3.6200
0.3731 0.0101 0.819152044289 -0.286788218176 -0.496731764892 3.6200
0.3733 0.0101 0.819152044289 -0.286788218176 0.496731764892 3.6200
0.3730 0.0101 0.819152044289 -0.148452505550 -0.554032293222 3.6200
0.3734 0.0101 0.819152044289 -0.148452505550 0.554032293222 3.6200
0.3735 0.0101 0.819152044289 0.000000000000 -0.573576436351 3.6200
0.3735 0.0101 0.819152044289 0.000000000000 0.573576436351 3.6200
0.3734 0.0101 0.819152044289 0.148452505550 -0.554032293222 3.6200
0.3730 0.0101 0.819152044289 0.148452505550 0.554032293222 3.6200
0.3733 0.0101 0.819152044289 0.286788218176 -0.496731764892 3.6200
0.3731 0.0101 0.819152044289 0.286788218176 0.496731764892 3.6200
0.3730 0.0101 0.819152044289 0.405579787673 -0.405579787673 3.6200
0.3736 0.0101 0.819152044289 0.405579787673 0.405579787673 3.6200
0.3740 0.0101 0.819152044289 0.496731764892 -0.286788218176 3.6200
0.3728 0.0101 0.819152044289 0.496731764892 0.286788218176 3.6200
0.3738 0.0101 0.819152044289 0.554032293222 -0.148452505550 3.6200
0.3736 0.0101 0.819152044289 0.554032293222 0.148452505550 3.6200
0.3738 0.0101 0.819152044289 0.573576436351 0.000000000000 3.6200
0.3746 0.0101 0.866025403784 -0.500000000000 0.000000000000 3.6200
0.3745 0.0101 0.866025403784 -0.482962913145 -0.129409522551 3.6200
0.3746 0.0101 0.866025403784 -0.482962913145 0.129409522551 3.6200
0.3738 0.0101 0.866025403784 -0.433012701892 -0.250000000000 3.6200
0.3747 0.0101 0.866025403784 -0.433012701892 0.250000000000 3.6200
0.3745 0.0101 0.866025403784 -0.353553390593 -0.353553390593 3.6200
0.3740 0.0101 0.866025403784 -0.353553390593 0.353553390593 3.6200
0.3741 0.0101 0.866025403784 -0.250000000000 -0.433012701892 3.6200
0.3742 0.0101 0.866025403784 -0.250000000000 0.433012701892 3.6200
0.3740 0.0101 0.866025403784 -0.129409522551 -0.482962913145 3.6200
0.3743 0.0101 0.866025403784 -0.129409522551 0.482962913145 3.6200
0.3744 0.0101 0.866025403784 0.000000000000 -0.500000000000 3.6200
0.3744 0.0101 0.866025403784 0.000000000000 0.500000000000 3.6200
0.3743 0.0101 0.866025403784 0.129409522551 -0.482962913145 3.6200
0.3740 0.0101 0.866025403784 0.129409522551 0.482962913145 3.6200
0.3742 0.0101 0.866025403784 0.250000000000 -0.433012701892 3.6200
0.3741 0.0101 0.866025403784 0.250000000000 0.433012701892 3.6200
0.3741 0.0101 0.866025403784 0.353553390593 -0.353553390593 3.6200
0.3744 0.0101 0.866025403784 0.353553390593 0.353553390593 3.6200
0.3747 0.0101 0.866025403784 0.433012701892 -0.250000000000 3.6200
0.3739 0.0101 0.866025403784 0.433012701892 0.250000000000 3.6200
0.3746 0.0101 0.866025403784 0.482962913145 -0.129409522551 3.6200
0.3745 0.0101 0.866025403784 0.482962913145 0.129409522551 3.6200
0.3746 0.0101 0.866025403784 0.500000000000 0.000000000000 3.6200
0.3754 0.0101 0.906307787037 -0.422618261741 0.000000000000 3.6200
0.3752 0.0101 0.906307787037 -0.408217893677 -0.109381654947 3.6200
0.3754 0.0101 0.906307787037 -0.408217893677 0.109381654947 3.6200
0.3748 0.0101 0.906307787037 -0.365998150771 -0.211309130870 3.6200
0.3754 0.0101 0.906307787037 -0.365998150771 0.211309130870 3.6200
0.3753 0.0101 0.906307787037 -0.298836238730 -0.298836238730 3.6200
0.3749 0.0101 0.906307787037 -0.298836238730 0.298836238730 3.6200
0.3750 0.0101 0.906307787037 -0.211309130870 -0.365998150771 3.6200
0.3751 0.0101 0.906307787037 -0.211309130870 0.365998150771 3.6200
0.3749 0.0101 0.906307787037 -0.109381654947 -0.408217893677 3.6200
0.3751 0.0101 0.906307787037 -0.109381654947 0.408217893677 3.6200
0.3752 0.0101 0.906307787037 0.000000000000 -0.422618261741 3.6200
0.3752 0.0101 0.906307787037 0.000000000000 0.422618261741 3.6200
0.3752 0.0101 0.906307787037 0.109381654947 -0.408217893677 3.6200
0.3749 0.0101 0.906307787037 0.109381654947 0.408217893677 3.6200
0.3751 0.0101 0.906307787037 0.211309130870 -0.365998150771 3.6200
0.3750 0.0101 0.906307787037 0.211309130870 0.365998150771 3.6200
0.3750 0.0101 0.906307787037 0.298836238730 -0.298836238730 3.6200
0.3752 0.0101 0.906307787037 0.298836238730 0.298836238730 3.6200
0.3755 0.0101 0.906307787037 0.365998150771 -0.211309130870 3.6200
0.3748 0.0101 0.906307787037 0.365998150771 0.211309130870 3.6200
0.3754 0.0101 0.906307787037 0.408217893677 -0.109381654947 3.6200
0.3753 0.0101 0.906307787037 0.408217893677 0.109381654947 3.6200
0.3754 0.0101 0.906307787037 0.422618261741 0.000000000000 3.6200
0.3760 0.0101 0.939692620786 -0.342020143326 0.000000000000 3.6200
0.3759 0.0101 0.939692620786 -0.330366089549 -0.088521326901 3.6200
0.3760 0.0101 0.939692620786 -0.330366089549 0.088521326901 3.6200
0.3756 0.0101 0.939692620786 -0.296198132726 -0.171010071663 3.6200
0.3761 0.0101 0.939692620786 -0.296198132726 0.171010071663 3.6200
0.3759 0.0101 0.939692620786 -0.241844762648 -0.241844762648 3.6200
0.3757 0.0101 0.939692620786 -0.241844762648 0.241844762648 3.6200
0.3758 0.0101 0.939692620786 -0.171010071663 -0.296198132726 3.6200
0.3758 0.0101 0.939692620786 -0.171010071663 0.296198132726 3.6200
0.3757 0.0101 0.939692620786 -0.088521326901 -0.330366089549 3.6200
0.3759 0.0101 0.939692620786 -0.088521326901 0.330366089549 3.6200
0.3759 0.0101 0.939692620786 -0.000000014003 0.342020143326 3.6200
0.3759 0.0101 0.939692620786 0.000000000000 -0.342020143326 3.6200
0.3759 0.0101 0.939692620786 0.088521326901 -0.330366089549 3.6200
0.3757 0.0101 0.939692620786 0.088521326901 0.330366089549 3.6200
0.3758 0.0101 0.939692620786 0.171010071663 -0.296198132726 3.6200
0.3758 0.0101 0.939692620786 0.171010071663 0.296198132726 3.6200
0.3758 0.0101 0.939692620786 0.241844762648 -0.241844762648 3.6200
0.3759 0.0101 0.939692620786 0.241844762648 0.241844762648 3.6200
0.3761 0.0101 0.939692620786 0.296198132726 -0.171010071663 3.6200
0.3757 0.0101 0.939692620786 0.296198132726 0.171010071663 3.6200
0.3760 0.0101 0.939692620786 0.330366089549 -0.088521326901 3.6200
0.3760 0.0101 0.939692620786 0.330366089549 0.088521326901 3.6200
0.3760 0.0101 0.939692620786 0.342020143326 0.000000000000 3.6200
0.3765 0.0101 0.965925826289 -0.258819045103 0.000000000000 3.6200
0.3765 0.0101 0.965925826289 -0.250000000000 -0.066987298108 3.6200
0.3765 0.0101 0.965925826289 -0.250000000000 0.066987298108 3.6200
0.3763 0.0101 0.965925826289 -0.224143868042 -0.129409522551 3.6200
0.3766 0.0101 0.965925826289 -0.224143868042 0.129409522551 3.6200
0.3765 0.0101 0.965925826289 -0.183012701892 -0.183012701892 3.6200
0.3764 0.0101 0.965925826289 -0.183012701892 0.183012701892 3.6200
0.3764 0.0101 0.965925826289 -0.129409522551 -0.224143868042 3.6200
0.3764 0.0101 0.965925826289 -0.129409522551 0.224143868042 3.6200
0.3764 0.0101 0.965925826289 -0.066987298108 -0.250000000000 3.6200
0.3764 0.0101 0.965925826289 -0.066987298108 0.250000000000 3.6200
0.3765 0.0101 0.965925826289 -0.000000014393 -0.258819045103 3.6200
0.3765 0.0101 0.965925826289 0.000000000000 0.258819045103 3.6200
0.3765 0.0101 0.965925826289 0.066987298108 -0.250000000000 3.6200
0.3764 0.0101 0.965925826289 0.066987298108 0.250000000000 3.6200
0.3764 0.0101 0.965925826289 0.129409522551 -0.224143868042 3.6200
0.3764 0.0101 0.965925826289 0.129409522551 0.224143868042 3.6200
0.3764 0.0101 0.965925826289 0.183012701892 -0.183012701892 3.6200
0.3765 0.0101 0.965925826289 0.183012701892 0.183012701892 3.6200
0.3766 0.0101 0.965925826289 0.224143868042 -0.129409522551 3.6200
0.3763 0.0101 0.965925826289 0.224143868042 0.129409522551 3.6200
0.3765 0.0101 0.965925826289 0.250000000000 -0.066987298108 3.6200
0.3765 0.0101 0.965925826289 0.250000000000 0.066987298108 3.6200
0.3765 0.0101 0.965925826289 0.258819045103 0.000000000000 3.6200
0.3769 0.0101 0.984807753012 -0.173648177667 0.000000000000 3.6200
0.3769 0.0101 0.984807753012 -0.167731259497 -0.044943455528 3.6200
0.3769 0.0101 0.984807753012 -0.167731259497 0.044943455528 3.6200
0.3768 0.0101 0.984807753012 -0.150383733180 -0.086824088833 3.6200
0.3769 0.0101 0.984807753012 -0.150383733180 0.086824088833 3.6200
0.3769 0.0101 0.984807753012 -0.122787803969 -0.122787803969 3.6200
0.3769 0.0101 0.984807753012 -0.122787803969 0.122787803969 3.6200
0.3769 0.0101 0.984807753012 -0.086824088833 -0.150383733180 3.6200
0.3769 0.0101 0.984807753012 -0.086824088833 0.150383733180 3.6200
0.3769 0.0101 0.984807753012 -0.044943455528 -0.167731259497 3.6200
0.3769 0.0101 0.984807753012 -0.044943455528 0.167731259497 3.6200
0.3769 0.0101 0.984807753012 0.000000000000 -0.173648177667 3.6200
0.3769 0.0101 0.984807753012 0.000000000000 0.173648177667 3.6200
0.3769 0.0101 0.984807753012 0.044943455528 -0.167731259497 3.6200
0.3769 0.0101 0.984807753012 0.044943455528 0.167731259497 3.6200
0.3769 0.0101 0.984807753012 0.086824088833 -0.150383733180 3.6200
0.3769 0.0101 0.984807753012 0.086824088833 0.150383733180 3.6200
0.3769 0.0101 0.984807753012 0.122787803969 -0.122787803969 3.6200
0.3769 0.0101 0.984807753012 0.122787803969 0.122787803969 3.6200
0.3769 0.0101 0.984807753012 0.150383733180 -0.086824088833 3.6200
0.3768 0.0101 0.984807753012 0.150383733180 0.086824088833 3.6200
0.3769 0.0101 0.984807753012 0.167731259497 -0.044943455528 3.6200
0.3769 0.0101 0.984807753012 0.167731259497 0.044943455528 3.6200
0.3769 0.0101 0.984807753012 0.173648177667 0.000000000000 3.6200
0.3772 0.0101 0.996194698092 -0.087155742748 0.000000000000 3.6200
0.3772 0.0101 0.996194698092 -0.084185982829 -0.022557566113 3.6200
0.3772 0.0101 0.996194698092 -0.084185982829 0.022557566113 3.6200
0.3771 0.0101 0.996194698092 -0.075479087305 -0.043577871374 3.6200
0.3772 0.0101 0.996194698092 -0.075479087305 0.043577871374 3.6200
0.3772 0.0101 0.996194698092 -0.061628416716 -0.061628416716 3.6200
0.3771 0.0101 0.996194698092 -0.061628416716 0.061628416716 3.6200
0.3771 0.0101 0.996194698092 -0.043577871374 -0.075479087305 3.6200
0.3772 0.0101 0.996194698092 -0.043577871374 0.075479087305 3.6200
0.3771 0.0101 0.996194698092 -0.022557566113 -0.084185982829 3.6200
0.3772 0.0101 0.996194698092 -0.022557566113 0.084185982829 3.6200
0.3772 0.0101 0.996194698092 -0.000000014844 -0.087155742748 3.6200
0.3772 0.0101 0.996194698092 0.000000000000 0.087155742748 3.6200
0.3772 0.0101 0.996194698092 0.022557566113 -0.084185982829 3.6200
0.3771 0.0101 0.996194698092 0.022557566113 0.084185982829 3.6200
0.3772 0.0101 0.996194698092 0.043577871374 -0.075479087305 3.6200
0.3771 0.0101 0.996194698092 0.043577871374 0.075479087305 3.6200
0.3771 0.0101 0.996194698092 0.061628416716 -0.061628416716 3.6200
0.3772 0.0101 0.996194698092 0.061628416716 0.061628416716 3.6200
0.3772 0.0101 0.996194698092 0.075479087305 -0.043577871374 3.6200
0.3771 0.0101 0.996194698092 0.075479087305 0.043577871374 3.6200
0.3772 0.0101 0.996194698092 0.084185982829 -0.022557566113 3.6200
0.3772 0.0101 0.996194698092 0.084185982829 0.022557566113 3.6200
0.3772 0.0101 0.996194698092 0.087155742748 0.000000000000 3.6200
0.3772 0.0101 1.000000000000 0.000000000000 0.000000000000 3.6200
