0.3937 0.0099 -1.000000000000 0.000000000000 0.000000000000 2.8300
0.3937 0.0099 -0.996194698092 -0.087155742748 0.000000000000 2.8300
0.3937 0.0099 -0.996194698092 -0.084185982829 -0.022557566113 2.8300
0.3937 0.0099 -0.996194698092 -0.084185982829 0.022557566113 2.8300
0.3937 0.0099 -0.996194698092 -0.075479087305 -0.043577871374 2.8300
0.3937 0.0099 -0.996194698092 -0.075479087305 0.043577871374 2.8300
0.3937 0.0099 -0.996194698092 -0.061628416716 -0.061628416716 2.8300
0.3937 0.0099 -0.996194698092 -0.061628416716 0.061628416716 2.8300
0.3937 0.0099 -0.996194698092 -0.043577871374 -0.075479087305 2.8300
0.3937 0.0099 -0.996194698092 -0.043577871374 0.075479087305 2.8300
0.3937 0.0099 -0.996194698092 -0.022557566113 -0.084185982829 2.8300
0.3937 0.0099 -0.996194698092 -0.022557566113 0.084185982829 2.8300
0.3937 0.0099 -0.996194698092 0.000000000000 0.087155742748 2.8300
0.3937 0.0099 -0.996194698092 0.000000014844 -0.087155742748 2.8300
0.3937 0.0099 -0.996194698092 0.022557566113 -0.084185982829 2.8300
0.3937 0.0099 -0.996194698092 0.022557566113 0.084185982829 2.8300
0.3937 0.0099 -0.996194698092 0.043577871374 -0.075479087305 2.8300
0.3937 0.0099 -0.996194698092 0.043577871374 0.075479087305 2.8300
0.3937 0.0099 -0.996194698092 0.061628416716 -0.061628416716 2.8300
0.3937 0.0099 -0.996194698092 0.061628416716 0.061628416716 2.8300
0.3937 0.0099 -0.996194698092 0.075479087305 -0.043577871374 2.8300
0.3937 0.0099 -0.996194698092 0.075479087305 0.043577871374 2.8300
0.3937 0.0099 -0.996194698092 0.084185982829 -0.022557566113 2.8300
0.3937 0.0099 -0.996194698092 0.084185982829 0.022557566113 2.8300
0.3937 0.0099 -0.996194698092 0.087155742748 0.000000000000 2.8300
0.3935 0.0099 -0.984807753012 -0.173648177667 0.000000000000 2.8300
0.3935 0.0099 -0.984807753012 -0.167731259497 -0.044943455528 2.8300
0.3936 0.0099 -0.984807753012 -0.167731259497 0.044943455528 2.8300
0.3935 0.0099 -0.984807753012 -0.150383733180 -0.086824088833 2.8300
0.3935 0.0099 -0.984807753012 -0.150383733180 0.086824088833 2.8300
0.3935 0.0099 -0.984807753012 -0.122787803969 -0.122787803969 2.8300
0.3935 0.0099 -0.984807753012 -0.122787803969 0.122787803969 2.8300
0.3935 0.0099 -0.984807753012 -0.086824088833 -0.150383733180 2.8300
0.3935 0.0099 -0.984807753012 -0.086824088833 0.150383733180 2.8300
0.3935 0.0099 -0.984807753012 -0.044943455528 -0.167731259497 2.8300
0.3934 0.0099 -0.984807753012 -0.044943455528 0.167731259497 2.8300
0.3935 0.0099 -0.984807753012 0.000000000000 -0.173648177667 2.8300
0.3935 0.0099 -0.984807753012 0.000000000000 0.173648177667 2.8300
0.3935 0.0099 -0.984807753012 0.044943455528 -0.167731259497 2.8300
0.3934 0.0099 -0.984807753012 0.044943455528 0.167731259497 2.8300
0.3935 0.0099 -0.984807753012 0.086824088833 -0.150383733180 2.8300
0.3935 0.0099 -0.984807753012 0.086824088833 0.150383733180 2.8300
0.3935 0.0099 -0.984807753012 0.122787803969 -0.122787803969 2.8300
0.3935 0.0099 -0.984807753012 0.122787803969 0.122787803969 2.8300
0.3935 0.0099 -0.984807753012 0.150383733180 -0.086824088833 2.8300
0.3935 0.0099 -0.984807753012 0.150383733180 0.086824088833 2.8300
0.3935 0.0099 -0.984807753012 0.167731259497 -0.044943455528 2.8300
0.3935 0.0099 -0.984807753012 0.167731259497 0.044943455528 2.8300
0.3935 0.0099 -0.984807753012 0.173648177667 0.000000000000 2.8300
0.3931 0.0099 -0.965925826289 -0.258819045103 0.000000000000 2.8300
0.3932 0.0099 -0.965925826289 -0.250000000000 -0.066987298108 2.8300
0.3933 0.0099 -0.965925826289 -0.250000000000 0.066987298108 2.8300
0.3932 0.0099 -0.965925826289 -0.224143868042 -0.129409522551 2.8300
0.3933 0.0099 -0.965925826289 -0.224143868042 0.129409522551 2.8300
0.3931 0.0099 -0.965925826289 -0.183012701892 -0.183012701892 2.8300
0.3932 0.0099 -0.965925826289 -0.183012701892 0.183012701892 2.8300
0.3931 0.0099 -0.965925826289 -0.129409522551 -0.224143868042 2.8300
0.3932 0.0099 -0.965925826289 -0.129409522551 0.224143868042 2.8300
0.3931 0.0099 -0.965925826289 -0.066987298108 -0.250000000000 2.8300
0.3931 0.0099 -0.965925826289 -0.066987298108 0.250000000000 2.8300
0.3933 0.0099 -0.965925826289 0.000000000000 -0.258819045103 2.8300
0.3933 0.0099 -0.965925826289 0.000000000000 0.258819045103 2.8300
0.3931 0.0099 -0.965925826289 0.066987298108 -0.250000000000 2.8300
0.3931 0.0099 -0.965925826289 0.066987298108 0.250000000000 2.8300
0.3932 0.0099 -0.965925826289 0.129409522551 -0.224143868042 2.8300
0.3931 0.0099 -0.965925826289 0.129409522551 0.224143868042 2.8300
0.3933 0.0099 -0.965925826289 0.183012701892 -0.183012701892 2.8300
0.3931 0.0099 -0.965925826289 0.183012701892 0.183012701892 2.8300
0.3933 0.0099 -0.965925826289 0.224143868042 -0.129409522551 2.8300
0.3932 0.0099 -0.965925826289 0.224143868042 0.129409522551 2.8300
0.3933 0.0099 -0.965925826289 0.250000000000 -0.066987298108 2.8300
0.3932 0.0099 -0.965925826289 0.250000000000 0.066987298108 2.8300
0.3931 0.0099 -0.965925826289 0.258819045103 0.000000000000 2.8300
0.3927 0.0099 -0.939692620786 -0.342020143326 0.000000000000 2.8300
0.3928 0.0099 -0.939692620786 -0.330366089549 -0.088521326901 2.8300
0.3930 0.0099 -0.939692620786 -0.330366089549 0.088521326901 2.8300
0.3927 0.0099 -0.939692620786 -0.296198132726 -0.171010071663 2.8300
0.3930 0.0099 -0.939692620786 -0.296198132726 0.171010071663 2.8300
0.3927 0.0099 -0.939692620786 -0.241844762648 -0.241844762648 2.8300
0.3929 0.0099 -0.939692620786 -0.241844762648 0.241844762648 2.8300
0.3927 0.0099 -0.939692620786 -0.171010071663 -0.296198132726 2.8300
0.3927 0.0099 -0.939692620786 -0.171010071663 0.296198132726 2.8300
0.3926 0.0099 -0.939692620786 -0.088521326901 -0.330366089549 2.8300
0.3926 0.0099 -0.939692620786 -0.088521326901 0.330366089549 2.8300
0.3929 0.0099 -0.939692620786 0.000000000000 -0.342020143326 2.8300
0.3929 0.0099 -0.939692620786 0.000000000000 0.342020143326 2.8300
0.3926 0.0099 -0.939692620786 0.088521326901 -0.330366089549 2.8300
0.3926 0.0099 -0.939692620786 0.088521326901 0.330366089549 2.8300
0.3927 0.0099 -0.939692620786 0.171010071663 -0.296198132726 2.8300
0.3927 0.0099 -0.939692620786 0.171010071663 0.296198132726 2.8300
0.3929 0.0099 -0.939692620786 0.241844762648 -0.241844762648 2.8300
0.3927 0.0099 -0.939692620786 0.241844762648 0.241844762648 2.8300
0.3930 0.0099 -0.939692620786 0.296198132726 -0.171010071663 2.8300
0.3927 0.0099 -0.939692620786 0.296198132726 0.171010071663 2.8300
0.3930 0.0099 -0.939692620786 0.330366089549 -0.088521326901 2.8300
0.3928 0.0099 -0.939692620786 0.330366089549 0.088521326901 2.8300
0.3927 0.0099 -0.939692620786 0.342020143326 0.000000000000 2.8300
0.3921 0.0099 -0.906307787037 -0.422618261741 0.000000000000 2.8300
0.3923 0.0099 -0.906307787037 -0.408217893677 -0.109381654947 2.8300
0.3926 0.0099 -0.906307787037 -0.408217893677 0.109381654947 2.8300
0.3922 0.0099 -0.906307787037 -0.365998150771 -0.211309130870 2.8300
0.3926 0.0099 -0.906307787037 -0.365998150771 0.211309130870 2.8300
0.3921 0.0099 -0.906307787037 -0.298836238730 -0.298836238730 2.8300
0.3924 0.0099 -0.906307787037 -0.298836238730 0.298836238730 2.8300
0.3921 0.0099 -0.906307787037 -0.211309130870 -0.365998150771 2.8300
0.3922 0.0099 -0.906307787037 -0.211309130870 0.365998150771 2.8300
0.3920 0.0099 -0.906307787037 -0.109381654947 -0.408217893677 2.8300
0.3919 0.0099 -0.906307787037 -0.109381654947 0.408217893677 2.8300
0.3925 0.0099 -0.906307787037 0.000000000000 -0.422618261741 2.8300
0.3925 0.0099 -0.906307787037 0.000000000000 0.422618261741 2.8300
0.3920 0.0099 -0.906307787037 0.109381654947 -0.408217893677 2.8300
0.3920 0.0099 -0.906307787037 0.109381654947 0.408217893677 2.8300
0.3922 0.0099 -0.906307787037 0.211309130870 -0.365998150771 2.8300
0.3921 0.0099 -0.906307787037 0.211309130870 0.365998150771 2.8300
0.3924 0.0099 -0.906307787037 0.298836238730 -0.298836238730 2.8300
0.3921 0.0099 -0.906307787037 0.298836238730 0.298836238730 2.8300
0.3926 0.0099 -0.906307787037 0.365998150771 -0.211309130870 2.8300
0.3922 0.0099 -0.906307787037 0.365998150771 0.211309130870 2.8300
0.3926 0.0099 -0.906307787037 0.408217893677 -0.109381654947 2.8300
0.3923 0.0099 -0.906307787037 0.408217893677 0.109381654947 2.8300
0.3921 0.0099 -0.906307787037 0.422618261741 0.000000000000 2.8300
0.3915 0.0099 -0.866025403784 -0.500000000000 0.000000000000 2.8300
0.3917 0.0099 -0.866025403784 -0.482962913145 -0.129409522551 2.8300
0.3921 0.0099 -0.866025403784 -0.482962913145 0.129409522551 2.8300
0.3916 0.0099 -0.866025403784 -0.433012701892 -0.250000000000 2.8300
0.3921 0.0099 -0.866025403784 -0.433012701892 0.250000000000 2.8300
0.3915 0.0099 -0.866025403784 -0.353553390593 -0.353553390593 2.8300
0.3919 0.0099 -0.866025403784 -0.353553390593 0.353553390593 2.8300
0.3915 0.0099 -0.866025403784 -0.250000000000 -0.433012701892 2.8300
0.3915 0.0099 -0.866025403784 -0.250000000000 0.433012701892 2.8300
0.3913 0.0099 -0.866025403784 -0.129409522551 -0.482962913145 2.8300
0.3912 0.0099 -0.866025403784 -0.129409522551 0.482962913145 2.8300
0.3920 0.0099 -0.866025403784 0.000000000000 0.500000000000 2.8300
0.3920 0.0099 -0.866025403784 0.000000012905 -0.500000000000 2.8300
0.3913 0.0099 -0.866025403784 0.129409522551 -0.482962913145 2.8300
0.3912 0.0099 -0.866025403784 0.129409522551 0.482962913145 2.8300
0.3915 0.0099 -0.866025403784 0.250000000000 -0.433012701892 2.8300
0.3915 0.0099 -0.866025403784 0.250000000000 0.433012701892 2.8300
0.3919 0.0099 -0.866025403784 0.353553390593 -0.353553390593 2.8300
0.3915 0.0099 -0.866025403784 0.353553390593 0.353553390593 2.8300
0.3921 0.0099 -0.866025403784 0.433012701892 -0.250000000000 2.8300
0.3916 0.0099 -0.866025403784 0.433012701892 0.250000000000 2.8300
0.3921 0.0099 -0.866025403784 0.482962913145 -0.129409522551 2.8300
0.3917 0.0099 -0.866025403784 0.482962913145 0.129409522551 2.8300
0.3914 0.0099 -0.866025403784 0.500000000000 0.000000000000 2.8300
0.3907 0.0099 -0.819152044289 -0.573576436351 0.000000000000 2.8300
0.3911 0.0099 -0.819152044289 -0.554032293222 -0.148452505550 2.8300
0.3916 0.0099 -0.819152044289 -0.554032293222 0.148452505550 2.8300
0.3909 0.0099 -0.819152044289 -0.496731764892 -0.286788218176 2.8300
0.3915 0.0099 -0.819152044289 -0.496731764892 0.286788218176 2.8300
0.3908 0.0099 -0.819152044289 -0.405579787673 -0.405579787673 2.8300
0.3913 0.0099 -0.819152044289 -0.405579787673 0.405579787673 2.8300
0.3908 0.0099 -0.819152044289 -0.286788218176 -0.496731764892 2.8300
0.3908 0.0099 -0.819152044289 -0.286788218176 0.496731764892 2.8300
0.3905 0.0099 -0.819152044289 -0.148452505550 -0.554032293222 2.8300
0.3904 0.0099 -0.819152044289 -0.148452505550 0.554032293222 2.8300
0.3914 0.0099 -0.819152044289 0.000000000000 -0.573576436351 2.8300
0.3914 0.0099 -0.819152044289 0.000000000000 0.573576436351 2.8300
0.3905 0.0099 -0.819152044289 0.148452505550 -0.554032293222 2.8300
0.3905 0.0099 -0.819152044289 0.148452505550 0.554032293222 2.8300
0.3908 0.0099 -0.819152044289 0.286788218176 -0.496731764892 2.8300
0.3907 0.0099 -0.819152044289 0.286788218176 0.496731764892 2.8300
0.3913 0.0099 -0.819152044289 0.405579787673 -0.405579787673 2.8300
0.3908 0.0099 -0.819152044289 0.405579787673 0.405579787673 2.8300
0.3915 0.0099 -0.819152044289 0.496731764892 -0.286788218176 2.8300
0.3909 0.0099 -0.819152044289 0.496731764892 0.286788218176 2.8300
0.3916 0.0099 -0.819152044289 0.554032293222 -0.148452505550 2.8300
0.3911 0.0099 -0.819152044289 0.554032293222 0.148452505550 2.8300
0.3907 0.0099 -0.819152044289 0.573576436351 0.000000000000 2.8300
0.3899 0.0099 -0.766044443119 -0.642787609687 0.000000000000 2.8300
0.3904 0.0099 -0.766044443119 -0.620885153015 -0.166365675343 2.8300
0.3910 0.0099 -0.766044443119 -0.620885153015 0.166365675343 2.8300
0.3902 0.0099 -0.766044443119 -0.556670399226 -0.321393804843 2.8300
0.3910 0.0099 -0.766044443119 -0.556670399226 0.321393804843 2.8300
0.3900 0.0099 -0.766044443119 -0.454519477672 -0.454519477672 2.8300
0.3907 0.0099 -0.766044443119 -0.454519477672 0.454519477672 2.8300
0.3900 0.0099 -0.766044443119 -0.321393804843 -0.556670399226 2.8300
0.3901 0.0099 -0.766044443119 -0.321393804843 0.556670399226 2.8300
0.3896 0.0099 -0.766044443119 -0.166365675343 -0.620885153015 2.8300
0.3896 0.0099 -0.766044443119 -0.166365675343 0.620885153015 2.8300
0.3908 0.0099 -0.766044443119 0.000000000000 -0.642787609687 2.8300
0.3908 0.0099 -0.766044443119 0.000000011415 0.642787609687 2.8300
0.3896 0.0099 -0.766044443119 0.166365675343 -0.620885153015 2.8300
0.3896 0.0099 -0.766044443119 0.166365675343 0.620885153015 2.8300
0.3901 0.0099 -0.766044443119 0.321393804843 -0.556670399226 2.8300
0.3900 0.0099 -0.766044443119 0.321393804843 0.556670399226 2.8300
0.3907 0.0099 -0.766044443119 0.454519477672 -0.454519477672 2.8300
0.3900 0.0099 -0.766044443119 0.454519477672 0.454519477672 2.8300
0.3910 0.0099 -0.766044443119 0.556670399226 -0.321393804843 2.8300
0.3902 0.0099 -0.766044443119 0.556670399226 0.321393804843 2.8300
0.3910 0.0099 -0.766044443119 0.620885153015 -0.166365675343 2.8300
0.3904 0.0099 -0.766044443119 0.620885153015 0.166365675343 2.8300
0.3899 0.0099 -0.766044443119 0.642787609687 0.000000000000 2.8300
0.3891 0.0099 -0.707106781187 -0.707106781187 0.000000000000 2.8300
0.3897 0.0099 -0.707106781187 -0.683012701892 -0.183012701892 2.8300
0.3904 0.0099 -0.707106781187 -0.683012701892 0.183012701892 2.8300
0.3895 0.0099 -0.707106781187 -0.612372435696 -0.353553390593 2.8300
0.3904 0.0099 -0.707106781187 -0.612372435696 0.353553390593 2.8300
0.3892 0.0099 -0.707106781187 -0.500000000000 -0.500000000000 2.8300
0.3901 0.0099 -0.707106781187 -0.500000000000 0.500000000000 2.8300
0.3892 0.0099 -0.707106781187 -0.353553390593 -0.612372435696 2.8300
0.3893 0.0099 -0.707106781187 -0.353553390593 0.612372435696 2.8300
0.3888 0.0099 -0.707106781187 -0.183012701892 -0.683012701892 2.8300
0.3887 0.0099 -0.707106781187 -0.183012701892 0.683012701892 2.8300
0.3902 0.0099 -0.707106781187 -0.000000010537 -0.707106781187 2.8300
0.3902 0.0099 -0.707106781187 0.000000010537 0.707106781187 2.8300
0.3887 0.0099 -0.707106781187 0.183012701892 -0.683012701892 2.8300
0.3887 0.0099 -0.707106781187 0.183012701892 0.683012701892 2.8300
0.3893 0.0099 -0.707106781187 0.353553390593 -0.612372435696 2.8300
0.3892 0.0099 -0.707106781187 0.353553390593 0.612372435696 2.8300
0.3901 0.0099 -0.707106781187 0.500000000000 -0.500000000000 2.8300
0.3892 0.0099 -0.707106781187 0.500000000000 0.500000000000 2.8300
0.3904 0.0099 -0.707106781187 0.612372435696 -0.353553390593 2.8300
0.3895 0.0099 -0.707106781187 0.612372435696 0.353553390593 2.8300
0.3904 0.0099 -0.707106781187 0.683012701892 -0.183012701892 2.8300
0.3897 0.0099 -0.707106781187 0.683012701892 0.183012701892 2.8300
0.3891 0.0099 -0.707106781187 0.707106781187 0.000000000000 2.8300
0.3883 0.0099 -0.642787609687 -0.766044443119 0.000000000000 2.8300
0.3890 0.0099 -0.642787609687 -0.739942111694 -0.198266891274 2.8300
0.3899 0.0099 -0.642787609687 -0.739942111694 0.198266891274 2.8300
0.3887 0.0099 -0.642787609687 -0.663413948169 -0.383022221559 2.8300
0.3898 0.0099 -0.642787609687 -0.663413948169 0.383022221559 2.8300
0.3884 0.0099 -0.642787609687 -0.541675220420 -0.541675220420 2.8300
0.3894 0.0099 -0.642787609687 -0.541675220420 0.541675220420 2.8300
0.3884 0.0099 -0.642787609687 -0.383022221559 -0.663413948169 2.8300
0.3886 0.0099 -0.642787609687 -0.383022221559 0.663413948169 2.8300
0.3879 0.0099 -0.642787609687 -0.198266891274 -0.739942111694 2.8300
0.3878 0.0099 -0.642787609687 -0.198266891274 0.739942111694 2.8300
0.3896 0.0099 -0.642787609687 -0.000000009578 -0.766044443119 2.8300
0.3896 0.0099 -0.642787609687 0.000000000000 0.766044443119 2.8300
0.3879 0.0099 -0.642787609687 0.198266891274 -0.739942111694 2.8300
0.3879 0.0099 -0.642787609687 0.198266891274 0.739942111694 2.8300
0.3885 0.0099 -0.642787609687 0.383022221559 -0.663413948169 2.8300
0.3884 0.0099 -0.642787609687 0.383022221559 0.663413948169 2.8300
0.3894 0.0099 -0.642787609687 0.541675220420 -0.541675220420 2.8300
0.3884 0.0099 -0.642787609687 0.541675220420 0.541675220420 2.8300
0.3898 0.0099 -0.642787609687 0.663413948169 -0.383022221559 2.8300
0.3887 0.0099 -0.642787609687 0.663413948169 0.383022221559 2.8300
0.3899 0.0099 -0.642787609687 0.739942111694 -0.198266891274 2.8300
0.3890 0.0099 -0.642787609687 0.739942111694 0.198266891274 2.8300
0.3883 0.0099 -0.642787609687 0.766044443119 0.000000000000 2.8300
0.3876 0.0099 -0.573576436351 -0.819152044289 0.000000000000 2.8300
0.3883 0.0099 -0.573576436351 -0.791240115236 -0.212012149897 2.8300
0.3893 0.0099 -0.573576436351 -0.791240115236 0.212012149897 2.8300
0.3880 0.0099 -0.573576436351 -0.709406479916 -0.409576022144 2.8300
0.3893 0.0099 -0.573576436351 -0.709406479916 0.409576022144 2.8300
0.3877 0.0099 -0.573576436351 -0.579227965340 -0.579227965340 2.8300
0.3888 0.0099 -0.573576436351 -0.579227965340 0.579227965340 2.8300
0.3876 0.0099 -0.573576436351 -0.409576022144 -0.709406479916 2.8300
0.3878 0.0099 -0.573576436351 -0.409576022144 0.709406479916 2.8300
0.3871 0.0099 -0.573576436351 -0.212012149897 -0.791240115236 2.8300
0.3870 0.0099 -0.573576436351 -0.212012149897 0.791240115236 2.8300
0.3890 0.0099 -0.573576436351 -0.000000000000 -0.819152044289 2.8300
0.3890 0.0099 -0.573576436351 0.000000000000 0.819152044289 2.8300
0.3870 0.0099 -0.573576436351 0.212012149897 -0.791240115236 2.8300
0.3870 0.0099 -0.573576436351 0.212012149897 0.791240115236 2.8300
0.3878 0.0099 -0.573576436351 0.409576022144 -0.709406479916 2.8300
0.3876 0.0099 -0.573576436351 0.409576022144 0.709406479916 2.8300
0.3888 0.0099 -0.573576436351 0.579227965340 -0.579227965340 2.8300
0.3877 0.0099 -0.573576436351 0.579227965340 0.579227965340 2.8300
0.3893 0.0099 -0.573576436351 0.709406479916 -0.409576022144 2.8300
0.3880 0.0099 -0.573576436351 0.709406479916 0.409576022144 2.8300
0.3893 0.0099 -0.573576436351 0.791240115236 -0.212012149897 2.8300
0.3883 0.0099 -0.573576436351 0.791240115236 0.212012149897 2.8300
0.3876 0.0099 -0.573576436351 0.819152044289 0.000000000000 2.8300
0.3868 0.0099 -0.500000000000 -0.866025403784 0.000000000000 2.8300
0.3876 0.0099 -0.500000000000 -0.836516303738 -0.224143868042 2.8300
0.3888 0.0099 -0.500000000000 -0.836516303738 0.224143868042 2.8300
0.3873 0.0099 -0.500000000000 -0.750000000000 -0.433012701892 2.8300
0.3887 0.0099 -0.500000000000 -0.750000000000 0.433012701892 2.8300
0.3870 0.0099 -0.500000000000 -0.612372435696 -0.612372435696 2.8300
0.3882 0.0099 -0.500000000000 -0.612372435696 0.612372435696 2.8300
0.3869 0.0099 -0.500000000000 -0.433012701892 -0.750000000000 2.8300
0.3871 0.0099 -0.500000000000 -0.433012701892 0.750000000000 2.8300
0.3863 0.0099 -0.500000000000 -0.224143868042 -0.836516303738 2.8300
0.3862 0.0099 -0.500000000000 -0.224143868042 0.836516303738 2.8300
0.3884 0.0099 -0.500000000000 -0.000000000000 -0.866025403784 2.8300
0.3884 0.0099 -0.500000000000 0.000000007451 0.866025403784 2.8300
0.3862 0.0099 -0.500000000000 0.224143868042 -0.836516303738 2.8300
0.3863 0.0099 -0.500000000000 0.224143868042 0.836516303738 2.8300
0.3871 0.0099 -0.500000000000 0.433012701892 -0.750000000000 2.8300
0.3869 0.0099 -0.500000000000 0.433012701892 0.750000000000 2.8300
0.3882 0.0099 -0.500000000000 0.612372435696 -0.612372435696 2.8300
0.3870 0.0099 -0.500000000000 0.612372435696 0.612372435696 2.8300
0.3887 0.0099 -0.500000000000 0.750000000000 -0.433012701892 2.8300
0.3873 0.0099 -0.500000000000 0.750000000000 0.433012701892 2.8300
0.3888 0.0099 -0.500000000000 0.836516303738 -0.224143868042 2.8300
0.3876 0.0099 -0.500000000000 0.836516303738 0.224143868042 2.8300
0.3868 0.0099 -0.500000000000 0.866025403784 0.000000000000 2.8300
0.3862 0.0099 -0.422618261741 -0.906307787037 0.000000000000 2.8300
0.3871 0.0099 -0.422618261741 -0.875426098066 -0.234569716010 2.8300
0.3883 0.0099 -0.422618261741 -0.875426098066 0.234569716010 2.8300
0.3867 0.0099 -0.422618261741 -0.784885567221 -0.453153893518 2.8300
0.3882 0.0099 -0.422618261741 -0.784885567221 0.453153893518 2.8300
0.3863 0.0099 -0.422618261741 -0.640856382056 -0.640856382056 2.8300
0.3877 0.0099 -0.422618261741 -0.640856382056 0.640856382056 2.8300
0.3863 0.0099 -0.422618261741 -0.453153893518 -0.784885567221 2.8300
0.3865 0.0099 -0.422618261741 -0.453153893518 0.784885567221 2.8300
0.3856 0.0099 -0.422618261741 -0.234569716010 -0.875426098066 2.8300
0.3855 0.0099 -0.422618261741 -0.234569716010 0.875426098066 2.8300
0.3879 0.0099 -0.422618261741 -0.000000000000 -0.906307787037 2.8300
0.3879 0.0099 -0.422618261741 0.000000006298 0.906307787037 2.8300
0.3855 0.0099 -0.422618261741 0.234569716010 -0.875426098066 2.8300
0.3855 0.0099 -0.422618261741 0.234569716010 0.875426098066 2.8300
0.3865 0.0099 -0.422618261741 0.453153893518 -0.784885567221 2.8300
0.3862 0.0099 -0.422618261741 0.453153893518 0.784885567221 2.8300
0.3877 0.0099 -0.422618261741 0.640856382056 -0.640856382056 2.8300
0.3863 0.0099 -0.422618261741 0.640856382056 0.640856382056 2.8300
0.3883 0.0099 -0.422618261741 0.784885567221 -0.453153893518 2.8300
0.3867 0.0099 -0.422618261741 0.784885567221 0.453153893518 2.8300
0.3883 0.0099 -0.422618261741 0.875426098066 -0.234569716010 2.8300
0.3871 0.0099 -0.422618261741 0.875426098066 0.234569716010 2.8300
0.3862 0.0099 -0.422618261741 0.906307787037 0.000000000000 2.8300
0.3856 0.0099 -0.342020143326 -0.939692620786 0.000000000000 2.8300
0.3866 0.0099 -0.342020143326 -0.907673371190 -0.243210346802 2.8300
0.3879 0.0099 -0.342020143326 -0.907673371190 0.243210346802 2.8300
0.3862 0.0099 -0.342020143326 -0.813797681349 -0.469846310393 2.8300
0.3878 0.0099 -0.342020143326 -0.813797681349 0.469846310393 2.8300
0.3858 0.0099 -0.342020143326 -0.664463024389 -0.664463024389 2.8300
0.3872 0.0099 -0.342020143326 -0.664463024389 0.664463024389 2.8300
0.3857 0.0099 -0.342020143326 -0.469846310393 -0.813797681349 2.8300
0.3859 0.0099 -0.342020143326 -0.469846310393 0.813797681349 2.8300
0.3849 0.0099 -0.342020143326 -0.243210346802 -0.907673371190 2.8300
0.3849 0.0099 -0.342020143326 -0.243210346802 0.907673371190 2.8300
0.3874 0.0099 -0.342020143326 -0.000000000000 -0.939692620786 2.8300
0.3874 0.0099 -0.342020143326 0.000000000000 0.939692620786 2.8300
0.3849 0.0099 -0.342020143326 0.243210346802 -0.907673371190 2.8300
0.3849 0.0099 -0.342020143326 0.243210346802 0.907673371190 2.8300
0.3859 0.0099 -0.342020143326 0.469846310393 -0.813797681349 2.8300
0.3857 0.0099 -0.342020143326 0.469846310393 0.813797681349 2.8300
0.3872 0.0099 -0.342020143326 0.664463024389 -0.664463024389 2.8300
0.3858 0.0099 -0.342020143326 0.664463024389 0.664463024389 2.8300
0.3878 0.0099 -0.342020143326 0.813797681349 -0.469846310393 2.8300
0.3862 0.0099 -0.342020143326 0.813797681349 0.469846310393 2.8300
0.3879 0.0099 -0.342020143326 0.907673371190 -0.243210346802 2.8300
0.3866 0.0099 -0.342020143326 0.907673371190 0.243210346802 2.8300
0.3856 0.0099 -0.342020143326 0.939692620786 0.000000000000 2.8300
0.3852 0.0099 -0.258819045103 -0.965925826289 0.000000000000 2.8300
0.3862 0.0099 -0.258819045103 -0.933012701892 -0.250000000000 2.8300
0.3876 0.0099 -0.258819045103 -0.933012701892 0.250000000000 2.8300
0.3857 0.0099 -0.258819045103 -0.836516303738 -0.482962913145 2.8300
0.3875 0.0099 -0.258819045103 -0.836516303738 0.482962913145 2.8300
0.3853 0.0099 -0.258819045103 -0.683012701892 -0.683012701892 2.8300
0.3869 0.0099 -0.258819045103 -0.683012701892 0.683012701892 2.8300
0.3852 0.0099 -0.258819045103 -0.482962913145 -0.836516303738 2.8300
0.3855 0.0099 -0.258819045103 -0.482962913145 0.836516303738 2.8300
0.3844 0.0099 -0.258819045103 -0.250000000000 -0.933012701892 2.8300
0.3844 0.0099 -0.258819045103 -0.250000000000 0.933012701892 2.8300
0.3871 0.0099 -0.258819045103 -0.000000000000 -0.965925826289 2.8300
0.3871 0.0099 -0.258819045103 0.000000003857 0.965925826289 2.8300
0.3844 0.0099 -0.258819045103 0.250000000000 -0.933012701892 2.8300
0.3844 0.0099 -0.258819045103 0.250000000000 0.933012701892 2.8300
0.3855 0.0099 -0.258819045103 0.482962913145 -0.836516303738 2.8300
0.3852 0.0099 -0.258819045103 0.482962913145 0.836516303738 2.8300
0.3869 0.0099 -0.258819045103 0.683012701892 -0.683012701892 2.8300
0.3853 0.0099 -0.258819045103 0.683012701892 0.683012701892 2.8300
0.3875 0.0099 -0.258819045103 0.836516303738 -0.482962913145 2.8300
0.3857 0.0099 -0.258819045103 0.836516303738 0.482962913145 2.8300
0.3876 0.0099 -0.258819045103 0.933012701892 -0.250000000000 2.8300
0.3862 0.0099 -0.258819045103 0.933012701892 0.250000000000 2.8300
0.3852 0.0099 -0.258819045103 0.965925826289 0.000000000000 2.8300
0.3848 0.0099 -0.173648177667 -0.984807753012 0.000000000000 2.8300
0.3859 0.0099 -0.173648177667 -0.951251242564 -0.254887002244 2.8300
0.3873 0.0099 -0.173648177667 -0.951251242564 0.254887002244 2.8300
0.3854 0.0099 -0.173648177667 -0.852868531952 -0.492403876506 2.8300
0.3873 0.0099 -0.173648177667 -0.852868531952 0.492403876506 2.8300
0.3850 0.0099 -0.173648177667 -0.696364240320 -0.696364240320 2.8300
0.3866 0.0099 -0.173648177667 -0.696364240320 0.696364240320 2.8300
0.3849 0.0099 -0.173648177667 -0.492403876506 -0.852868531952 2.8300
0.3852 0.0099 -0.173648177667 -0.492403876506 0.852868531952 2.8300
0.3841 0.0099 -0.173648177667 -0.254887002244 -0.951251242564 2.8300
0.3840 0.0099 -0.173648177667 -0.254887002244 0.951251242564 2.8300
0.3868 0.0099 -0.173648177667 -0.000000000000 -0.984807753012 2.8300
0.3868 0.0099 -0.173648177667 0.000000002588 0.984807753012 2.8300
0.3840 0.0099 -0.173648177667 0.254887002244 -0.951251242564 2.8300
0.3841 0.0099 -0.173648177667 0.254887002244 0.951251242564 2.8300
0.3852 0.0099 -0.173648177667 0.492403876506 -0.852868531952 2.8300
0.3849 0.0099 -0.173648177667 0.492403876506 0.852868531952 2.8300
0.3866 0.0099 -0.173648177667 0.696364240320 -0.696364240320 2.8300
0.3850 0.0099 -0.173648177667 0.696364240320 0.696364240320 2.8300
0.3873 0.0099 -0.173648177667 0.852868531952 -0.492403876506 2.8300
0.3854 0.0099 -0.173648177667 0.852868531952 0.492403876506 2.8300
0.3873 0.0099 -0.173648177667 0.951251242564 -0.254887002244 2.8300
0.3859 0.0099 -0.173648177667 0.951251242564 0.254887002244 2.8300
0.3848 0.0099 -0.173648177667 0.984807753012 0.000000000000 2.8300
0.3846 0.0099 -0.087155742748 -0.996194698092 0.000000000000 2.8300
0.3857 0.0099 -0.087155742748 -0.962250186899 -0.257834160496 2.8300
0.3872 0.0099 -0.087155742748 -0.962250186899 0.257834160496 2.8300
0.3852 0.0099 -0.087155742748 -0.862729915663 -0.498097349046 2.8300
0.3871 0.0099 -0.087155742748 -0.862729915663 0.498097349046 2.8300
0.3848 0.0099 -0.087155742748 -0.704416026403 -0.704416026403 2.8300
0.3864 0.0099 -0.087155742748 -0.704416026403 0.704416026403 2.8300
0.3847 0.0099 -0.087155742748 -0.498097349046 -0.862729915663 2.8300
0.3850 0.0099 -0.087155742748 -0.498097349046 0.862729915663 2.8300
0.3838 0.0099 -0.087155742748 -0.257834160496 -0.962250186899 2.8300
0.3838 0.0099 -0.087155742748 -0.257834160496 0.962250186899 2.8300
0.3867 0.0099 -0.087155742748 -0.000000001299 -0.996194698092 2.8300
0.3867 0.0099 -0.087155742748 0.000000000000 0.996194698092 2.8300
0.3838 0.0099 -0.087155742748 0.257834160496 -0.962250186899 2.8300
0.3838 0.0099 -0.087155742748 0.257834160496 0.962250186899 2.8300
0.3850 0.0099 -0.087155742748 0.498097349046 -0.862729915663 2.8300
0.3847 0.0099 -0.087155742748 0.498097349046 0.862729915663 2.8300
0.3864 0.0099 -0.087155742748 0.704416026403 -0.704416026403 2.8300
0.3848 0.0099 -0.087155742748 0.704416026403 0.704416026403 2.8300
0.3871 0.0099 -0.087155742748 0.862729915663 -0.498097349046 2.8300
0.3852 0.0099 -0.087155742748 0.862729915663 0.498097349046 2.8300
0.3872 0.0099 -0.087155742748 0.962250186899 -0.257834160496 2.8300
0.3857 0.0099 -0.087155742748 0.962250186899 0.257834160496 2.8300
0.3846 0.0099 -0.087155742748 0.996194698092 0.000000000000 2.8300
0.3845 0.0099 0.000000000000 -1.000000000000 0.000000000000 2.8300
0.3856 0.0099 0.000000000000 -0.965925826289 -0.258819045103 2.8300
0.3871 0.0099 0.000000000000 -0.965925826289 0.258819045103 2.8300
0.3852 0.0099 0.000000000000 -0.866025403784 -0.500000000000 2.8300
0.3871 0.0099 0.000000000000 -0.866025403784 0.500000000000 2.8300
0.3847 0.0099 0.000000000000 -0.707106781187 -0.707106781187 2.8300
0.3864 0.0099 0.000000000000 -0.707106781187 0.707106781187 2.8300
0.3846 0.0099 0.000000000000 -0.500000000000 -0.866025403784 2.8300
0.3849 0.0099 0.000000000000 -0.500000000000 0.866025403784 2.8300
0.3838 0.0099 0.000000000000 -0.258819045103 -0.965925826289 2.8300
0.3837 0.0099 0.000000000000 -0.258819045103 0.965925826289 2.8300
0.3866 0.0099 0.000000000000 0.000000000000 -1.000000000000 2.8300
0.3866 0.0099 0.000000000000 0.000000000000 1.000000000000 2.8300
0.3837 0.0099 0.000000000000 0.258819045103 -0.965925826289 2.8300
0.3838 0.0099 0.000000000000 0.258819045103 0.965925826289 2.8300
0.3849 0.0099 0.000000000000 0.500000000000 -0.866025403784 2.8300
0.3846 0.0099 0.000000000000 0.500000000000 0.866025403784 2.8300
0.3864 0.0099 0.000000000000 0.707106781187 -0.707106781187 2.8300
0.3847 0.0099 0.000000000000 0.707106781187 0.707106781187 2.8300
0.3871 0.0099 0.000000000000 0.866025403784 -0.500000000000 2.8300
0.3852 0.0099 0.000000000000 0.866025403784 0.500000000000 2.8300
0.3871 0.0099 0.000000000000 0.965925826289 -0.258819045103 2.8300
0.3856 0.0099 0.000000000000 0.965925826289 0.258819045103 2.8300
0.3845 0.0099 0.000000000000 1.000000000000 0.000000000000 2.8300
0.3846 0.0099 0.087155742748 -0.996194698092 0.000000000000 2.8300
0.3857 0.0099 0.087155742748 -0.962250186899 -0.257834160496 2.8300
0.3872 0.0099 0.087155742748 -0.962250186899 0.257834160496 2.8300
0.3852 0.0099 0.087155742748 -0.862729915663 -0.498097349046 2.8300
0.3871 0.0099 0.087155742748 -0.862729915663 0.498097349046 2.8300
0.3848 0.0099 0.087155742748 -0.704416026403 -0.704416026403 2.8300
0.3864 0.0099 0.087155742748 -0.704416026403 0.704416026403 2.8300
0.3847 0.0099 0.087155742748 -0.498097349046 -0.862729915663 2.8300
0.3850 0.0099 0.087155742748 -0.498097349046 0.862729915663 2.8300
0.3838 0.0099 0.087155742748 -0.257834160496 -0.962250186899 2.8300
0.3838 0.0099 0.087155742748 -0.257834160496 0.962250186899 2.8300
0.3867 0.0099 0.087155742748 0.000000000000 -0.996194698092 2.8300
0.3867 0.0099 0.087155742748 0.000000001299 0.996194698092 2.8300
0.3838 0.0099 0.087155742748 0.257834160496 -0.962250186899 2.8300
0.3838 0.0099 0.087155742748 0.257834160496 0.962250186899 2.8300
0.3850 0.0099 0.087155742748 0.498097349046 -0.862729915663 2.8300
0.3847 0.0099 0.087155742748 0.498097349046 0.862729915663 2.8300
0.3864 0.0099 0.087155742748 0.704416026403 -0.704416026403 2.8300
0.3848 0.0099 0.087155742748 0.704416026403 0.704416026403 2.8300
0.3871 0.0099 0.087155742748 0.862729915663 -0.498097349046 2.8300
0.3852 0.0099 0.087155742748 0.862729915663 0.498097349046 2.8300
0.3872 0.0099 0.087155742748 0.962250186899 -0.257834160496 2.8300
0.3857 0.0099 0.087155742748 0.962250186899 0.257834160496 2.8300
0.3846 0.0099 0.087155742748 0.996194698092 0.000000000000 2.8300
0.3848 0.0099 0.173648177667 -0.984807753012 0.000000000000 2.8300
0.3859 0.0099 0.173648177667 -0.951251242564 -0.254887002244 2.8300
0.3873 0.0099 0.173648177667 -0.951251242564 0.254887002244 2.8300
0.3854 0.0099 0.173648177667 -0.852868531952 -0.492403876506 2.8300
0.3873 0.0099 0.173648177667 -0.852868531952 0.492403876506 2.8300
0.3850 0.0099 0.173648177667 -0.696364240320 -0.696364240320 2.8300
0.3866 0.0099 0.173648177667 -0.696364240320 0.696364240320 2.8300
0.3849 0.0099 0.173648177667 -0.492403876506 -0.852868531952 2.8300
0.3852 0.0099 0.173648177667 -0.492403876506 0.852868531952 2.8300
0.3841 0.0099 0.173648177667 -0.254887002244 -0.951251242564 2.8300
0.3840 0.0099 0.173648177667 -0.254887002244 0.951251242564 2.8300
0.3868 0.0099 0.173648177667 -0.000000002588 -0.984807753012 2.8300
0.3868 0.0099 0.173648177667 0.000000000000 0.984807753012 2.8300
0.3840 0.0099 0.173648177667 0.254887002244 -0.951251242564 2.8300
0.3841 0.0099 0.173648177667 0.254887002244 0.951251242564 2.8300
0.3852 0.0099 0.173648177667 0.492403876506 -0.852868531952 2.8300
0.3849 0.0099 0.173648177667 0.492403876506 0.852868531952 2.8300
0.3866 0.0099 0.173648177667 0.696364240320 -0.696364240320 2.8300
0.3850 0.0099 0.173648177667 0.696364240320 0.696364240320 2.8300
0.3873 0.0099 0.173648177667 0.852868531952 -0.492403876506 2.8300
0.3854 0.0099 0.173648177667 0.852868531952 0.492403876506 2.8300
0.3873 0.0099 0.173648177667 0.951251242564 -0.254887002244 2.8300
0.3859 0.0099 0.173648177667 0.951251242564 0.254887002244 2.8300
0.3848 0.0099 0.173648177667 0.984807753012 0.000000000000 2.8300
0.3852 0.0099 0.258819045103 -0.965925826289 0.000000000000 2.8300
0.3862 0.0099 0.258819045103 -0.933012701892 -0.250000000000 2.8300
0.3876 0.0099 0.258819045103 -0.933012701892 0.250000000000 2.8300
0.3857 0.0099 0.258819045103 -0.836516303738 -0.482962913145 2.8300
0.3875 0.0099 0.258819045103 -0.836516303738 0.482962913145 2.8300
0.3853 0.0099 0.258819045103 -0.683012701892 -0.683012701892 2.8300
0.3869 0.0099 0.258819045103 -0.683012701892 0.683012701892 2.8300
0.3852 0.0099 0.258819045103 -0.482962913145 -0.836516303738 2.8300
0.3855 0.0099 0.258819045103 -0.482962913145 0.836516303738 2.8300
0.3844 0.0099 0.258819045103 -0.250000000000 -0.933012701892 2.8300
0.3844 0.0099 0.258819045103 -0.250000000000 0.933012701892 2.8300
0.3871 0.0099 0.258819045103 -0.000000003857 -0.965925826289 2.8300
0.3871 0.0099 0.258819045103 0.000000000000 0.965925826289 2.8300
0.3844 0.0099 0.258819045103 0.250000000000 -0.933012701892 2.8300
0.3844 0.0099 0.258819045103 0.250000000000 0.933012701892 2.8300
0.3855 0.0099 0.258819045103 0.482962913145 -0.836516303738 2.8300
0.3852 0.0099 0.258819045103 0.482962913145 0.836516303738 2.8300
0.3869 0.0099 0.258819045103 0.683012701892 -0.683012701892 2.8300
0.3853 0.0099 0.258819045103 0.683012701892 0.683012701892 2.8300
0.3875 0.0099 0.258819045103 0.836516303738 -0.482962913145 2.8300
0.3857 0.0099 0.258819045103 0.836516303738 0.482962913145 2.8300
0.3876 0.0099 0.258819045103 0.933012701892 -0.250000000000 2.8300
0.3862 0.0099 0.258819045103 0.933012701892 0.250000000000 2.8300
0.3852 0.0099 0.258819045103 0.965925826289 0.000000000000 2.8300
0.3856 0.0099 0.342020143326 -0.939692620786 0.000000000000 2.8300
0.3866 0.0099 0.342020143326 -0.907673371190 -0.243210346802 2.8300
0.3879 0.0099 0.342020143326 -0.907673371190 0.243210346802 2.8300
0.3862 0.0099 0.342020143326 -0.813797681349 -0.469846310393 2.8300
0.3878 0.0099 0.342020143326 -0.813797681349 0.469846310393 2.8300
0.3858 0.0099 0.342020143326 -0.664463024389 -0.664463024389 2.8300
0.3872 0.0099 0.342020143326 -0.664463024389 0.664463024389 2.8300
0.3857 0.0099 0.342020143326 -0.469846310393 -0.813797681349 2.8300
0.3859 0.0099 0.342020143326 -0.469846310393 0.813797681349 2.8300
0.3849 0.0099 0.342020143326 -0.243210346802 -0.907673371190 2.8300
0.3849 0.0099 0.342020143326 -0.243210346802 0.907673371190 2.8300
0.3874 0.0099 0.342020143326 0.000000000000 -0.939692620786 2.8300
0.3874 0.0099 0.342020143326 0.000000000000 0.939692620786 2.8300
0.3849 0.0099 0.342020143326 0.243210346802 -0.907673371190 2.8300
0.3849 0.0099 0.342020143326 0.243210346802 0.907673371190 2.8300
0.3859 0.0099 0.342020143326 0.469846310393 -0.813797681349 2.8300
0.3857 0.0099 0.342020143326 0.469846310393 0.813797681349 2.8300
0.3872 0.0099 0.342020143326 0.664463024389 -0.664463024389 2.8300
0.3858 0.0099 0.342020143326 0.664463024389 0.664463024389 2.8300
0.3878 0.0099 0.342020143326 0.813797681349 -0.469846310393 2.8300
0.3862 0.0099 0.342020143326 0.813797681349 0.469846310393 2.8300
0.3879 0.0099 0.342020143326 0.907673371190 -0.243210346802 2.8300
0.3866 0.0099 0.342020143326 0.907673371190 0.243210346802 2.8300
0.3856 0.0099 0.342020143326 0.939692620786 0.000000000000 2.8300
0.3862 0.0099 0.422618261741 -0.906307787037 0.000000000000 2.8300
0.3871 0.0099 0.422618261741 -0.875426098066 -0.234569716010 2.8300
0.3883 0.0099 0.422618261741 -0.875426098066 0.234569716010 2.8300
0.3867 0.0099 0.422618261741 -0.784885567221 -0.453153893518 2.8300
0.3883 0.0099 0.422618261741 -0.784885567221 0.453153893518 2.8300
0.3863 0.0099 0.422618261741 -0.640856382056 -0.640856382056 2.8300
0.3877 0.0099 0.422618261741 -0.640856382056 0.640856382056 2.8300
0.3862 0.0099 0.422618261741 -0.453153893518 -0.784885567221 2.8300
0.3865 0.0099 0.422618261741 -0.453153893518 0.784885567221 2.8300
0.3855 0.0099 0.422618261741 -0.234569716010 -0.875426098066 2.8300
0.3855 0.0099 0.422618261741 -0.234569716010 0.875426098066 2.8300
0.3879 0.0099 0.422618261741 -0.000000006298 -0.906307787037 2.8300
0.3879 0.0099 0.422618261741 0.000000000000 0.906307787037 2.8300
0.3855 0.0099 0.422618261741 0.234569716010 -0.875426098066 2.8300
0.3856 0.0099 0.422618261741 0.234569716010 0.875426098066 2.8300
0.3865 0.0099 0.422618261741 0.453153893518 -0.784885567221 2.8300
0.3863 0.0099 0.422618261741 0.453153893518 0.784885567221 2.8300
0.3877 0.0099 0.422618261741 0.640856382056 -0.640856382056 2.8300
0.3863 0.0099 0.422618261741 0.640856382056 0.640856382056 2.8300
0.3882 0.0099 0.422618261741 0.784885567221 -0.453153893518 2.8300
0.3867 0.0099 0.422618261741 0.784885567221 0.453153893518 2.8300
0.3883 0.0099 0.422618261741 0.875426098066 -0.234569716010 2.8300
0.3871 0.0099 0.422618261741 0.875426098066 0.234569716010 2.8300
0.3862 0.0099 0.422618261741 0.906307787037 0.000000000000 2.8300
0.3868 0.0099 0.500000000000 -0.866025403784 0.000000000000 2.8300
0.3876 0.0099 0.500000000000 -0.836516303738 -0.224143868042 2.8300
0.3888 0.0099 0.500000000000 -0.836516303738 0.224143868042 2.8300
0.3873 0.0099 0.500000000000 -0.750000000000 -0.433012701892 2.8300
0.3887 0.0099 0.500000000000 -0.750000000000 0.433012701892 2.8300
0.3870 0.0099 0.500000000000 -0.612372435696 -0.612372435696 2.8300
0.3882 0.0099 0.500000000000 -0.612372435696 0.612372435696 2.8300
0.3869 0.0099 0.500000000000 -0.433012701892 -0.750000000000 2.8300
0.3871 0.0099 0.500000000000 -0.433012701892 0.750000000000 2.8300
0.3863 0.0099 0.500000000000 -0.224143868042 -0.836516303738 2.8300
0.3862 0.0099 0.500000000000 -0.224143868042 0.836516303738 2.8300
0.3884 0.0099 0.500000000000 -0.000000007451 -0.866025403784 2.8300
0.3884 0.0099 0.500000000000 0.000000000000 0.866025403784 2.8300
0.3862 0.0099 0.500000000000 0.224143868042 -0.836516303738 2.8300
0.3863 0.0099 0.500000000000 0.224143868042 0.836516303738 2.8300
0.3871 0.0099 0.500000000000 0.433012701892 -0.750000000000 2.8300
0.3869 0.0099 0.500000000000 0.433012701892 0.750000000000 2.8300
0.3882 0.0099 0.500000000000 0.612372435696 -0.612372435696 2.8300
0.3870 0.0099 0.500000000000 0.612372435696 0.612372435696 2.8300
0.3887 0.0099 0.500000000000 0.750000000000 -0.433012701892 2.8300
0.3873 0.0099 0.500000000000 0.750000000000 0.433012701892 2.8300
0.3888 0.0099 0.500000000000 0.836516303738 -0.224143868042 2.8300
0.3876 0.0099 0.500000000000 0.836516303738 0.224143868042 2.8300
0.3868 0.0099 0.500000000000 0.866025403784 0.000000000000 2.8300
0.3876 0.0099 0.573576436351 -0.819152044289 0.000000000000 2.8300
0.3883 0.0099 0.573576436351 -0.791240115236 -0.212012149897 2.8300
0.3893 0.0099 0.573576436351 -0.791240115236 0.212012149897 2.8300
0.3880 0.0099 0.573576436351 -0.709406479916 -0.409576022144 2.8300
0.3893 0.0099 0.573576436351 -0.709406479916 0.409576022144 2.8300
0.3877 0.0099 0.573576436351 -0.579227965340 -0.579227965340 2.8300
0.3888 0.0099 0.573576436351 -0.579227965340 0.579227965340 2.8300
0.3876 0.0099 0.573576436351 -0.409576022144 -0.709406479916 2.8300
0.3878 0.0099 0.573576436351 -0.409576022144 0.709406479916 2.8300
0.3870 0.0099 0.573576436351 -0.212012149897 -0.791240115236 2.8300
0.3870 0.0099 0.573576436351 -0.212012149897 0.791240115236 2.8300
0.3890 0.0099 0.573576436351 0.000000000000 -0.819152044289 2.8300
0.3890 0.0099 0.573576436351 0.000000000000 0.819152044289 2.8300
0.3870 0.0099 0.573576436351 0.212012149897 -0.791240115236 2.8300
0.3871 0.0099 0.573576436351 0.212012149897 0.791240115236 2.8300
0.3878 0.0099 0.573576436351 0.409576022144 -0.709406479916 2.8300
0.3876 0.0099 0.573576436351 0.409576022144 0.709406479916 2.8300
0.3888 0.0099 0.573576436351 0.579227965340 -0.579227965340 2.8300
0.3877 0.0099 0.573576436351 0.579227965340 0.579227965340 2.8300
0.3893 0.0099 0.573576436351 0.709406479916 -0.409576022144 2.8300
0.3880 0.0099 0.573576436351 0.709406479916 0.409576022144 2.8300
0.3893 0.0099 0.573576436351 0.791240115236 -0.212012149897 2.8300
0.3883 0.0099 0.573576436351 0.791240115236 0.212012149897 2.8300
0.3876 0.0099 0.573576436351 0.819152044289 0.000000000000 2.8300
0.3883 0.0099 0.642787609687 -0.766044443119 0.000000000000 2.8300
0.3890 0.0099 0.642787609687 -0.739942111694 -0.198266891274 2.8300
0.3899 0.0099 0.642787609687 -0.739942111694 0.198266891274 2.8300
0.3887 0.0099 0.642787609687 -0.663413948169 -0.383022221559 2.8300
0.3898 0.0099 0.642787609687 -0.663413948169 0.383022221559 2.8300
0.3884 0.0099 0.642787609687 -0.541675220420 -0.541675220420 2.8300
0.3894 0.0099 0.642787609687 -0.541675220420 0.541675220420 2.8300
0.3884 0.0099 0.642787609687 -0.383022221559 -0.663413948169 2.8300
0.3885 0.0099 0.642787609687 -0.383022221559 0.663413948169 2.8300
0.3879 0.0099 0.642787609687 -0.198266891274 -0.739942111694 2.8300
0.3879 0.0099 0.642787609687 -0.198266891274 0.739942111694 2.8300
0.3896 0.0099 0.642787609687 0.000000000000 -0.766044443119 2.8300
0.3896 0.0099 0.642787609687 0.000000009578 0.766044443119 2.8300
0.3878 0.0099 0.642787609687 0.198266891274 -0.739942111694 2.8300
0.3879 0.0099 0.642787609687 0.198266891274 0.739942111694 2.8300
0.3886 0.0099 0.642787609687 0.383022221559 -0.663413948169 2.8300
0.3884 0.0099 0.642787609687 0.383022221559 0.663413948169 2.8300
0.3894 0.0099 0.642787609687 0.541675220420 -0.541675220420 2.8300
0.3884 0.0099 0.642787609687 0.541675220420 0.541675220420 2.8300
0.3898 0.0099 0.642787609687 0.663413948169 -0.383022221559 2.8300
0.3887 0.0099 0.642787609687 0.663413948169 0.383022221559 2.8300
0.3899 0.0099 0.642787609687 0.739942111694 -0.198266891274 2.8300
0.3890 0.0099 0.642787609687 0.739942111694 0.198266891274 2.8300
0.3883 0.0099 0.642787609687 0.766044443119 0.000000000000 2.8300
0.3891 0.0099 0.707106781187 -0.707106781187 0.000000000000 2.8300
0.3897 0.0099 0.707106781187 -0.683012701892 -0.183012701892 2.8300
0.3904 0.0099 0.707106781187 -0.683012701892 0.183012701892 2.8300
0.3895 0.0099 0.707106781187 -0.612372435696 -0.353553390593 2.8300
0.3904 0.0099 0.707106781187 -0.612372435696 0.353553390593 2.8300
0.3892 0.0099 0.707106781187 -0.500000000000 -0.500000000000 2.8300
0.3901 0.0099 0.707106781187 -0.500000000000 0.500000000000 2.8300
0.3892 0.0099 0.707106781187 -0.353553390593 -0.612372435696 2.8300
0.3893 0.0099 0.707106781187 -0.353553390593 0.612372435696 2.8300
0.3887 0.0099 0.707106781187 -0.183012701892 -0.683012701892 2.8300
0.3887 0.0099 0.707106781187 -0.183012701892 0.683012701892 2.8300
0.3902 0.0099 0.707106781187 -0.000000010537 -0.707106781187 2.8300
0.3902 0.0099 0.707106781187 0.000000010537 0.707106781187 2.8300
0.3887 0.0099 0.707106781187 0.183012701892 -0.683012701892 2.8300
0.3888 0.0099 0.707106781187 0.183012701892 0.683012701892 2.8300
0.3893 0.0099 0.707106781187 0.353553390593 -0.612372435696 2.8300
0.3892 0.0099 0.707106781187 0.353553390593 0.612372435696 2.8300
0.3901 0.0099 0.707106781187 0.500000000000 -0.500000000000 2.8300
0.3892 0.0099 0.707106781187 0.500000000000 0.500000000000 2.8300
0.3904 0.0099 0.707106781187 0.612372435696 -0.353553390593 2.8300
0.3895 0.0099 0.707106781187 0.612372435696 0.353553390593 2.8300
0.3904 0.0099 0.707106781187 0.683012701892 -0.183012701892 2.8300
0.3897 0.0099 0.707106781187 0.683012701892 0.183012701892 2.8300
0.3891 0.0099 0.707106781187 0.707106781187 0.000000000000 2.8300
0.3899 0.0099 0.766044443119 -0.642787609687 0.000000000000 2.8300
0.3904 0.0099 0.766044443119 -0.620885153015 -0.166365675343 2.8300
0.3910 0.0099 0.766044443119 -0.620885153015 0.166365675343 2.8300
0.3902 0.0099 0.766044443119 -0.556670399226 -0.321393804843 2.8300
0.3910 0.0099 0.766044443119 -0.556670399226 0.321393804843 2.8300
0.3900 0.0099 0.766044443119 -0.454519477672 -0.454519477672 2.8300
0.3907 0.0099 0.766044443119 -0.454519477672 0.454519477672 2.8300
0.3900 0.0099 0.766044443119 -0.321393804843 -0.556670399226 2.8300
0.3901 0.0099 0.766044443119 -0.321393804843 0.556670399226 2.8300
0.3896 0.0099 0.766044443119 -0.166365675343 -0.620885153015 2.8300
0.3896 0.0099 0.766044443119 -0.166365675343 0.620885153015 2.8300
0.3908 0.0099 0.766044443119 -0.000000011415 -0.642787609687 2.8300
0.3908 0.0099 0.766044443119 0.000000000000 0.642787609687 2.8300
0.3896 0.0099 0.766044443119 0.166365675343 -0.620885153015 2.8300
0.3896 0.0099 0.766044443119 0.166365675343 0.620885153015 2.8300
0.3901 0.0099 0.766044443119 0.321393804843 -0.556670399226 2.8300
0.3900 0.0099 0.766044443119 0.321393804843 0.556670399226 2.8300
0.3907 0.0099 0.766044443119 0.454519477672 -0.454519477672 2.8300
0.3900 0.0099 0.766044443119 0.454519477672 0.454519477672 2.8300
0.3910 0.0099 0.766044443119 0.556670399226 -0.321393804843 2.8300
0.3902 0.0099 0.766044443119 0.556670399226 0.321393804843 2.8300
0.3910 0.0099 0.766044443119 0.620885153015 -0.166365675343 2.8300
0.3904 0.0099 0.766044443119 0.620885153015 0.166365675343 2.8300
0.3899 0.0099 0.766044443119 0.642787609687 0.000000000000 2.8300
0.3907 0.0099 0.819152044289 -0.573576436351 0.000000000000 2.8300
0.3911 0.0099 0.819152044289 -0.554032293222 -0.148452505550 2.8300
0.3916 0.0099 0.819152044289 -0.554032293222 0.148452505550 2.8300
0.3909 0.0099 0.819152044289 -0.496731764892 -0.286788218176 2.8300
0.3915 0.0099 0.819152044289 -0.496731764892 0.286788218176 2.8300
0.3908 0.0099 0.819152044289 -0.405579787673 -0.405579787673 2.8300
0.3913 0.0099 0.819152044289 -0.405579787673 0.405579787673 2.8300
0.3907 0.0099 0.819152044289 -0.286788218176 -0.496731764892 2.8300
0.3908 0.0099 0.819152044289 -0.286788218176 0.496731764892 2.8300
0.3905 0.0099 0.819152044289 -0.148452505550 -0.554032293222 2.8300
0.3905 0.0099 0.819152044289 -0.148452505550 0.554032293222 2.8300
0.3914 0.0099 0.819152044289 0.000000000000 -0.573576436351 2.8300
0.3914 0.0099 0.819152044289 0.000000000000 0.573576436351 2.8300
0.3904 0.0099 0.819152044289 0.148452505550 -0.554032293222 2.8300
0.3905 0.0099 0.819152044289 0.148452505550 0.554032293222 2.8300
0.3908 0.0099 0.819152044289 0.286788218176 -0.496731764892 2.8300
0.3908 0.0099 0.819152044289 0.286788218176 0.496731764892 2.8300
0.3913 0.0099 0.819152044289 0.405579787673 -0.405579787673 2.8300
0.3908 0.0099 0.819152044289 0.405579787673 0.405579787673 2.8300
0.3915 0.0099 0.819152044289 0.496731764892 -0.286788218176 2.8300
0.3909 0.0099 0.819152044289 0.496731764892 0.286788218176 2.8300
0.3916 0.0099 0.819152044289 0.554032293222 -0.148452505550 2.8300
0.3911 0.0099 0.819152044289 0.554032293222 0.148452505550 2.8300
0.3907 0.0099 0.819152044289 0.573576436351 0.000000000000 2.8300
0.3914 0.0099 0.866025403784 -0.500000000000 0.000000000000 2.8300
0.3917 0.0099 0.866025403784 -0.482962913145 -0.129409522551 2.8300
0.3921 0.0099 0.866025403784 -0.482962913145 0.129409522551 2.8300
0.3916 0.0099 0.866025403784 -0.433012701892 -0.250000000000 2.8300
0.3921 0.0099 0.866025403784 -0.433012701892 0.250000000000 2.8300
0.3915 0.0099 0.866025403784 -0.353553390593 -0.353553390593 2.8300
0.3919 0.0099 0.866025403784 -0.353553390593 0.353553390593 2.8300
0.3915 0.0099 0.866025403784 -0.250000000000 -0.433012701892 2.8300
0.3915 0.0099 0.866025403784 -0.250000000000 0.433012701892 2.8300
0.3912 0.0099 0.866025403784 -0.129409522551 -0.482962913145 2.8300
0.3913 0.0099 0.866025403784 -0.129409522551 0.482962913145 2.8300
0.3920 0.0099 0.866025403784 -0.000000012905 0.500000000000 2.8300
0.3920 0.0099 0.866025403784 0.000000000000 -0.500000000000 2.8300
0.3912 0.0099 0.866025403784 0.129409522551 -0.482962913145 2.8300
0.3913 0.0099 0.866025403784 0.129409522551 0.482962913145 2.8300
0.3915 0.0099 0.866025403784 0.250000000000 -0.433012701892 2.8300
0.3915 0.0099 0.866025403784 0.250000000000 0.433012701892 2.8300
0.3919 0.0099 0.866025403784 0.353553390593 -0.353553390593 2.8300
0.3915 0.0099 0.866025403784 0.353553390593 0.353553390593 2.8300
0.3921 0.0099 0.866025403784 0.433012701892 -0.250000000000 2.8300
0.3916 0.0099 0.866025403784 0.433012701892 0.250000000000 2.8300
0.3921 0.0099 0.866025403784 0.482962913145 -0.129409522551 2.8300
0.3917 0.0099 0.866025403784 0.482962913145 0.129409522551 2.8300
0.3915 0.0099 0.866025403784 0.500000000000 0.000000000000 2.8300
0.3921 0.0099 0.906307787037 -0.422618261741 0.000000000000 2.8300
0.3923 0.0099 0.906307787037 -0.408217893677 -0.109381654947 2.8300
0.3926 0.0099 0.906307787037 -0.408217893677 0.109381654947 2.8300
0.3922 0.0099 0.906307787037 -0.365998150771 -0.211309130870 2.8300
0.3926 0.0099 0.906307787037 -0.365998150771 0.211309130870 2.8300
0.3921 0.0099 0.906307787037 -0.298836238730 -0.298836238730 2.8300
0.3924 0.0099 0.906307787037 -0.298836238730 0.298836238730 2.8300
0.3921 0.0099 0.906307787037 -0.211309130870 -0.365998150771 2.8300
0.3922 0.0099 0.906307787037 -0.211309130870 0.365998150771 2.8300
0.3920 0.0099 0.906307787037 -0.109381654947 -0.408217893677 2.8300
0.3920 0.0099 0.906307787037 -0.109381654947 0.408217893677 2.8300
0.3925 0.0099 0.906307787037 0.000000000000 -0.422618261741 2.8300
0.3925 0.0099 0.906307787037 0.000000000000 0.422618261741 2.8300
0.3919 0.0099 0.906307787037 0.109381654947 -0.408217893677 2.8300
0.3920 0.0099 0.906307787037 0.109381654947 0.408217893677 2.8300
0.3922 0.0099 0.906307787037 0.211309130870 -0.365998150771 2.8300
0.3921 0.0099 0.906307787037 0.211309130870 0.365998150771 2.8300
0.3924 0.0099 0.906307787037 0.298836238730 -0.298836238730 2.8300
0.3921 0.0099 0.906307787037 0.298836238730 0.298836238730 2.8300
0.3926 0.0099 0.906307787037 0.365998150771 -0.211309130870 2.8300
0.3922 0.0099 0.906307787037 0.365998150771 0.211309130870 2.8300
0.3926 0.0099 0.906307787037 0.408217893677 -0.109381654947 2.8300
0.3923 0.0099 0.906307787037 0.408217893677 0.109381654947 2.8300
0.3921 0.0099 0.906307787037 0.422618261741 0.000000000000 2.8300
0.3927 0.0099 0.939692620786 -0.342020143326 0.000000000000 2.8300
0.3928 0.0099 0.939692620786 -0.330366089549 -0.088521326901 2.8300
0.3930 0.0099 0.939692620786 -0.330366089549 0.088521326901 2.8300
0.3927 0.0099 0.939692620786 -0.296198132726 -0.171010071663 2.8300
0.3930 0.0099 0.939692620786 -0.296198132726 0.171010071663 2.8300
0.3927 0.0099 0.939692620786 -0.241844762648 -0.241844762648 2.8300
0.3929 0.0099 0.939692620786 -0.241844762648 0.241844762648 2.8300
0.3927 0.0099 0.939692620786 -0.171010071663 -0.296198132726 2.8300
0.3927 0.0099 0.939692620786 -0.171010071663 0.296198132726 2.8300
0.3926 0.0099 0.939692620786 -0.088521326901 -0.330366089549 2.8300
0.3926 0.0099 0.939692620786 -0.088521326901 0.330366089549 2.8300
0.3929 0.0099 0.939692620786 0.000000000000 -0.342020143326 2.8300
0.3929 0.0099 0.939692620786 0.000000000000 0.342020143326 2.8300
0.3926 0.0099 0.939692620786 0.088521326901 -0.330366089549 2.8300
0.3926 0.0099 0.939692620786 0.088521326901 0.330366089549 2.8300
0.3927 0.0099 0.939692620786 0.171010071663 -0.296198132726 2.8300
0.3927 0.0099 0.939692620786 0.171010071663 0.296198132726 2.8300
0.3929 0.0099 0.939692620786 0.241844762648 -0.241844762648 2.8300
0.3927 0.0099 0.939692620786 0.241844762648 0.241844762648 2.8300
0.3930 0.0099 0.939692620786 0.296198132726 -0.171010071663 2.8300
0.3927 0.0099 0.939692620786 0.296198132726 0.171010071663 2.8300
0.3930 0.0099 0.939692620786 0.330366089549 -0.088521326901 2.8300
0.3928 0.0099 0.939692620786 0.330366089549 0.088521326901 2.8300
0.3927 0.0099 0.939692620786 0.342020143326 0.000000000000 2.8300
0.3931 0.0099 0.965925826289 -0.258819045103 0.000000000000 2.8300
0.3932 0.0099 0.965925826289 -0.250000000000 -0.066987298108 2.8300
0.3933 0.0099 0.965925826289 -0.250000000000 0.066987298108 2.8300
0.3932 0.0099 0.965925826289 -0.224143868042 -0.129409522551 2.8300
0.3933 0.0099 0.965925826289 -0.224143868042 0.129409522551 2.8300
0.3931 0.0099 0.965925826289 -0.183012701892 -0.183012701892 2.8300
0.3933 0.0099 0.965925826289 -0.183012701892 0.183012701892 2.8300
0.3931 0.0099 0.965925826289 -0.129409522551 -0.224143868042 2.8300
0.3932 0.0099 0.965925826289 -0.129409522551 0.224143868042 2.8300
0.3931 0.0099 0.965925826289 -0.066987298108 -0.250000000000 2.8300
0.3931 0.0099 0.965925826289 -0.066987298108 0.250000000000 2.8300
0.3933 0.0099 0.965925826289 0.000000000000 -0.258819045103 2.8300
0.3933 0.0099 0.965925826289 0.000000000000 0.258819045103 2.8300
0.3931 0.0099 0.965925826289 0.066987298108 -0.250000000000 2.8300
0.3931 0.0099 0.965925826289 0.066987298108 0.250000000000 2.8300
0.3932 0.0099 0.965925826289 0.129409522551 -0.224143868042 2.8300
0.3931 0.0099 0.965925826289 0.129409522551 0.224143868042 2.8300
0.3932 0.0099 0.965925826289 0.183012701892 -0.183012701892 2.8300
0.3931 0.0099 0.965925826289 0.183012701892 0.183012701892 2.8300
0.3933 0.0099 0.965925826289 0.224143868042 -0.129409522551 2.8300
0.3932 0.0099 0.965925826289 0.224143868042 0.129409522551 2.8300
0.3933 0.0099 0.965925826289 0.250000000000 -0.066987298108 2.8300
0.3932 0.0099 0.965925826289 0.250000000000 0.066987298108 2.8300
0.3931 0.0099 0.965925826289 0.258819045103 0.000000000000 2.8300
0.3935 0.0099 0.984807753012 -0.173648177667 0.000000000000 2.8300
0.3935 0.0099 0.984807753012 -0.167731259497 -0.044943455528 2.8300
0.3935 0.0099 0.984807753012 -0.167731259497 0.044943455528 2.8300
0.3935 0.0099 0.984807753012 -0.150383733180 -0.086824088833 2.8300
0.3935 0.0099 0.984807753012 -0.150383733180 0.086824088833 2.8300
0.3935 0.0099 0.984807753012 -0.122787803969 -0.122787803969 2.8300
0.3935 0.0099 0.984807753012 -0.122787803969 0.122787803969 2.8300
0.3935 0.0099 0.984807753012 -0.086824088833 -0.150383733180 2.8300
0.3935 0.0099 0.984807753012 -0.086824088833 0.150383733180 2.8300
0.3934 0.0099 0.984807753012 -0.044943455528 -0.167731259497 2.8300
0.3935 0.0099 0.984807753012 -0.044943455528 0.167731259497 2.8300
0.3935 0.0099 0.984807753012 0.000000000000 -0.173648177667 2.8300
0.3935 0.0099 0.984807753012 0.000000000000 0.173648177667 2.8300
0.3934 0.0099 0.984807753012 0.044943455528 -0.167731259497 2.8300
0.3935 0.0099 0.984807753012 0.044943455528 0.167731259497 2.8300
0.3935 0.0099 0.984807753012 0.086824088833 -0.150383733180 2.8300
0.3935 0.0099 0.984807753012 0.086824088833 0.150383733180 2.8300
0.3935 0.0099 0.984807753012 0.122787803969 -0.122787803969 2.8300
0.3935 0.0099 0.984807753012 0.122787803969 0.122787803969 2.8300
0.3935 0.0099 0.984807753012 0.150383733180 -0.086824088833 2.8300
0.3935 0.0099 0.984807753012 0.150383733180 0.086824088833 2.8300
0.3936 0.0099 0.984807753012 0.167731259497 -0.044943455528 2.8300
0.3935 0.0099 0.984807753012 0.167731259497 0.044943455528 2.8300
0.3935 0.0099 0.984807753012 0.173648177667 0.000000000000 2.8300
0.3937 0.0099 0.996194698092 -0.087155742748 0.000000000000 2.8300
0.3937 0.0099 0.996194698092 -0.084185982829 -0.022557566113 2.8300
0.3937 0.0099 0.996194698092 -0.084185982829 0.022557566113 2.8300
0.3937 0.0099 0.996194698092 -0.075479087305 -0.043577871374 2.8300
0.3937 0.0099 0.996194698092 -0.075479087305 0.043577871374 2.8300
0.3937 0.0099 0.996194698092 -0.061628416716 -0.061628416716 2.8300
0.3937 0.0099 0.996194698092 -0.061628416716 0.061628416716 2.8300
0.3937 0.0099 0.996194698092 -0.043577871374 -0.075479087305 2.8300
0.3937 0.0099 0.996194698092 -0.043577871374 0.075479087305 2.8300
0.3937 0.0099 0.996194698092 -0.022557566113 -0.084185982829 2.8300
0.3937 0.0099 0.996194698092 -0.022557566113 0.084185982829 2.8300
0.3937 0.0099 0.996194698092 -0.000000014844 0.087155742748 2.8300
0.3937 0.0099 0.996194698092 0.000000000000 -0.087155742748 2.8300
0.3937 0.0099 0.996194698092 0.022557566113 -0.084185982829 2.8300
0.3937 0.0099 0.996194698092 0.022557566113 0.084185982829 2.8300
0.3937 0.0099 0.996194698092 0.043577871374 -0.075479087305 2.8300
0.3937 0.0099 0.996194698092 0.043577871374 0.075479087305 2.8300
0.3937 0.0099 0.996194698092 0.061628416716 -0.061628416716 2.8300
0.3937 0.0099 0.996194698092 0.061628416716 0.061628416716 2.8300
0.3937 0.0099 0.996194698092 0.075479087305 -0.043577871374 2.8300
0.3937 0.0099 0.996194698092 0.075479087305 0.043577871374 2.8300
0.3937 0.0099 0.996194698092 0.084185982829 -0.022557566113 2.8300
0.3937 0.0099 0.996194698092 0.084185982829 0.022557566113 2.8300
0.3937 0.0099 0.996194698092 0.087155742748 0.000000000000 2.8300
0.3937 0.0099 1.000000000000 0.000000000000 0.000000000000 2.8300
