0.3890 0.0127 -1.000000000000 0.000000000000 0.000000000000 0.5700
0.3889 0.0127 -0.996194698092 -0.087155742748 0.000000000000 0.5700
0.3889 0.0127 -0.996194698092 -0.084185982829 -0.022557566113 0.5700
0.3889 0.0127 -0.996194698092 -0.084185982829 0.022557566113 0.5700
0.3889 0.0127 -0.996194698092 -0.075479087305 -0.043577871374 0.5700
0.3889 0.0127 -0.996194698092 -0.075479087305 0.043577871374 0.5700
0.3890 0.0127 -0.996194698092 -0.061628416716 -0.061628416716 0.5700
0.3889 0.0127 -0.996194698092 -0.061628416716 0.061628416716 0.5700
0.3890 0.0127 -0.996194698092 -0.043577871374 -0.075479087305 0.5700
0.3890 0.0127 -0.996194698092 -0.043577871374 0.075479087305 0.5700
0.3890 0.0127 -0.996194698092 -0.022557566113 -0.084185982829 0.5700
0.3889 0.0127 -0.996194698092 -0.022557566113 0.084185982829 0.5700
0.3889 0.0127 -0.996194698092 0.000000000000 -0.087155742748 0.5700
0.3889 0.0127 -0.996194698092 0.000000000000 0.087155742748 0.5700
0.3889 0.0127 -0.996194698092 0.022557566113 -0.084185982829 0.5700
0.3890 0.0127 -0.996194698092 0.022557566113 0.084185982829 0.5700
0.3890 0.0127 -0.996194698092 0.043577871374 -0.075479087305 0.5700
0.3890 0.0127 -0.996194698092 0.043577871374 0.075479087305 0.5700
0.3889 0.0127 -0.996194698092 0.061628416716 -0.061628416716 0.5700
0.3890 0.0127 -0.996194698092 0.061628416716 0.061628416716 0.5700
0.3889 0.0127 -0.996194698092 0.075479087305 -0.043577871374 0.5700
0.3889 0.0127 -0.996194698092 0.075479087305 0.043577871374 0.5700
0.3889 0.0127 -0.996194698092 0.084185982829 -0.022557566113 0.5700
0.3889 0.0127 -0.996194698092 0.084185982829 0.022557566113 0.5700
0.3889 0.0127 -0.996194698092 0.087155742748 0.000000000000 0.5700
0.3887 0.0127 -0.984807753012 -0.173648177667 0.000000000000 0.5700
0.3886 0.0127 -0.984807753012 -0.167731259497 -0.044943455528 0.5700
0.3885 0.0127 -0.984807753012 -0.167731259497 0.044943455528 0.5700
0.3887 0.0127 -0.984807753012 -0.150383733180 -0.086824088833 0.5700
0.3888 0.0127 -0.984807753012 -0.150383733180 0.086824088833 0.5700
0.3889 0.0127 -0.984807753012 -0.122787803969 -0.122787803969 0.5700
0.3887 0.0127 -0.984807753012 -0.122787803969 0.122787803969 0.5700
0.3890 0.0127 -0.984807753012 -0.086824088833 -0.150383733180 0.5700
0.3888 0.0127 -0.984807753012 -0.086824088833 0.150383733180 0.5700
0.3888 0.0127 -0.984807753012 -0.044943455528 -0.167731259497 0.5700
0.3886 0.0127 -0.984807753012 -0.044943455528 0.167731259497 0.5700
0.3885 0.0127 -0.984807753012 0.000000000000 0.173648177667 0.5700
0.3885 0.0127 -0.984807753012 0.000000014675 -0.173648177667 0.5700
0.3886 0.0127 -0.984807753012 0.044943455528 -0.167731259497 0.5700
0.3888 0.0127 -0.984807753012 0.044943455528 0.167731259497 0.5700
0.3888 0.0127 -0.984807753012 0.086824088833 -0.150383733180 0.5700
0.3890 0.0127 -0.984807753012 0.086824088833 0.150383733180 0.5700
0.3887 0.0127 -0.984807753012 0.122787803969 -0.122787803969 0.5700
0.3889 0.0127 -0.984807753012 0.122787803969 0.122787803969 0.5700
0.3887 0.0127 -0.984807753012 0.150383733180 -0.086824088833 0.5700
0.3887 0.0127 -0.984807753012 0.150383733180 0.086824088833 0.5700
0.3885 0.0127 -0.984807753012 0.167731259497 -0.044943455528 0.5700
0.3886 0.0127 -0.984807753012 0.167731259497 0.044943455528 0.5700
0.3887 0.0127 -0.984807753012 0.173648177667 0.000000000000 0.5700
0.3883 0.0127 -0.965925826289 -0.258819045103 0.000000000000 0.5700
0.3881 0.0127 -0.965925826289 -0.250000000000 -0.066987298108 0.5700
0.3879 0.0127 -0.965925826289 -0.250000000000 0.066987298108 0.5700
0.3883 0.0127 -0.965925826289 -0.224143868042 -0.129409522551 0.5700
0.3885 0.0127 -0.965925826289 -0.224143868042 0.129409522551 0.5700
0.3889 0.0127 -0.965925826289 -0.183012701892 -0.183012701892 0.5700
0.3883 0.0127 -0.965925826289 -0.183012701892 0.183012701892 0.5700
0.3889 0.0127 -0.965925826289 -0.129409522551 -0.224143868042 0.5700
0.3886 0.0127 -0.965925826289 -0.129409522551 0.224143868042 0.5700
0.3886 0.0127 -0.965925826289 -0.066987298108 -0.250000000000 0.5700
0.3882 0.0127 -0.965925826289 -0.066987298108 0.250000000000 0.5700
0.3879 0.0127 -0.965925826289 0.000000000000 -0.258819045103 0.5700
0.3879 0.0127 -0.965925826289 0.000000000000 0.258819045103 0.5700
0.3882 0.0127 -0.965925826289 0.066987298108 -0.250000000000 0.5700
0.3886 0.0127 -0.965925826289 0.066987298108 0.250000000000 0.5700
0.3886 0.0127 -0.965925826289 0.129409522551 -0.224143868042 0.5700
0.3889 0.0127 -0.965925826289 0.129409522551 0.224143868042 0.5700
0.3883 0.0127 -0.965925826289 0.183012701892 -0.183012701892 0.5700
0.3889 0.0127 -0.965925826289 0.183012701892 0.183012701892 0.5700
0.3884 0.0127 -0.965925826289 0.224143868042 -0.129409522551 0.5700
0.3883 0.0127 -0.965925826289 0.224143868042 0.129409522551 0.5700
0.3878 0.0127 -0.965925826289 0.250000000000 -0.066987298108 0.5700
0.3881 0.0127 -0.965925826289 0.250000000000 0.066987298108 0.5700
0.3883 0.0127 -0.965925826289 0.258819045103 0.000000000000 0.5700
0.3878 0.0127 -0.939692620786 -0.342020143326 0.000000000000 0.5700
0.3874 0.0127 -0.939692620786 -0.330366089549 -0.088521326901 0.5700
0.3870 0.0127 -0.939692620786 -0.330366089549 0.088521326901 0.5700
0.3877 0.0127 -0.939692620786 -0.296198132726 -0.171010071663 0.5700
0.3880 0.0127 -0.939692620786 -0.296198132726 0.171010071663 0.5700
0.3888 0.0127 -0.939692620786 -0.241844762648 -0.241844762648 0.5700
0.3878 0.0127 -0.939692620786 -0.241844762648 0.241844762648 0.5700
0.3888 0.0127 -0.939692620786 -0.171010071663 -0.296198132726 0.5700
0.3882 0.0127 -0.939692620786 -0.171010071663 0.296198132726 0.5700
0.3883 0.0127 -0.939692620786 -0.088521326901 -0.330366089549 0.5700
0.3876 0.0127 -0.939692620786 -0.088521326901 0.330366089549 0.5700
0.3870 0.0127 -0.939692620786 0.000000000000 -0.342020143326 0.5700
0.3870 0.0127 -0.939692620786 0.000000000000 0.342020143326 0.5700
0.3876 0.0127 -0.939692620786 0.088521326901 -0.330366089549 0.5700
0.3883 0.0127 -0.939692620786 0.088521326901 0.330366089549 0.5700
0.3883 0.0127 -0.939692620786 0.171010071663 -0.296198132726 0.5700
0.3888 0.0127 -0.939692620786 0.171010071663 0.296198132726 0.5700
0.3878 0.0127 -0.939692620786 0.241844762648 -0.241844762648 0.5700
0.3888 0.0127 -0.939692620786 0.241844762648 0.241844762648 0.5700
0.3880 0.0127 -0.939692620786 0.296198132726 -0.171010071663 0.5700
0.3877 0.0127 -0.939692620786 0.296198132726 0.171010071663 0.5700
0.3870 0.0127 -0.939692620786 0.330366089549 -0.088521326901 0.5700
0.3874 0.0127 -0.939692620786 0.330366089549 0.088521326901 0.5700
0.3877 0.0127 -0.939692620786 0.342020143326 0.000000000000 0.5700
0.3871 0.0127 -0.906307787037 -0.422618261741 0.000000000000 0.5700
0.3865 0.0127 -0.906307787037 -0.408217893677 -0.109381654947 0.5700
0.3859 0.0127 -0.906307787037 -0.408217893677 0.109381654947 0.5700
0.3871 0.0127 -0.906307787037 -0.365998150771 -0.211309130870 0.5700
0.3875 0.0127 -0.906307787037 -0.365998150771 0.211309130870 0.5700
0.3887 0.0127 -0.906307787037 -0.298836238730 -0.298836238730 0.5700
0.3871 0.0127 -0.906307787037 -0.298836238730 0.298836238730 0.5700
0.3888 0.0127 -0.906307787037 -0.211309130870 -0.365998150771 0.5700
0.3878 0.0127 -0.906307787037 -0.211309130870 0.365998150771 0.5700
0.3879 0.0127 -0.906307787037 -0.109381654947 -0.408217893677 0.5700
0.3869 0.0127 -0.906307787037 -0.109381654947 0.408217893677 0.5700
0.3860 0.0127 -0.906307787037 0.000000000000 0.422618261741 0.5700
0.3860 0.0127 -0.906307787037 0.000000013505 -0.422618261741 0.5700
0.3869 0.0127 -0.906307787037 0.109381654947 -0.408217893677 0.5700
0.3879 0.0127 -0.906307787037 0.109381654947 0.408217893677 0.5700
0.3879 0.0127 -0.906307787037 0.211309130870 -0.365998150771 0.5700
0.3888 0.0127 -0.906307787037 0.211309130870 0.365998150771 0.5700
0.3871 0.0127 -0.906307787037 0.298836238730 -0.298836238730 0.5700
0.3887 0.0127 -0.906307787037 0.298836238730 0.298836238730 0.5700
0.3875 0.0127 -0.906307787037 0.365998150771 -0.211309130870 0.5700
0.3871 0.0127 -0.906307787037 0.365998150771 0.211309130870 0.5700
0.3859 0.0127 -0.906307787037 0.408217893677 -0.109381654947 0.5700
0.3866 0.0127 -0.906307787037 0.408217893677 0.109381654947 0.5700
0.3871 0.0127 -0.906307787037 0.422618261741 0.000000000000 0.5700
0.3864 0.0127 -0.866025403784 -0.500000000000 0.000000000000 0.5700
0.3855 0.0127 -0.866025403784 -0.482962913145 -0.129409522551 0.5700
0.3847 0.0127 -0.866025403784 -0.482962913145 0.129409522551 0.5700
0.3863 0.0127 -0.866025403784 -0.433012701892 -0.250000000000 0.5700
0.3869 0.0127 -0.866025403784 -0.433012701892 0.250000000000 0.5700
0.3885 0.0127 -0.866025403784 -0.353553390593 -0.353553390593 0.5700
0.3863 0.0127 -0.866025403784 -0.353553390593 0.353553390593 0.5700
0.3887 0.0127 -0.866025403784 -0.250000000000 -0.433012701892 0.5700
0.3874 0.0127 -0.866025403784 -0.250000000000 0.433012701892 0.5700
0.3875 0.0127 -0.866025403784 -0.129409522551 -0.482962913145 0.5700
0.3860 0.0127 -0.866025403784 -0.129409522551 0.482962913145 0.5700
0.3848 0.0127 -0.866025403784 0.000000000000 0.500000000000 0.5700
0.3848 0.0127 -0.866025403784 0.000000012905 -0.500000000000 0.5700
0.3860 0.0127 -0.866025403784 0.129409522551 -0.482962913145 0.5700
0.3875 0.0127 -0.866025403784 0.129409522551 0.482962913145 0.5700
0.3874 0.0127 -0.866025403784 0.250000000000 -0.433012701892 0.5700
0.3887 0.0127 -0.866025403784 0.250000000000 0.433012701892 0.5700
0.3864 0.0127 -0.866025403784 0.353553390593 -0.353553390593 0.5700
0.3885 0.0127 -0.866025403784 0.353553390593 0.353553390593 0.5700
0.3869 0.0127 -0.866025403784 0.433012701892 -0.250000000000 0.5700
0.3863 0.0127 -0.866025403784 0.433012701892 0.250000000000 0.5700
0.3847 0.0127 -0.866025403784 0.482962913145 -0.129409522551 0.5700
0.3856 0.0127 -0.866025403784 0.482962913145 0.129409522551 0.5700
0.3863 0.0127 -0.866025403784 0.500000000000 0.000000000000 0.5700
0.3855 0.0127 -0.819152044289 -0.573576436351 0.000000000000 0.5700
0.3845 0.0127 -0.819152044289 -0.554032293222 -0.148452505550 0.5700
0.3833 0.0127 -0.819152044289 -0.554032293222 0.148452505550 0.5700
0.3854 0.0127 -0.819152044289 -0.496731764892 -0.286788218176 0.5700
0.3863 0.0127 -0.819152044289 -0.496731764892 0.286788218176 0.5700
0.3884 0.0127 -0.819152044289 -0.405579787673 -0.405579787673 0.5700
0.3855 0.0127 -0.819152044289 -0.405579787673 0.405579787673 0.5700
0.3885 0.0127 -0.819152044289 -0.286788218176 -0.496731764892 0.5700
0.3869 0.0127 -0.819152044289 -0.286788218176 0.496731764892 0.5700
0.3870 0.0127 -0.819152044289 -0.148452505550 -0.554032293222 0.5700
0.3851 0.0127 -0.819152044289 -0.148452505550 0.554032293222 0.5700
0.3835 0.0127 -0.819152044289 0.000000000000 -0.573576436351 0.5700
0.3834 0.0127 -0.819152044289 0.000000000000 0.573576436351 0.5700
0.3851 0.0127 -0.819152044289 0.148452505550 -0.554032293222 0.5700
0.3870 0.0127 -0.819152044289 0.148452505550 0.554032293222 0.5700
0.3869 0.0127 -0.819152044289 0.286788218176 -0.496731764892 0.5700
0.3885 0.0127 -0.819152044289 0.286788218176 0.496731764892 0.5700
0.3855 0.0127 -0.819152044289 0.405579787673 -0.405579787673 0.5700
0.3884 0.0127 -0.819152044289 0.405579787673 0.405579787673 0.5700
0.3863 0.0127 -0.819152044289 0.496731764892 -0.286788218176 0.5700
0.3854 0.0127 -0.819152044289 0.496731764892 0.286788218176 0.5700
0.3833 0.0127 -0.819152044289 0.554032293222 -0.148452505550 0.5700
0.3845 0.0127 -0.819152044289 0.554032293222 0.148452505550 0.5700
0.3855 0.0127 -0.819152044289 0.573576436351 0.000000000000 0.5700
0.3846 0.0127 -0.766044443119 -0.642787609687 0.000000000000 0.5700
0.3833 0.0127 -0.766044443119 -0.620885153015 -0.166365675343 0.5700
0.3819 0.0127 -0.766044443119 -0.620885153015 0.166365675343 0.5700
0.3845 0.0127 -0.766044443119 -0.556670399226 -0.321393804843 0.5700
0.3856 0.0127 -0.766044443119 -0.556670399226 0.321393804843 0.5700
0.3882 0.0127 -0.766044443119 -0.454519477672 -0.454519477672 0.5700
0.3846 0.0127 -0.766044443119 -0.454519477672 0.454519477672 0.5700
0.3884 0.0127 -0.766044443119 -0.321393804843 -0.556670399226 0.5700
0.3863 0.0127 -0.766044443119 -0.321393804843 0.556670399226 0.5700
0.3864 0.0127 -0.766044443119 -0.166365675343 -0.620885153015 0.5700
0.3841 0.0127 -0.766044443119 -0.166365675343 0.620885153015 0.5700
0.3821 0.0127 -0.766044443119 0.000000000000 -0.642787609687 0.5700
0.3820 0.0127 -0.766044443119 0.000000000000 0.642787609687 0.5700
0.3841 0.0127 -0.766044443119 0.166365675343 -0.620885153015 0.5700
0.3865 0.0127 -0.766044443119 0.166365675343 0.620885153015 0.5700
0.3863 0.0127 -0.766044443119 0.321393804843 -0.556670399226 0.5700
0.3884 0.0127 -0.766044443119 0.321393804843 0.556670399226 0.5700
0.3846 0.0127 -0.766044443119 0.454519477672 -0.454519477672 0.5700
0.3882 0.0127 -0.766044443119 0.454519477672 0.454519477672 0.5700
0.3856 0.0127 -0.766044443119 0.556670399226 -0.321393804843 0.5700
0.3845 0.0127 -0.766044443119 0.556670399226 0.321393804843 0.5700
0.3818 0.0127 -0.766044443119 0.620885153015 -0.166365675343 0.5700
0.3833 0.0127 -0.766044443119 0.620885153015 0.166365675343 0.5700
0.3846 0.0127 -0.766044443119 0.642787609687 0.000000000000 0.5700
0.3837 0.0127 -0.707106781187 -0.707106781187 0.000000000000 0.5700
0.3821 0.0127 -0.707106781187 -0.683012701892 -0.183012701892 0.5700
0.3804 0.0127 -0.707106781187 -0.683012701892 0.183012701892 0.5700
0.3836 0.0127 -0.707106781187 -0.612372435696 -0.353553390593 0.5700
0.3849 0.0127 -0.707106781187 -0.612372435696 0.353553390593 0.5700
0.3881 0.0127 -0.707106781187 -0.500000000000 -0.500000000000 0.5700
0.3837 0.0127 -0.707106781187 -0.500000000000 0.500000000000 0.5700
0.3883 0.0127 -0.707106781187 -0.353553390593 -0.612372435696 0.5700
0.3858 0.0127 -0.707106781187 -0.353553390593 0.612372435696 0.5700
0.3859 0.0127 -0.707106781187 -0.183012701892 -0.683012701892 0.5700
0.3831 0.0127 -0.707106781187 -0.183012701892 0.683012701892 0.5700
0.3806 0.0127 -0.707106781187 0.000000000000 0.707106781187 0.5700
0.3806 0.0127 -0.707106781187 0.000000010537 -0.707106781187 0.5700
0.3830 0.0127 -0.707106781187 0.183012701892 -0.683012701892 0.5700
0.3859 0.0127 -0.707106781187 0.183012701892 0.683012701892 0.5700
0.3858 0.0127 -0.707106781187 0.353553390593 -0.612372435696 0.5700
0.3883 0.0127 -0.707106781187 0.353553390593 0.612372435696 0.5700
0.3837 0.0127 -0.707106781187 0.500000000000 -0.500000000000 0.5700
0.3881 0.0127 -0.707106781187 0.500000000000 0.500000000000 0.5700
0.3849 0.0127 -0.707106781187 0.612372435696 -0.353553390593 0.5700
0.3836 0.0127 -0.707106781187 0.612372435696 0.353553390593 0.5700
0.3803 0.0127 -0.707106781187 0.683012701892 -0.183012701892 0.5700
0.3822 0.0127 -0.707106781187 0.683012701892 0.183012701892 0.5700
0.3837 0.0127 -0.707106781187 0.707106781187 0.000000000000 0.5700
0.3828 0.0127 -0.642787609687 -0.766044443119 0.000000000000 0.5700
0.3809 0.0127 -0.642787609687 -0.739942111694 -0.198266891274 0.5700
0.3789 0.0127 -0.642787609687 -0.739942111694 0.198266891274 0.5700
0.3827 0.0127 -0.642787609687 -0.663413948169 -0.383022221559 0.5700
0.3842 0.0127 -0.642787609687 -0.663413948169 0.383022221559 0.5700
0.3879 0.0127 -0.642787609687 -0.541675220420 -0.541675220420 0.5700
0.3828 0.0127 -0.642787609687 -0.541675220420 0.541675220420 0.5700
0.3882 0.0127 -0.642787609687 -0.383022221559 -0.663413948169 0.5700
0.3852 0.0127 -0.642787609687 -0.383022221559 0.663413948169 0.5700
0.3854 0.0127 -0.642787609687 -0.198266891274 -0.739942111694 0.5700
0.3820 0.0127 -0.642787609687 -0.198266891274 0.739942111694 0.5700
0.3791 0.0127 -0.642787609687 0.000000000000 -0.766044443119 0.5700
0.3791 0.0127 -0.642787609687 0.000000009578 0.766044443119 0.5700
0.3820 0.0127 -0.642787609687 0.198266891274 -0.739942111694 0.5700
0.3854 0.0127 -0.642787609687 0.198266891274 0.739942111694 0.5700
0.3852 0.0127 -0.642787609687 0.383022221559 -0.663413948169 0.5700
0.3882 0.0127 -0.642787609687 0.383022221559 0.663413948169 0.5700
0.3828 0.0127 -0.642787609687 0.541675220420 -0.541675220420 0.5700
0.3879 0.0127 -0.642787609687 0.541675220420 0.541675220420 0.5700
0.3841 0.0127 -0.642787609687 0.663413948169 -0.383022221559 0.5700
0.3827 0.0127 -0.642787609687 0.663413948169 0.383022221559 0.5700
0.3788 0.0127 -0.642787609687 0.739942111694 -0.198266891274 0.5700
0.3810 0.0127 -0.642787609687 0.739942111694 0.198266891274 0.5700
0.3827 0.0127 -0.642787609687 0.766044443119 0.000000000000 0.5700
0.3819 0.0127 -0.573576436351 -0.819152044289 0.000000000000 0.5700
0.3798 0.0127 -0.573576436351 -0.791240115236 -0.212012149897 0.5700
0.3774 0.0127 -0.573576436351 -0.791240115236 0.212012149897 0.5700
0.3817 0.0127 -0.573576436351 -0.709406479916 -0.409576022144 0.5700
0.3835 0.0127 -0.573576436351 -0.709406479916 0.409576022144 0.5700
0.3877 0.0127 -0.573576436351 -0.579227965340 -0.579227965340 0.5700
0.3819 0.0127 -0.573576436351 -0.579227965340 0.579227965340 0.5700
0.3881 0.0127 -0.573576436351 -0.409576022144 -0.709406479916 0.5700
0.3847 0.0127 -0.573576436351 -0.409576022144 0.709406479916 0.5700
0.3849 0.0127 -0.573576436351 -0.212012149897 -0.791240115236 0.5700
0.3810 0.0127 -0.573576436351 -0.212012149897 0.791240115236 0.5700
0.3777 0.0127 -0.573576436351 0.000000000000 -0.819152044289 0.5700
0.3777 0.0127 -0.573576436351 0.000000000000 0.819152044289 0.5700
0.3810 0.0127 -0.573576436351 0.212012149897 -0.791240115236 0.5700
0.3849 0.0127 -0.573576436351 0.212012149897 0.791240115236 0.5700
0.3847 0.0127 -0.573576436351 0.409576022144 -0.709406479916 0.5700
0.3881 0.0127 -0.573576436351 0.409576022144 0.709406479916 0.5700
0.3819 0.0127 -0.573576436351 0.579227965340 -0.579227965340 0.5700
0.3877 0.0127 -0.573576436351 0.579227965340 0.579227965340 0.5700
0.3834 0.0127 -0.573576436351 0.709406479916 -0.409576022144 0.5700
0.3817 0.0127 -0.573576436351 0.709406479916 0.409576022144 0.5700
0.3774 0.0127 -0.573576436351 0.791240115236 -0.212012149897 0.5700
0.3798 0.0127 -0.573576436351 0.791240115236 0.212012149897 0.5700
0.3818 0.0127 -0.573576436351 0.819152044289 0.000000000000 0.5700
0.3810 0.0127 -0.500000000000 -0.866025403784 0.000000000000 0.5700
0.3787 0.0127 -0.500000000000 -0.836516303738 -0.224143868042 0.5700
0.3761 0.0127 -0.500000000000 -0.836516303738 0.224143868042 0.5700
0.3809 0.0127 -0.500000000000 -0.750000000000 -0.433012701892 0.5700
0.3828 0.0127 -0.500000000000 -0.750000000000 0.433012701892 0.5700
0.3876 0.0127 -0.500000000000 -0.612372435696 -0.612372435696 0.5700
0.3810 0.0127 -0.500000000000 -0.612372435696 0.612372435696 0.5700
0.3879 0.0127 -0.500000000000 -0.433012701892 -0.750000000000 0.5700
0.3842 0.0127 -0.500000000000 -0.433012701892 0.750000000000 0.5700
0.3844 0.0127 -0.500000000000 -0.224143868042 -0.836516303738 0.5700
0.3801 0.0127 -0.500000000000 -0.224143868042 0.836516303738 0.5700
0.3764 0.0127 -0.500000000000 0.000000000000 -0.866025403784 0.5700
0.3763 0.0127 -0.500000000000 0.000000000000 0.866025403784 0.5700
0.3801 0.0127 -0.500000000000 0.224143868042 -0.836516303738 0.5700
0.3844 0.0127 -0.500000000000 0.224143868042 0.836516303738 0.5700
0.3842 0.0127 -0.500000000000 0.433012701892 -0.750000000000 0.5700
0.3879 0.0127 -0.500000000000 0.433012701892 0.750000000000 0.5700
0.3810 0.0127 -0.500000000000 0.612372435696 -0.612372435696 0.5700
0.3876 0.0127 -0.500000000000 0.612372435696 0.612372435696 0.5700
0.3828 0.0127 -0.500000000000 0.750000000000 -0.433012701892 0.5700
0.3809 0.0127 -0.500000000000 0.750000000000 0.433012701892 0.5700
0.3760 0.0127 -0.500000000000 0.836516303738 -0.224143868042 0.5700
0.3787 0.0127 -0.500000000000 0.836516303738 0.224143868042 0.5700
0.3810 0.0127 -0.500000000000 0.866025403784 0.000000000000 0.5700
0.3803 0.0127 -0.422618261741 -0.906307787037 0.000000000000 0.5700
0.3777 0.0127 -0.422618261741 -0.875426098066 -0.234569716010 0.5700
0.3748 0.0127 -0.422618261741 -0.875426098066 0.234569716010 0.5700
0.3801 0.0127 -0.422618261741 -0.784885567221 -0.453153893518 0.5700
0.3822 0.0127 -0.422618261741 -0.784885567221 0.453153893518 0.5700
0.3874 0.0127 -0.422618261741 -0.640856382056 -0.640856382056 0.5700
0.3803 0.0127 -0.422618261741 -0.640856382056 0.640856382056 0.5700
0.3878 0.0127 -0.422618261741 -0.453153893518 -0.784885567221 0.5700
0.3837 0.0127 -0.422618261741 -0.453153893518 0.784885567221 0.5700
0.3839 0.0127 -0.422618261741 -0.234569716010 -0.875426098066 0.5700
0.3792 0.0127 -0.422618261741 -0.234569716010 0.875426098066 0.5700
0.3752 0.0127 -0.422618261741 0.000000000000 -0.906307787037 0.5700
0.3751 0.0127 -0.422618261741 0.000000000000 0.906307787037 0.5700
0.3792 0.0127 -0.422618261741 0.234569716010 -0.875426098066 0.5700
0.3839 0.0127 -0.422618261741 0.234569716010 0.875426098066 0.5700
0.3837 0.0127 -0.422618261741 0.453153893518 -0.784885567221 0.5700
0.3878 0.0127 -0.422618261741 0.453153893518 0.784885567221 0.5700
0.3803 0.0127 -0.422618261741 0.640856382056 -0.640856382056 0.5700
0.3874 0.0127 -0.422618261741 0.640856382056 0.640856382056 0.5700
0.3822 0.0127 -0.422618261741 0.784885567221 -0.453153893518 0.5700
0.3801 0.0127 -0.422618261741 0.784885567221 0.453153893518 0.5700
0.3748 0.0127 -0.422618261741 0.875426098066 -0.234569716010 0.5700
0.3777 0.0127 -0.422618261741 0.875426098066 0.234569716010 0.5700
0.3802 0.0127 -0.422618261741 0.906307787037 0.000000000000 0.5700
0.3796 0.0127 -0.342020143326 -0.939692620786 0.000000000000 0.5700
0.3769 0.0127 -0.342020143326 -0.907673371190 -0.243210346802 0.5700
0.3738 0.0127 -0.342020143326 -0.907673371190 0.243210346802 0.5700
0.3795 0.0127 -0.342020143326 -0.813797681349 -0.469846310393 0.5700
0.3817 0.0127 -0.342020143326 -0.813797681349 0.469846310393 0.5700
0.3873 0.0127 -0.342020143326 -0.664463024389 -0.664463024389 0.5700
0.3796 0.0127 -0.342020143326 -0.664463024389 0.664463024389 0.5700
0.3878 0.0127 -0.342020143326 -0.469846310393 -0.813797681349 0.5700
0.3833 0.0127 -0.342020143326 -0.469846310393 0.813797681349 0.5700
0.3836 0.0127 -0.342020143326 -0.243210346802 -0.907673371190 0.5700
0.3785 0.0127 -0.342020143326 -0.243210346802 0.907673371190 0.5700
0.3741 0.0127 -0.342020143326 0.000000000000 -0.939692620786 0.5700
0.3741 0.0127 -0.342020143326 0.000000000000 0.939692620786 0.5700
0.3785 0.0127 -0.342020143326 0.243210346802 -0.907673371190 0.5700
0.3836 0.0127 -0.342020143326 0.243210346802 0.907673371190 0.5700
0.3833 0.0127 -0.342020143326 0.469846310393 -0.813797681349 0.5700
0.3878 0.0127 -0.342020143326 0.469846310393 0.813797681349 0.5700
0.3796 0.0127 -0.342020143326 0.664463024389 -0.664463024389 0.5700
0.3873 0.0127 -0.342020143326 0.664463024389 0.664463024389 0.5700
0.3817 0.0127 -0.342020143326 0.813797681349 -0.469846310393 0.5700
0.3794 0.0127 -0.342020143326 0.813797681349 0.469846310393 0.5700
0.3737 0.0127 -0.342020143326 0.907673371190 -0.243210346802 0.5700
0.3769 0.0127 -0.342020143326 0.907673371190 0.243210346802 0.5700
0.3796 0.0127 -0.342020143326 0.939692620786 0.000000000000 0.5700
0.3791 0.0127 -0.258819045103 -0.965925826289 0.000000000000 0.5700
0.3762 0.0127 -0.258819045103 -0.933012701892 -0.250000000000 0.5700
0.3729 0.0127 -0.258819045103 -0.933012701892 0.250000000000 0.5700
0.3789 0.0127 -0.258819045103 -0.836516303738 -0.482962913145 0.5700
0.3813 0.0127 -0.258819045103 -0.836516303738 0.482962913145 0.5700
0.3872 0.0127 -0.258819045103 -0.683012701892 -0.683012701892 0.5700
0.3791 0.0127 -0.258819045103 -0.683012701892 0.683012701892 0.5700
0.3877 0.0127 -0.258819045103 -0.482962913145 -0.836516303738 0.5700
0.3830 0.0127 -0.258819045103 -0.482962913145 0.836516303738 0.5700
0.3832 0.0127 -0.258819045103 -0.250000000000 -0.933012701892 0.5700
0.3779 0.0127 -0.258819045103 -0.250000000000 0.933012701892 0.5700
0.3733 0.0127 -0.258819045103 -0.000000000000 -0.965925826289 0.5700
0.3733 0.0127 -0.258819045103 0.000000000000 0.965925826289 0.5700
0.3779 0.0127 -0.258819045103 0.250000000000 -0.933012701892 0.5700
0.3832 0.0127 -0.258819045103 0.250000000000 0.933012701892 0.5700
0.3830 0.0127 -0.258819045103 0.482962913145 -0.836516303738 0.5700
0.3877 0.0127 -0.258819045103 0.482962913145 0.836516303738 0.5700
0.3791 0.0127 -0.258819045103 0.683012701892 -0.683012701892 0.5700
0.3872 0.0127 -0.258819045103 0.683012701892 0.683012701892 0.5700
0.3813 0.0127 -0.258819045103 0.836516303738 -0.482962913145 0.5700
0.3789 0.0127 -0.258819045103 0.836516303738 0.482962913145 0.5700
0.3729 0.0127 -0.258819045103 0.933012701892 -0.250000000000 0.5700
0.3762 0.0127 -0.258819045103 0.933012701892 0.250000000000 0.5700
0.3791 0.0127 -0.258819045103 0.965925826289 0.000000000000 0.5700
0.3787 0.0127 -0.173648177667 -0.984807753012 0.000000000000 0.5700
0.3757 0.0127 -0.173648177667 -0.951251242564 -0.254887002244 0.5700
0.3723 0.0127 -0.173648177667 -0.951251242564 0.254887002244 0.5700
0.3785 0.0127 -0.173648177667 -0.852868531952 -0.492403876506 0.5700
0.3810 0.0127 -0.173648177667 -0.852868531952 0.492403876506 0.5700
0.3872 0.0127 -0.173648177667 -0.696364240320 -0.696364240320 0.5700
0.3787 0.0127 -0.173648177667 -0.696364240320 0.696364240320 0.5700
0.3876 0.0127 -0.173648177667 -0.492403876506 -0.852868531952 0.5700
0.3828 0.0127 -0.173648177667 -0.492403876506 0.852868531952 0.5700
0.3830 0.0127 -0.173648177667 -0.254887002244 -0.951251242564 0.5700
0.3775 0.0127 -0.173648177667 -0.254887002244 0.951251242564 0.5700
0.3727 0.0127 -0.173648177667 -0.000000002588 -0.984807753012 0.5700
0.3727 0.0127 -0.173648177667 0.000000000000 0.984807753012 0.5700
0.3775 0.0127 -0.173648177667 0.254887002244 -0.951251242564 0.5700
0.3830 0.0127 -0.173648177667 0.254887002244 0.951251242564 0.5700
0.3828 0.0127 -0.173648177667 0.492403876506 -0.852868531952 0.5700
0.3876 0.0127 -0.173648177667 0.492403876506 0.852868531952 0.5700
0.3787 0.0127 -0.173648177667 0.696364240320 -0.696364240320 0.5700
0.3872 0.0127 -0.173648177667 0.696364240320 0.696364240320 0.5700
0.3810 0.0127 -0.173648177667 0.852868531952 -0.492403876506 0.5700
0.3785 0.0127 -0.173648177667 0.852868531952 0.492403876506 0.5700
0.3723 0.0127 -0.173648177667 0.951251242564 -0.254887002244 0.5700
0.3757 0.0127 -0.173648177667 0.951251242564 0.254887002244 0.5700
0.3787 0.0127 -0.173648177667 0.984807753012 0.000000000000 0.5700
0.3784 0.0127 -0.087155742748 -0.996194698092 0.000000000000 0.5700
0.3754 0.0127 -0.087155742748 -0.962250186899 -0.257834160496 0.5700
0.3719 0.0127 -0.087155742748 -0.962250186899 0.257834160496 0.5700
0.3783 0.0127 -0.087155742748 -0.862729915663 -0.498097349046 0.5700
0.3808 0.0127 -0.087155742748 -0.862729915663 0.498097349046 0.5700
0.3871 0.0127 -0.087155742748 -0.704416026403 -0.704416026403 0.5700
0.3785 0.0127 -0.087155742748 -0.704416026403 0.704416026403 0.5700
0.3876 0.0127 -0.087155742748 -0.498097349046 -0.862729915663 0.5700
0.3826 0.0127 -0.087155742748 -0.498097349046 0.862729915663 0.5700
0.3829 0.0127 -0.087155742748 -0.257834160496 -0.962250186899 0.5700
0.3772 0.0127 -0.087155742748 -0.257834160496 0.962250186899 0.5700
0.3723 0.0127 -0.087155742748 -0.000000001299 -0.996194698092 0.5700
0.3723 0.0127 -0.087155742748 0.000000000000 0.996194698092 0.5700
0.3772 0.0127 -0.087155742748 0.257834160496 -0.962250186899 0.5700
0.3829 0.0127 -0.087155742748 0.257834160496 0.962250186899 0.5700
0.3826 0.0127 -0.087155742748 0.498097349046 -0.862729915663 0.5700
0.3876 0.0127 -0.087155742748 0.498097349046 0.862729915663 0.5700
0.3785 0.0127 -0.087155742748 0.704416026403 -0.704416026403 0.5700
0.3871 0.0127 -0.087155742748 0.704416026403 0.704416026403 0.5700
0.3808 0.0127 -0.087155742748 0.862729915663 -0.498097349046 0.5700
0.3783 0.0127 -0.087155742748 0.862729915663 0.498097349046 0.5700
0.3719 0.0127 -0.087155742748 0.962250186899 -0.257834160496 0.5700
0.3754 0.0127 -0.087155742748 0.962250186899 0.257834160496 0.5700
0.3784 0.0127 -0.087155742748 0.996194698092 0.000000000000 0.5700
0.3784 0.0127 0.000000000000 -1.000000000000 0.000000000000 0.5700
0.3753 0.0127 0.000000000000 -0.965925826289 -0.258819045103 0.5700
0.3717 0.0127 0.000000000000 -0.965925826289 0.258819045103 0.5700
0.3782 0.0127 0.000000000000 -0.866025403784 -0.500000000000 0.5700
0.3807 0.0127 0.000000000000 -0.866025403784 0.500000000000 0.5700
0.3871 0.0127 0.000000000000 -0.707106781187 -0.707106781187 0.5700
0.3784 0.0127 0.000000000000 -0.707106781187 0.707106781187 0.5700
0.3876 0.0127 0.000000000000 -0.500000000000 -0.866025403784 0.5700
0.3826 0.0127 0.000000000000 -0.500000000000 0.866025403784 0.5700
0.3828 0.0127 0.000000000000 -0.258819045103 -0.965925826289 0.5700
0.3771 0.0127 0.000000000000 -0.258819045103 0.965925826289 0.5700
0.3722 0.0127 0.000000000000 0.000000000000 -1.000000000000 0.5700
0.3722 0.0127 -0.000000000000 0.000000000000 1.000000000000 0.5700
0.3771 0.0127 0.000000000000 0.258819045103 -0.965925826289 0.5700
0.3828 0.0127 0.000000000000 0.258819045103 0.965925826289 0.5700
0.3826 0.0127 0.000000000000 0.500000000000 -0.866025403784 0.5700
0.3876 0.0127 0.000000000000 0.500000000000 0.866025403784 0.5700
0.3784 0.0127 0.000000000000 0.707106781187 -0.707106781187 0.5700
0.3871 0.0127 0.000000000000 0.707106781187 0.707106781187 0.5700
0.3807 0.0127 0.000000000000 0.866025403784 -0.500000000000 0.5700
0.3782 0.0127 0.000000000000 0.866025403784 0.500000000000 0.5700
0.3717 0.0127 0.000000000000 0.965925826289 -0.258819045103 0.5700
0.3753 0.0127 0.000000000000 0.965925826289 0.258819045103 0.5700
0.3784 0.0127 0.000000000000 1.000000000000 0.000000000000 0.5700
0.3784 0.0127 0.087155742748 -0.996194698092 0.000000000000 0.5700
0.3754 0.0127 0.087155742748 -0.962250186899 -0.257834160496 0.5700
0.3719 0.0127 0.087155742748 -0.962250186899 0.257834160496 0.5700
0.3783 0.0127 0.087155742748 -0.862729915663 -0.498097349046 0.5700
0.3808 0.0127 0.087155742748 -0.862729915663 0.498097349046 0.5700
0.3871 0.0127 0.087155742748 -0.704416026403 -0.704416026403 0.5700
0.3785 0.0127 0.087155742748 -0.704416026403 0.704416026403 0.5700
0.3876 0.0127 0.087155742748 -0.498097349046 -0.862729915663 0.5700
0.3826 0.0127 0.087155742748 -0.498097349046 0.862729915663 0.5700
0.3829 0.0127 0.087155742748 -0.257834160496 -0.962250186899 0.5700
0.3772 0.0127 0.087155742748 -0.257834160496 0.962250186899 0.5700
0.3723 0.0127 0.087155742748 0.000000000000 -0.996194698092 0.5700
0.3723 0.0127 0.087155742748 0.000000001299 0.996194698092 0.5700
0.3772 0.0127 0.087155742748 0.257834160496 -0.962250186899 0.5700
0.3829 0.0127 0.087155742748 0.257834160496 0.962250186899 0.5700
0.3826 0.0127 0.087155742748 0.498097349046 -0.862729915663 0.5700
0.3876 0.0127 0.087155742748 0.498097349046 0.862729915663 0.5700
0.3785 0.0127 0.087155742748 0.704416026403 -0.704416026403 0.5700
0.3871 0.0127 0.087155742748 0.704416026403 0.704416026403 0.5700
0.3808 0.0127 0.087155742748 0.862729915663 -0.498097349046 0.5700
0.3783 0.0127 0.087155742748 0.862729915663 0.498097349046 0.5700
0.3719 0.0127 0.087155742748 0.962250186899 -0.257834160496 0.5700
0.3754 0.0127 0.087155742748 0.962250186899 0.257834160496 0.5700
0.3784 0.0127 0.087155742748 0.996194698092 0.000000000000 0.5700
0.3787 0.0127 0.173648177667 -0.984807753012 0.000000000000 0.5700
0.3757 0.0127 0.173648177667 -0.951251242564 -0.254887002244 0.5700
0.3723 0.0127 0.173648177667 -0.951251242564 0.254887002244 0.5700
0.3785 0.0127 0.173648177667 -0.852868531952 -0.492403876506 0.5700
0.3810 0.0127 0.173648177667 -0.852868531952 0.492403876506 0.5700
0.3872 0.0127 0.173648177667 -0.696364240320 -0.696364240320 0.5700
0.3787 0.0127 0.173648177667 -0.696364240320 0.696364240320 0.5700
0.3876 0.0127 0.173648177667 -0.492403876506 -0.852868531952 0.5700
0.3828 0.0127 0.173648177667 -0.492403876506 0.852868531952 0.5700
0.3830 0.0127 0.173648177667 -0.254887002244 -0.951251242564 0.5700
0.3775 0.0127 0.173648177667 -0.254887002244 0.951251242564 0.5700
0.3727 0.0127 0.173648177667 0.000000000000 -0.984807753012 0.5700
0.3727 0.0127 0.173648177667 0.000000002588 0.984807753012 0.5700
0.3775 0.0127 0.173648177667 0.254887002244 -0.951251242564 0.5700
0.3830 0.0127 0.173648177667 0.254887002244 0.951251242564 0.5700
0.3828 0.0127 0.173648177667 0.492403876506 -0.852868531952 0.5700
0.3876 0.0127 0.173648177667 0.492403876506 0.852868531952 0.5700
0.3787 0.0127 0.173648177667 0.696364240320 -0.696364240320 0.5700
0.3872 0.0127 0.173648177667 0.696364240320 0.696364240320 0.5700
0.3810 0.0127 0.173648177667 0.852868531952 -0.492403876506 0.5700
0.3785 0.0127 0.173648177667 0.852868531952 0.492403876506 0.5700
0.3723 0.0127 0.173648177667 0.951251242564 -0.254887002244 0.5700
0.3757 0.0127 0.173648177667 0.951251242564 0.254887002244 0.5700
0.3787 0.0127 0.173648177667 0.984807753012 0.000000000000 0.5700
0.3791 0.0127 0.258819045103 -0.965925826289 0.000000000000 0.5700
0.3762 0.0127 0.258819045103 -0.933012701892 -0.250000000000 0.5700
0.3729 0.0127 0.258819045103 -0.933012701892 0.250000000000 0.5700
0.3789 0.0127 0.258819045103 -0.836516303738 -0.482962913145 0.5700
0.3813 0.0127 0.258819045103 -0.836516303738 0.482962913145 0.5700
0.3872 0.0127 0.258819045103 -0.683012701892 -0.683012701892 0.5700
0.3791 0.0127 0.258819045103 -0.683012701892 0.683012701892 0.5700
0.3877 0.0127 0.258819045103 -0.482962913145 -0.836516303738 0.5700
0.3830 0.0127 0.258819045103 -0.482962913145 0.836516303738 0.5700
0.3832 0.0127 0.258819045103 -0.250000000000 -0.933012701892 0.5700
0.3779 0.0127 0.258819045103 -0.250000000000 0.933012701892 0.5700
0.3733 0.0127 0.258819045103 0.000000000000 -0.965925826289 0.5700
0.3733 0.0127 0.258819045103 0.000000000000 0.965925826289 0.5700
0.3779 0.0127 0.258819045103 0.250000000000 -0.933012701892 0.5700
0.3832 0.0127 0.258819045103 0.250000000000 0.933012701892 0.5700
0.3830 0.0127 0.258819045103 0.482962913145 -0.836516303738 0.5700
0.3877 0.0127 0.258819045103 0.482962913145 0.836516303738 0.5700
0.3791 0.0127 0.258819045103 0.683012701892 -0.683012701892 0.5700
0.3872 0.0127 0.258819045103 0.683012701892 0.683012701892 0.5700
0.3813 0.0127 0.258819045103 0.836516303738 -0.482962913145 0.5700
0.3789 0.0127 0.258819045103 0.836516303738 0.482962913145 0.5700
0.3729 0.0127 0.258819045103 0.933012701892 -0.250000000000 0.5700
0.3762 0.0127 0.258819045103 0.933012701892 0.250000000000 0.5700
0.3791 0.0127 0.258819045103 0.965925826289 0.000000000000 0.5700
0.3796 0.0127 0.342020143326 -0.939692620786 0.000000000000 0.5700
0.3769 0.0127 0.342020143326 -0.907673371190 -0.243210346802 0.5700
0.3737 0.0127 0.342020143326 -0.907673371190 0.243210346802 0.5700
0.3794 0.0127 0.342020143326 -0.813797681349 -0.469846310393 0.5700
0.3817 0.0127 0.342020143326 -0.813797681349 0.469846310393 0.5700
0.3873 0.0127 0.342020143326 -0.664463024389 -0.664463024389 0.5700
0.3796 0.0127 0.342020143326 -0.664463024389 0.664463024389 0.5700
0.3878 0.0127 0.342020143326 -0.469846310393 -0.813797681349 0.5700
0.3833 0.0127 0.342020143326 -0.469846310393 0.813797681349 0.5700
0.3836 0.0127 0.342020143326 -0.243210346802 -0.907673371190 0.5700
0.3785 0.0127 0.342020143326 -0.243210346802 0.907673371190 0.5700
0.3741 0.0127 0.342020143326 0.000000000000 -0.939692620786 0.5700
0.3741 0.0127 0.342020143326 0.000000000000 0.939692620786 0.5700
0.3785 0.0127 0.342020143326 0.243210346802 -0.907673371190 0.5700
0.3836 0.0127 0.342020143326 0.243210346802 0.907673371190 0.5700
0.3833 0.0127 0.342020143326 0.469846310393 -0.813797681349 0.5700
0.3878 0.0127 0.342020143326 0.469846310393 0.813797681349 0.5700
0.3796 0.0127 0.342020143326 0.664463024389 -0.664463024389 0.5700
0.3873 0.0127 0.342020143326 0.664463024389 0.664463024389 0.5700
0.3817 0.0127 0.342020143326 0.813797681349 -0.469846310393 0.5700
0.3795 0.0127 0.342020143326 0.813797681349 0.469846310393 0.5700
0.3738 0.0127 0.342020143326 0.907673371190 -0.243210346802 0.5700
0.3769 0.0127 0.342020143326 0.907673371190 0.243210346802 0.5700
0.3796 0.0127 0.342020143326 0.939692620786 0.000000000000 0.5700
0.3802 0.0127 0.422618261741 -0.906307787037 0.000000000000 0.5700
0.3777 0.0127 0.422618261741 -0.875426098066 -0.234569716010 0.5700
0.3748 0.0127 0.422618261741 -0.875426098066 0.234569716010 0.5700
0.3801 0.0127 0.422618261741 -0.784885567221 -0.453153893518 0.5700
0.3822 0.0127 0.422618261741 -0.784885567221 0.453153893518 0.5700
0.3874 0.0127 0.422618261741 -0.640856382056 -0.640856382056 0.5700
0.3803 0.0127 0.422618261741 -0.640856382056 0.640856382056 0.5700
0.3878 0.0127 0.422618261741 -0.453153893518 -0.784885567221 0.5700
0.3837 0.0127 0.422618261741 -0.453153893518 0.784885567221 0.5700
0.3839 0.0127 0.422618261741 -0.234569716010 -0.875426098066 0.5700
0.3792 0.0127 0.422618261741 -0.234569716010 0.875426098066 0.5700
0.3751 0.0127 0.422618261741 0.000000000000 -0.906307787037 0.5700
0.3752 0.0127 0.422618261741 0.000000000000 0.906307787037 0.5700
0.3792 0.0127 0.422618261741 0.234569716010 -0.875426098066 0.5700
0.3839 0.0127 0.422618261741 0.234569716010 0.875426098066 0.5700
0.3837 0.0127 0.422618261741 0.453153893518 -0.784885567221 0.5700
0.3878 0.0127 0.422618261741 0.453153893518 0.784885567221 0.5700
0.3803 0.0127 0.422618261741 0.640856382056 -0.640856382056 0.5700
0.3874 0.0127 0.422618261741 0.640856382056 0.640856382056 0.5700
0.3822 0.0127 0.422618261741 0.784885567221 -0.453153893518 0.5700
0.3801 0.0127 0.422618261741 0.784885567221 0.453153893518 0.5700
0.3748 0.0127 0.422618261741 0.875426098066 -0.234569716010 0.5700
0.3777 0.0127 0.422618261741 0.875426098066 0.234569716010 0.5700
0.3803 0.0127 0.422618261741 0.906307787037 0.000000000000 0.5700
0.3810 0.0127 0.500000000000 -0.866025403784 0.000000000000 0.5700
0.3787 0.0127 0.500000000000 -0.836516303738 -0.224143868042 0.5700
0.3760 0.0127 0.500000000000 -0.836516303738 0.224143868042 0.5700
0.3809 0.0127 0.500000000000 -0.750000000000 -0.433012701892 0.5700
0.3828 0.0127 0.500000000000 -0.750000000000 0.433012701892 0.5700
0.3876 0.0127 0.500000000000 -0.612372435696 -0.612372435696 0.5700
0.3810 0.0127 0.500000000000 -0.612372435696 0.612372435696 0.5700
0.3879 0.0127 0.500000000000 -0.433012701892 -0.750000000000 0.5700
0.3842 0.0127 0.500000000000 -0.433012701892 0.750000000000 0.5700
0.3844 0.0127 0.500000000000 -0.224143868042 -0.836516303738 0.5700
0.3801 0.0127 0.500000000000 -0.224143868042 0.836516303738 0.5700
0.3763 0.0127 0.500000000000 0.000000000000 -0.866025403784 0.5700
0.3764 0.0127 0.500000000000 0.000000000000 0.866025403784 0.5700
0.3801 0.0127 0.500000000000 0.224143868042 -0.836516303738 0.5700
0.3844 0.0127 0.500000000000 0.224143868042 0.836516303738 0.5700
0.3842 0.0127 0.500000000000 0.433012701892 -0.750000000000 0.5700
0.3879 0.0127 0.500000000000 0.433012701892 0.750000000000 0.5700
0.3810 0.0127 0.500000000000 0.612372435696 -0.612372435696 0.5700
0.3876 0.0127 0.500000000000 0.612372435696 0.612372435696 0.5700
0.3828 0.0127 0.500000000000 0.750000000000 -0.433012701892 0.5700
0.3809 0.0127 0.500000000000 0.750000000000 0.433012701892 0.5700
0.3761 0.0127 0.500000000000 0.836516303738 -0.224143868042 0.5700
0.3787 0.0127 0.500000000000 0.836516303738 0.224143868042 0.5700
0.3810 0.0127 0.500000000000 0.866025403784 0.000000000000 0.5700
0.3818 0.0127 0.573576436351 -0.819152044289 0.000000000000 0.5700
0.3798 0.0127 0.573576436351 -0.791240115236 -0.212012149897 0.5700
0.3774 0.0127 0.573576436351 -0.791240115236 0.212012149897 0.5700
0.3817 0.0127 0.573576436351 -0.709406479916 -0.409576022144 0.5700
0.3834 0.0127 0.573576436351 -0.709406479916 0.409576022144 0.5700
0.3877 0.0127 0.573576436351 -0.579227965340 -0.579227965340 0.5700
0.3819 0.0127 0.573576436351 -0.579227965340 0.579227965340 0.5700
0.3881 0.0127 0.573576436351 -0.409576022144 -0.709406479916 0.5700
0.3847 0.0127 0.573576436351 -0.409576022144 0.709406479916 0.5700
0.3849 0.0127 0.573576436351 -0.212012149897 -0.791240115236 0.5700
0.3810 0.0127 0.573576436351 -0.212012149897 0.791240115236 0.5700
0.3777 0.0127 0.573576436351 0.000000000000 -0.819152044289 0.5700
0.3777 0.0127 0.573576436351 0.000000000000 0.819152044289 0.5700
0.3810 0.0127 0.573576436351 0.212012149897 -0.791240115236 0.5700
0.3849 0.0127 0.573576436351 0.212012149897 0.791240115236 0.5700
0.3847 0.0127 0.573576436351 0.409576022144 -0.709406479916 0.5700
0.3881 0.0127 0.573576436351 0.409576022144 0.709406479916 0.5700
0.3819 0.0127 0.573576436351 0.579227965340 -0.579227965340 0.5700
0.3877 0.0127 0.573576436351 0.579227965340 0.579227965340 0.5700
0.3835 0.0127 0.573576436351 0.709406479916 -0.409576022144 0.5700
0.3817 0.0127 0.573576436351 0.709406479916 0.409576022144 0.5700
0.3774 0.0127 0.573576436351 0.791240115236 -0.212012149897 0.5700
0.3798 0.0127 0.573576436351 0.791240115236 0.212012149897 0.5700
0.3819 0.0127 0.573576436351 0.819152044289 0.000000000000 0.5700
0.3827 0.0127 0.642787609687 -0.766044443119 0.000000000000 0.5700
0.3810 0.0127 0.642787609687 -0.739942111694 -0.198266891274 0.5700
0.3788 0.0127 0.642787609687 -0.739942111694 0.198266891274 0.5700
0.3827 0.0127 0.642787609687 -0.663413948169 -0.383022221559 0.5700
0.3841 0.0127 0.642787609687 -0.663413948169 0.383022221559 0.5700
0.3879 0.0127 0.642787609687 -0.541675220420 -0.541675220420 0.5700
0.3828 0.0127 0.642787609687 -0.541675220420 0.541675220420 0.5700
0.3882 0.0127 0.642787609687 -0.383022221559 -0.663413948169 0.5700
0.3852 0.0127 0.642787609687 -0.383022221559 0.663413948169 0.5700
0.3854 0.0127 0.642787609687 -0.198266891274 -0.739942111694 0.5700
0.3820 0.0127 0.642787609687 -0.198266891274 0.739942111694 0.5700
0.3791 0.0127 0.642787609687 -0.000000009578 -0.766044443119 0.5700
0.3791 0.0127 0.642787609687 0.000000000000 0.766044443119 0.5700
0.3820 0.0127 0.642787609687 0.198266891274 -0.739942111694 0.5700
0.3854 0.0127 0.642787609687 0.198266891274 0.739942111694 0.5700
0.3852 0.0127 0.642787609687 0.383022221559 -0.663413948169 0.5700
0.3882 0.0127 0.642787609687 0.383022221559 0.663413948169 0.5700
0.3828 0.0127 0.642787609687 0.541675220420 -0.541675220420 0.5700
0.3879 0.0127 0.642787609687 0.541675220420 0.541675220420 0.5700
0.3842 0.0127 0.642787609687 0.663413948169 -0.383022221559 0.5700
0.3827 0.0127 0.642787609687 0.663413948169 0.383022221559 0.5700
0.3789 0.0127 0.642787609687 0.739942111694 -0.198266891274 0.5700
0.3809 0.0127 0.642787609687 0.739942111694 0.198266891274 0.5700
0.3828 0.0127 0.642787609687 0.766044443119 0.000000000000 0.5700
0.3837 0.0127 0.707106781187 -0.707106781187 0.000000000000 0.5700
0.3822 0.0127 0.707106781187 -0.683012701892 -0.183012701892 0.5700
0.3803 0.0127 0.707106781187 -0.683012701892 0.183012701892 0.5700
0.3836 0.0127 0.707106781187 -0.612372435696 -0.353553390593 0.5700
0.3849 0.0127 0.707106781187 -0.612372435696 0.353553390593 0.5700
0.3881 0.0127 0.707106781187 -0.500000000000 -0.500000000000 0.5700
0.3837 0.0127 0.707106781187 -0.500000000000 0.500000000000 0.5700
0.3883 0.0127 0.707106781187 -0.353553390593 -0.612372435696 0.5700
0.3858 0.0127 0.707106781187 -0.353553390593 0.612372435696 0.5700
0.3859 0.0127 0.707106781187 -0.183012701892 -0.683012701892 0.5700
0.3830 0.0127 0.707106781187 -0.183012701892 0.683012701892 0.5700
0.3806 0.0127 0.707106781187 -0.000000010537 0.707106781187 0.5700
0.3806 0.0127 0.707106781187 0.000000000000 -0.707106781187 0.5700
0.3831 0.0127 0.707106781187 0.183012701892 -0.683012701892 0.5700
0.3859 0.0127 0.707106781187 0.183012701892 0.683012701892 0.5700
0.3858 0.0127 0.707106781187 0.353553390593 -0.612372435696 0.5700
0.3883 0.0127 0.707106781187 0.353553390593 0.612372435696 0.5700
0.3837 0.0127 0.707106781187 0.500000000000 -0.500000000000 0.5700
0.3881 0.0127 0.707106781187 0.500000000000 0.500000000000 0.5700
0.3849 0.0127 0.707106781187 0.612372435696 -0.353553390593 0.5700
0.3836 0.0127 0.707106781187 0.612372435696 0.353553390593 0.5700
0.3804 0.0127 0.707106781187 0.683012701892 -0.183012701892 0.5700
0.3821 0.0127 0.707106781187 0.683012701892 0.183012701892 0.5700
0.3837 0.0127 0.707106781187 0.707106781187 0.000000000000 0.5700
0.3846 0.0127 0.766044443119 -0.642787609687 0.000000000000 0.5700
0.3833 0.0127 0.766044443119 -0.620885153015 -0.166365675343 0.5700
0.3818 0.0127 0.766044443119 -0.620885153015 0.166365675343 0.5700
0.3845 0.0127 0.766044443119 -0.556670399226 -0.321393804843 0.5700
0.3856 0.0127 0.766044443119 -0.556670399226 0.321393804843 0.5700
0.3882 0.0127 0.766044443119 -0.454519477672 -0.454519477672 0.5700
0.3846 0.0127 0.766044443119 -0.454519477672 0.454519477672 0.5700
0.3884 0.0127 0.766044443119 -0.321393804843 -0.556670399226 0.5700
0.3863 0.0127 0.766044443119 -0.321393804843 0.556670399226 0.5700
0.3865 0.0127 0.766044443119 -0.166365675343 -0.620885153015 0.5700
0.3841 0.0127 0.766044443119 -0.166365675343 0.620885153015 0.5700
0.3820 0.0127 0.766044443119 0.000000000000 -0.642787609687 0.5700
0.3821 0.0127 0.766044443119 0.000000000000 0.642787609687 0.5700
0.3841 0.0127 0.766044443119 0.166365675343 -0.620885153015 0.5700
0.3864 0.0127 0.766044443119 0.166365675343 0.620885153015 0.5700
0.3863 0.0127 0.766044443119 0.321393804843 -0.556670399226 0.5700
0.3884 0.0127 0.766044443119 0.321393804843 0.556670399226 0.5700
0.3846 0.0127 0.766044443119 0.454519477672 -0.454519477672 0.5700
0.3882 0.0127 0.766044443119 0.454519477672 0.454519477672 0.5700
0.3856 0.0127 0.766044443119 0.556670399226 -0.321393804843 0.5700
0.3845 0.0127 0.766044443119 0.556670399226 0.321393804843 0.5700
0.3819 0.0127 0.766044443119 0.620885153015 -0.166365675343 0.5700
0.3833 0.0127 0.766044443119 0.620885153015 0.166365675343 0.5700
0.3846 0.0127 0.766044443119 0.642787609687 0.000000000000 0.5700
0.3855 0.0127 0.819152044289 -0.573576436351 0.000000000000 0.5700
0.3845 0.0127 0.819152044289 -0.554032293222 -0.148452505550 0.5700
0.3833 0.0127 0.819152044289 -0.554032293222 0.148452505550 0.5700
0.3854 0.0127 0.819152044289 -0.496731764892 -0.286788218176 0.5700
0.3863 0.0127 0.819152044289 -0.496731764892 0.286788218176 0.5700
0.3884 0.0127 0.819152044289 -0.405579787673 -0.405579787673 0.5700
0.3855 0.0127 0.819152044289 -0.405579787673 0.405579787673 0.5700
0.3885 0.0127 0.819152044289 -0.286788218176 -0.496731764892 0.5700
0.3869 0.0127 0.819152044289 -0.286788218176 0.496731764892 0.5700
0.3870 0.0127 0.819152044289 -0.148452505550 -0.554032293222 0.5700
0.3851 0.0127 0.819152044289 -0.148452505550 0.554032293222 0.5700
0.3834 0.0127 0.819152044289 0.000000000000 -0.573576436351 0.5700
0.3835 0.0127 0.819152044289 0.000000000000 0.573576436351 0.5700
0.3851 0.0127 0.819152044289 0.148452505550 -0.554032293222 0.5700
0.3870 0.0127 0.819152044289 0.148452505550 0.554032293222 0.5700
0.3869 0.0127 0.819152044289 0.286788218176 -0.496731764892 0.5700
0.3885 0.0127 0.819152044289 0.286788218176 0.496731764892 0.5700
0.3855 0.0127 0.819152044289 0.405579787673 -0.405579787673 0.5700
0.3884 0.0127 0.819152044289 0.405579787673 0.405579787673 0.5700
0.3863 0.0127 0.819152044289 0.496731764892 -0.286788218176 0.5700
0.3854 0.0127 0.819152044289 0.496731764892 0.286788218176 0.5700
0.3833 0.0127 0.819152044289 0.554032293222 -0.148452505550 0.5700
0.3845 0.0127 0.819152044289 0.554032293222 0.148452505550 0.5700
0.3855 0.0127 0.819152044289 0.573576436351 0.000000000000 0.5700
0.3863 0.0127 0.866025403784 -0.500000000000 0.000000000000 0.5700
0.3856 0.0127 0.866025403784 -0.482962913145 -0.129409522551 0.5700
0.3847 0.0127 0.866025403784 -0.482962913145 0.129409522551 0.5700
0.3863 0.0127 0.866025403784 -0.433012701892 -0.250000000000 0.5700
0.3869 0.0127 0.866025403784 -0.433012701892 0.250000000000 0.5700
0.3885 0.0127 0.866025403784 -0.353553390593 -0.353553390593 0.5700
0.3864 0.0127 0.866025403784 -0.353553390593 0.353553390593 0.5700
0.3887 0.0127 0.866025403784 -0.250000000000 -0.433012701892 0.5700
0.3874 0.0127 0.866025403784 -0.250000000000 0.433012701892 0.5700
0.3875 0.0127 0.866025403784 -0.129409522551 -0.482962913145 0.5700
0.3860 0.0127 0.866025403784 -0.129409522551 0.482962913145 0.5700
0.3848 0.0127 0.866025403784 -0.000000012905 0.500000000000 0.5700
0.3848 0.0127 0.866025403784 0.000000000000 -0.500000000000 0.5700
0.3860 0.0127 0.866025403784 0.129409522551 -0.482962913145 0.5700
0.3875 0.0127 0.866025403784 0.129409522551 0.482962913145 0.5700
0.3874 0.0127 0.866025403784 0.250000000000 -0.433012701892 0.5700
0.3887 0.0127 0.866025403784 0.250000000000 0.433012701892 0.5700
0.3863 0.0127 0.866025403784 0.353553390593 -0.353553390593 0.5700
0.3885 0.0127 0.866025403784 0.353553390593 0.353553390593 0.5700
0.3869 0.0127 0.866025403784 0.433012701892 -0.250000000000 0.5700
0.3863 0.0127 0.866025403784 0.433012701892 0.250000000000 0.5700
0.3847 0.0127 0.866025403784 0.482962913145 -0.129409522551 0.5700
0.3855 0.0127 0.866025403784 0.482962913145 0.129409522551 0.5700
0.3864 0.0127 0.866025403784 0.500000000000 0.000000000000 0.5700
0.3871 0.0127 0.906307787037 -0.422618261741 0.000000000000 0.5700
0.3866 0.0127 0.906307787037 -0.408217893677 -0.109381654947 0.5700
0.3859 0.0127 0.906307787037 -0.408217893677 0.109381654947 0.5700
0.3871 0.0127 0.906307787037 -0.365998150771 -0.211309130870 0.5700
0.3875 0.0127 0.906307787037 -0.365998150771 0.211309130870 0.5700
0.3887 0.0127 0.906307787037 -0.298836238730 -0.298836238730 0.5700
0.3871 0.0127 0.906307787037 -0.298836238730 0.298836238730 0.5700
0.3888 0.0127 0.906307787037 -0.211309130870 -0.365998150771 0.5700
0.3879 0.0127 0.906307787037 -0.211309130870 0.365998150771 0.5700
0.3879 0.0127 0.906307787037 -0.109381654947 -0.408217893677 0.5700
0.3869 0.0127 0.906307787037 -0.109381654947 0.408217893677 0.5700
0.3860 0.0127 0.906307787037 -0.000000013505 0.422618261741 0.5700
0.3860 0.0127 0.906307787037 0.000000000000 -0.422618261741 0.5700
0.3869 0.0127 0.906307787037 0.109381654947 -0.408217893677 0.5700
0.3879 0.0127 0.906307787037 0.109381654947 0.408217893677 0.5700
0.3878 0.0127 0.906307787037 0.211309130870 -0.365998150771 0.5700
0.3888 0.0127 0.906307787037 0.211309130870 0.365998150771 0.5700
0.3871 0.0127 0.906307787037 0.298836238730 -0.298836238730 0.5700
0.3887 0.0127 0.906307787037 0.298836238730 0.298836238730 0.5700
0.3875 0.0127 0.906307787037 0.365998150771 -0.211309130870 0.5700
0.3871 0.0127 0.906307787037 0.365998150771 0.211309130870 0.5700
0.3859 0.0127 0.906307787037 0.408217893677 -0.109381654947 0.5700
0.3865 0.0127 0.906307787037 0.408217893677 0.109381654947 0.5700
0.3871 0.0127 0.906307787037 0.422618261741 0.000000000000 0.5700
0.3877 0.0127 0.939692620786 -0.342020143326 0.000000000000 0.5700
0.3874 0.0127 0.939692620786 -0.330366089549 -0.088521326901 0.5700
0.3870 0.0127 0.939692620786 -0.330366089549 0.088521326901 0.5700
0.3877 0.0127 0.939692620786 -0.296198132726 -0.171010071663 0.5700
0.3880 0.0127 0.939692620786 -0.296198132726 0.171010071663 0.5700
0.3888 0.0127 0.939692620786 -0.241844762648 -0.241844762648 0.5700
0.3878 0.0127 0.939692620786 -0.241844762648 0.241844762648 0.5700
0.3888 0.0127 0.939692620786 -0.171010071663 -0.296198132726 0.5700
0.3883 0.0127 0.939692620786 -0.171010071663 0.296198132726 0.5700
0.3883 0.0127 0.939692620786 -0.088521326901 -0.330366089549 0.5700
0.3876 0.0127 0.939692620786 -0.088521326901 0.330366089549 0.5700
0.3870 0.0127 0.939692620786 0.000000000000 -0.342020143326 0.5700
0.3870 0.0127 0.939692620786 0.000000000000 0.342020143326 0.5700
0.3876 0.0127 0.939692620786 0.088521326901 -0.330366089549 0.5700
0.3883 0.0127 0.939692620786 0.088521326901 0.330366089549 0.5700
0.3882 0.0127 0.939692620786 0.171010071663 -0.296198132726 0.5700
0.3888 0.0127 0.939692620786 0.171010071663 0.296198132726 0.5700
0.3878 0.0127 0.939692620786 0.241844762648 -0.241844762648 0.5700
0.3888 0.0127 0.939692620786 0.241844762648 0.241844762648 0.5700
0.3880 0.0127 0.939692620786 0.296198132726 -0.171010071663 0.5700
0.3877 0.0127 0.939692620786 0.296198132726 0.171010071663 0.5700
0.3870 0.0127 0.939692620786 0.330366089549 -0.088521326901 0.5700
0.3874 0.0127 0.939692620786 0.330366089549 0.088521326901 0.5700
0.3878 0.0127 0.939692620786 0.342020143326 0.000000000000 0.5700
0.3883 0.0127 0.965925826289 -0.258819045103 0.000000000000 0.5700
0.3881 0.0127 0.965925826289 -0.250000000000 -0.066987298108 0.5700
0.3878 0.0127 0.965925826289 -0.250000000000 0.066987298108 0.5700
0.3883 0.0127 0.965925826289 -0.224143868042 -0.129409522551 0.5700
0.3884 0.0127 0.965925826289 -0.224143868042 0.129409522551 0.5700
0.3889 0.0127 0.965925826289 -0.183012701892 -0.183012701892 0.5700
0.3883 0.0127 0.965925826289 -0.183012701892 0.183012701892 0.5700
0.3889 0.0127 0.965925826289 -0.129409522551 -0.224143868042 0.5700
0.3886 0.0127 0.965925826289 -0.129409522551 0.224143868042 0.5700
0.3886 0.0127 0.965925826289 -0.066987298108 -0.250000000000 0.5700
0.3882 0.0127 0.965925826289 -0.066987298108 0.250000000000 0.5700
0.3879 0.0127 0.965925826289 0.000000000000 -0.258819045103 0.5700
0.3879 0.0127 0.965925826289 0.000000000000 0.258819045103 0.5700
0.3882 0.0127 0.965925826289 0.066987298108 -0.250000000000 0.5700
0.3886 0.0127 0.965925826289 0.066987298108 0.250000000000 0.5700
0.3886 0.0127 0.965925826289 0.129409522551 -0.224143868042 0.5700
0.3889 0.0127 0.965925826289 0.129409522551 0.224143868042 0.5700
0.3883 0.0127 0.965925826289 0.183012701892 -0.183012701892 0.5700
0.3889 0.0127 0.965925826289 0.183012701892 0.183012701892 0.5700
0.3885 0.0127 0.965925826289 0.224143868042 -0.129409522551 0.5700
0.3883 0.0127 0.965925826289 0.224143868042 0.129409522551 0.5700
0.3879 0.0127 0.965925826289 0.250000000000 -0.066987298108 0.5700
0.3881 0.0127 0.965925826289 0.250000000000 0.066987298108 0.5700
0.3883 0.0127 0.965925826289 0.258819045103 0.000000000000 0.5700
0.3887 0.0127 0.984807753012 -0.173648177667 0.000000000000 0.5700
0.3886 0.0127 0.984807753012 -0.167731259497 -0.044943455528 0.5700
0.3885 0.0127 0.984807753012 -0.167731259497 0.044943455528 0.5700
0.3887 0.0127 0.984807753012 -0.150383733180 -0.086824088833 0.5700
0.3887 0.0127 0.984807753012 -0.150383733180 0.086824088833 0.5700
0.3889 0.0127 0.984807753012 -0.122787803969 -0.122787803969 0.5700
0.3887 0.0127 0.984807753012 -0.122787803969 0.122787803969 0.5700
0.3890 0.0127 0.984807753012 -0.086824088833 -0.150383733180 0.5700
0.3888 0.0127 0.984807753012 -0.086824088833 0.150383733180 0.5700
0.3888 0.0127 0.984807753012 -0.044943455528 -0.167731259497 0.5700
0.3886 0.0127 0.984807753012 -0.044943455528 0.167731259497 0.5700
0.3885 0.0127 0.984807753012 -0.000000014675 0.173648177667 0.5700
0.3885 0.0127 0.984807753012 0.000000000000 -0.173648177667 0.5700
0.3886 0.0127 0.984807753012 0.044943455528 -0.167731259497 0.5700
0.3888 0.0127 0.984807753012 0.044943455528 0.167731259497 0.5700
0.3888 0.0127 0.984807753012 0.086824088833 -0.150383733180 0.5700
0.3890 0.0127 0.984807753012 0.086824088833 0.150383733180 0.5700
0.3887 0.0127 0.984807753012 0.122787803969 -0.122787803969 0.5700
0.3889 0.0127 0.984807753012 0.122787803969 0.122787803969 0.5700
0.3888 0.0127 0.984807753012 0.150383733180 -0.086824088833 0.5700
0.3887 0.0127 0.984807753012 0.150383733180 0.086824088833 0.5700
0.3885 0.0127 0.984807753012 0.167731259497 -0.044943455528 0.5700
0.3886 0.0127 0.984807753012 0.167731259497 0.044943455528 0.5700
0.3887 0.0127 0.984807753012 0.173648177667 0.000000000000 0.5700
0.3889 0.0127 0.996194698092 -0.087155742748 0.000000000000 0.5700
0.3889 0.0127 0.996194698092 -0.084185982829 -0.022557566113 0.5700
0.3889 0.0127 0.996194698092 -0.084185982829 0.022557566113 0.5700
0.3889 0.0127 0.996194698092 -0.075479087305 -0.043577871374 0.5700
0.3889 0.0127 0.996194698092 -0.075479087305 0.043577871374 0.5700
0.3890 0.0127 0.996194698092 -0.061628416716 -0.061628416716 0.5700
0.3889 0.0127 0.996194698092 -0.061628416716 0.061628416716 0.5700
0.3890 0.0127 0.996194698092 -0.043577871374 -0.075479087305 0.5700
0.3890 0.0127 0.996194698092 -0.043577871374 0.075479087305 0.5700
0.3890 0.0127 0.996194698092 -0.022557566113 -0.084185982829 0.5700
0.3889 0.0127 0.996194698092 -0.022557566113 0.084185982829 0.5700
0.3889 0.0127 0.996194698092 0.000000000000 -0.087155742748 0.5700
0.3889 0.0127 0.996194698092 0.000000000000 0.087155742748 0.5700
0.3889 0.0127 0.996194698092 0.022557566113 -0.084185982829 0.5700
0.3890 0.0127 0.996194698092 0.022557566113 0.084185982829 0.5700
0.3890 0.0127 0.996194698092 0.043577871374 -0.075479087305 0.5700
0.3890 0.0127 0.996194698092 0.043577871374 0.075479087305 0.5700
0.3889 0.0127 0.996194698092 0.061628416716 -0.061628416716 0.5700
0.3890 0.0127 0.996194698092 0.061628416716 0.061628416716 0.5700
0.3889 0.0127 0.996194698092 0.075479087305 -0.043577871374 0.5700
0.3889 0.0127 0.996194698092 0.075479087305 0.043577871374 0.5700
0.3889 0.0127 0.996194698092 0.084185982829 -0.022557566113 0.5700
0.3889 0.0127 0.996194698092 0.084185982829 0.022557566113 0.5700
0.3889 0.0127 0.996194698092 0.087155742748 0.000000000000 0.5700
0.3890 0.0127 1.000000000000 0.000000000000 0.000000000000 0.5700
